OBJECTID,DISTRICT,RTE,RTE_SFX,CNTY,PM_PFX,PM,PM_SFX,DESCRIPTION,longitude,latitude,AADT,peak_hour_volume,peak_month_adt,direction,RouteType,route_type_matched,percentile,district_rank
3244,1,101,,HUM,,88.272,,"ARCATA, JCT. RTE. 299 EAST",-124.08318784848986,40.89730254429791,44000.0,4500,46500,Back,US,True,58.86178236108973,1
3240,1,101,,HUM,,86.501,,"ARCATA, 14TH STREET",-124.08221140762376,40.87234638130974,42000.0,4500,43000,Back,US,True,57.99984608280745,2
3234,1,101,,HUM,,83.92,,"ARCATA, BAYSIDE ROAD",-124.08180665280791,40.83502317424606,38000.0,4000,40500,Ahead,US,True,56.148991842388796,3
3242,1,101,,HUM,,86.942,,"ARCATA, SUNSET AVENUE",-124.08215009670732,40.878710591798026,37700.0,4250,41000,Ahead,US,True,55.96429121132831,4
3234,1,101,,HUM,,83.92,,"ARCATA, BAYSIDE ROAD",-124.08180665280791,40.83502317424606,37500.0,4300,40500,Back,US,True,55.85654917654303,5
3238,1,101,,HUM,,85.83,,"ARCATA, JCT. RTE. 255 SOUTH",-124.08261976558225,40.86262781318026,37500.0,4500,43000,Ahead,US,True,55.85654917654303,5
3236,1,101,,HUM,,85.03,,"ARCATA, G STREET EXTENSION",-124.08179371796614,40.85103277293386,37010.0,4100,39000,Back,US,True,55.74111128213022,7
3230,1,101,,HUM,,80.84,,"EUREKA, AIRPORT ROAD",-124.12247725117065,40.80554836070507,37000.0,4000,39000,Ahead,US,True,55.641065106972455,8
3232,1,101,,HUM,,82.68,,INDIANOLA ROAD,-124.0931412537031,40.820349130582365,36500.0,4100,38000,Back,US,True,55.46406033553948,9
3244,1,101,,HUM,,88.272,,"ARCATA, JCT. RTE. 299 EAST",-124.08318784848986,40.89730254429791,36500.0,3600,38000,Ahead,US,True,55.46406033553948,9
3230,1,101,,HUM,,80.84,,"EUREKA, AIRPORT ROAD",-124.12247725117065,40.80554836070507,36000.0,4100,38000,Back,US,True,55.256272125596425,11
3228,1,101,,HUM,,80.26,,"EUREKA, COLE AVENUE",-124.13340242331557,40.805180877556516,36000.0,4000,38000,Ahead,US,True,55.256272125596425,11
3220,1,101,,HUM,,79.06,L,"EUREKA, ON FOURTH STREET AT MYRTLE AVENUE, LEFT ALIGN",-124.15580946436674,40.804259387158176,35690.0,3750,37500,Back,US,True,55.11005079267354,13
3221,1,101,,HUM,,79.126,R,"EUREKA, ON FIFTH STREET AT MYRTLE AVENUE, RIGHT ALIGN",-124.15441685738573,40.803602125331054,35660.0,3600,37500,Back,US,True,55.102354933046016,14
3242,1,101,,HUM,,86.942,,"ARCATA, SUNSET AVENUE",-124.08215009670732,40.878710591798026,35500.0,3900,37500,Back,US,True,54.98306910881946,15
3240,1,101,,HUM,,86.501,,"ARCATA, 14TH STREET",-124.08221140762376,40.87234638130974,35500.0,3900,37500,Ahead,US,True,54.98306910881946,15
3224,1,101,,HUM,,79.574,,"EUREKA, END SOUTHBOUND COUPLET 1100 FEET WEST OF EUREKA SLOUGH BRIDGE",-124.14608648331203,40.804061544274404,35000.0,3400,36500,Ahead,US,True,54.71371402185624,17
3128,1,101,,HUM,R,90.134,,JCT. RTE. 200 EAST,-124.09858583394403,40.92110284212044,34000.0,3700,37500,Back,US,True,54.14422040941973,18
3246,1,101,,HUM,,88.803,,"ARCATA, GUINTOLI LANE",-124.0867690542352,40.90447316464885,34000.0,3600,36500,Back,US,True,54.14422040941973,18
3246,1,101,,HUM,,88.803,,"ARCATA, GUINTOLI LANE",-124.0867690542352,40.90447316464885,34000.0,3700,37500,Ahead,US,True,54.14422040941973,18
3238,1,101,,HUM,,85.83,,"ARCATA, JCT. RTE. 255 SOUTH",-124.08261976558225,40.86262781318026,33500.0,4000,40500,Back,US,True,53.74403570878867,21
3236,1,101,,HUM,,85.03,,"ARCATA, G STREET EXTENSION",-124.08179371796614,40.85103277293386,33500.0,3850,38500,Ahead,US,True,53.74403570878867,21
3266,1,101,,MEN,R,26.161,,NORTH STATE STREET,-123.21120164366374,39.17114278427227,33000.0,3000,39000,Back,US,True,53.44389718331538,23
3198,1,101,,HUM,,73.719,,SPRUCE POINT,-124.19965412683524,40.74492361874689,33000.0,3500,36500,Ahead,US,True,53.44389718331538,23
3264,1,101,,MEN,R,24.527,,"UKIAH, EAST PERKINS STREET",-123.19673352502144,39.15158305987145,33000.0,3000,39000,Ahead,US,True,53.44389718331538,23
3206,1,101,,HUM,,76.65,,"EUREKA, HENDERSON STREET",-124.18354187652565,40.78300914470838,32000.0,3000,33000,Back,US,True,52.70509465907342,26
3228,1,101,,HUM,,80.26,,"EUREKA, COLE AVENUE",-124.13340242331557,40.805180877556516,32000.0,3900,33500,Back,US,True,52.70509465907342,26
3204,1,101,,HUM,,76.33,,"EUREKA, HARRIS STREET",-124.18695488441216,40.77921823566915,32000.0,3000,33000,Ahead,US,True,52.70509465907342,26
3232,1,101,,HUM,,82.68,,INDIANOLA ROAD,-124.0931412537031,40.820349130582365,31500.0,4250,36500,Ahead,US,True,52.3780206249038,29
3290,1,101,,MEN,,27.41,,LAKE MENDOCINO DRIVE,-123.21050667821386,39.19123127701274,30000.0,3300,40500,Back,US,True,51.56995536401416,30
3266,1,101,,MEN,R,26.161,,NORTH STATE STREET,-123.21120164366374,39.17114278427227,30000.0,3300,40500,Ahead,US,True,51.56995536401416,30
3200,1,101,,HUM,,74.78,,HERRICK AVENUE,-124.18942076974854,40.758068421737484,29500.0,2800,32000,Ahead,US,True,51.1697706633831,32
3202,1,101,,HUM,,75.91,,"EUREKA, MC CULLEN AVENUE",-124.19052006241623,40.774216023402396,28500.0,2700,30500,Back,US,True,50.49253501616131,33
3210,1,101,,HUM,,77.85,,"EUREKA, SEVENTH STREET",-124.17504957213883,40.799138035643175,28500.0,2700,30000,Back,US,True,50.49253501616131,33
3292,1,101,,MEN,,30.434,,MOORE AVENUE,-123.20817259728923,39.23416129017993,28500.0,3000,34000,Back,US,True,50.49253501616131,33
3208,1,101,,HUM,,77.299,,"EUREKA, WABASH AVENUE",-124.17830964454319,40.791497878237486,28500.0,2700,30000,Ahead,US,True,50.49253501616131,33
3290,1,101,,MEN,,27.41,,LAKE MENDOCINO DRIVE,-123.21050667821386,39.19123127701274,28500.0,3000,34000,Ahead,US,True,50.49253501616131,33
3208,1,101,,HUM,,77.299,,"EUREKA, WABASH AVENUE",-124.17830964454319,40.791497878237486,28000.0,2700,30000,Back,US,True,50.09235031553024,38
3212,1,101,,HUM,,77.91,,"EUREKA, SIXTH STREET",-124.17503986045232,40.799943274248626,28000.0,2700,30000,Back,US,True,50.09235031553024,38
3264,1,101,,MEN,R,24.527,,"UKIAH, EAST PERKINS STREET",-123.19673352502144,39.15158305987145,28000.0,2450,31000,Back,US,True,50.09235031553024,38
3206,1,101,,HUM,,76.65,,"EUREKA, HENDERSON STREET",-124.18354187652565,40.78300914470838,28000.0,2700,30000,Ahead,US,True,50.09235031553024,38
3210,1,101,,HUM,,77.85,,"EUREKA, SEVENTH STREET",-124.17504957213883,40.799138035643175,28000.0,2700,30000,Ahead,US,True,50.09235031553024,38
3262,1,101,,MEN,R,24.062,,"UKIAH, GOBBI STREET",-123.19625215199666,39.144867837888015,28000.0,2450,31000,Ahead,US,True,50.09235031553024,38
3204,1,101,,HUM,,76.33,,"EUREKA, HARRIS STREET",-124.18695488441216,40.77921823566915,27500.0,2500,31000,Back,US,True,49.638294597506544,44
3202,1,101,,HUM,,75.91,,"EUREKA, MC CULLEN AVENUE",-124.19052006241623,40.774216023402396,27500.0,2500,31000,Ahead,US,True,49.638294597506544,44
3196,1,101,,HUM,,72.876,,KING SALMON AVENUE,-124.21043023793183,40.735945366659514,27000.0,3000,30500,Ahead,US,True,49.19963059873788,46
3292,1,101,,MEN,,30.434,,MOORE AVENUE,-123.20817259728923,39.23416129017993,26500.0,2700,32500,Ahead,US,True,48.872556564568264,47
3200,1,101,,HUM,,74.78,,HERRICK AVENUE,-124.18942076974854,40.758068421737484,26190.0,2800,29500,Back,US,True,48.691703863321536,48
3196,1,101,,HUM,,72.876,,KING SALMON AVENUE,-124.21043023793183,40.735945366659514,26000.0,3000,28000,Back,US,True,48.472371863937205,49
3194,1,101,,HUM,,72.031,,ORCHARD STREET,-124.2149123523975,40.724710069325596,26000.0,3000,28000,Ahead,US,True,48.472371863937205,49
3194,1,101,,HUM,,72.031,,ORCHARD STREET,-124.2149123523975,40.724710069325596,25500.0,2900,27000,Back,US,True,48.06449130367862,51
3262,1,101,,MEN,R,24.062,,"UKIAH, GOBBI STREET",-123.19625215199666,39.144867837888015,25500.0,2200,29500,Back,US,True,48.06449130367862,51
3192,1,101,,HUM,,70.611,,FIELDS LANDING OVERHEAD,-124.20962911407322,40.70510365471718,25500.0,2900,27000,Ahead,US,True,48.06449130367862,51
3260,1,101,,MEN,R,23.45,,UKIAH JCT 222 EAST,-123.1955890974006,39.13601208923984,25500.0,2200,29500,Ahead,US,True,48.06449130367862,51
3198,1,101,,HUM,,73.719,,SPRUCE POINT,-124.19965412683524,40.74492361874689,24760.0,2800,27500,Back,US,True,47.352624288132986,55
3182,1,101,,HUM,,62.229,,PALMER BOULEVARD,-124.17801670662399,40.604936356806235,24700.0,2600,29000,Back,US,True,47.310297060181625,56
3180,1,101,,HUM,,61.531,,FORTUNA OVERHEAD (MAIN STREET),-124.16735769182303,40.598867228468066,24700.0,2600,29000,Ahead,US,True,47.310297060181625,56
3180,1,101,,HUM,,61.531,,FORTUNA OVERHEAD (MAIN STREET),-124.16735769182303,40.598867228468066,24600.0,2600,28000,Back,US,True,47.23333846390641,58
3178,1,101,,HUM,,60.493,,12TH STREET,-124.15531835989248,40.58806159935327,24600.0,2600,28000,Ahead,US,True,47.23333846390641,58
3212,1,101,,HUM,,77.91,,"EUREKA, SIXTH STREET",-124.17503986045232,40.799943274248626,24600.0,2500,29000,Ahead,US,True,47.23333846390641,58
3184,1,101,,HUM,,63.099,,FINCH CREEK ROAD,-124.19105241842665,40.61226568705819,24400.0,2500,28500,Back,US,True,47.06787748191473,61
3182,1,101,,HUM,,62.229,,PALMER BOULEVARD,-124.17801670662399,40.604936356806235,24400.0,2500,28500,Ahead,US,True,47.06787748191473,61
3294,1,101,,MEN,,30.833,,JCT. RTE. 20 EAST,-123.20736537117492,39.23998027002166,24000.0,2700,32500,Back,US,True,46.64460520240111,63
3223,1,101,,HUM,,79.168,R,"EUREKA, ON FIFTH STREET AT JCT. RTE. 255 NORTH, RIGHT ALIGN",-124.15364707305248,40.80385557231175,23900.0,2400,26000,Back,US,True,46.49453593966446,64
3268,1,101,,MEN,R,32.626,,WEST ROAD,-123.22278106421997,39.261890860792604,23700.0,2300,27500,Back,US,True,46.33677081730029,65
3188,1,101,,HUM,,65.947,,LOLETA DRIVE,-124.20922612354858,40.641851610397,23600.0,2400,26000,Back,US,True,46.27135601046637,66
3188,1,101,,HUM,,65.947,,LOLETA DRIVE,-124.20922612354858,40.641851610397,23600.0,2200,26000,Ahead,US,True,46.27135601046637,66
3190,1,101,,HUM,,68.207,,HOOKTON ROAD,-124.2016483517317,40.672022656445904,23400.0,2200,26000,Back,US,True,46.03278436201323,68
3221,1,101,,HUM,,79.126,R,"EUREKA, ON FIFTH STREET AT MYRTLE AVENUE, RIGHT ALIGN",-124.15441685738573,40.803602125331054,23400.0,2400,26000,Ahead,US,True,46.03278436201323,68
3192,1,101,,HUM,,70.611,,FIELDS LANDING OVERHEAD,-124.20962911407322,40.70510365471718,22700.0,2200,24600,Back,US,True,45.25935046944743,70
3190,1,101,,HUM,,68.207,,HOOKTON ROAD,-124.2016483517317,40.672022656445904,22700.0,2200,24600,Ahead,US,True,45.25935046944743,70
3294,1,101,,MEN,,30.833,,JCT. RTE. 20 EAST,-123.20736537117492,39.23998027002166,22410.0,3350,27000,Ahead,US,True,45.00538710173927,72
3178,1,101,,HUM,,60.493,,12TH STREET,-124.15531835989248,40.58806159935327,21500.0,2300,24000,Back,US,True,44.10112359550562,73
3176,1,101,,HUM,,59.503,,"FORTUNA, KENMAR ROAD",-124.1489080404155,40.5747472403084,21500.0,2300,24000,Ahead,US,True,44.10112359550562,73
3436,1,1,,MEN,,60.68,,"FORT BRAGG, CYPRESS AVENUE",-123.80613054899793,39.432696705483515,21300.0,2000,24200,Back,State,True,43.88179159612129,75
3186,1,101,,HUM,,64.29,,"JCT. RTE. 211, SINGELY ROAD",-124.21005222596196,40.621167667406574,21100.0,3700,29000,Ahead,US,True,43.697090965060795,76
3186,1,101,,HUM,,64.29,,"JCT. RTE. 211, SINGELY ROAD",-124.21005222596196,40.621167667406574,20100.0,2100,23100,Back,US,True,42.67738956441435,77
3184,1,101,,HUM,,63.099,,FINCH CREEK ROAD,-124.19105241842665,40.61226568705819,20100.0,2100,23100,Ahead,US,True,42.67738956441435,77
68,1,101,,DN,,26.183,,"CRESCENT CITY, ON M STREET",-124.19156805768793,41.753028897394316,20000.0,3300,25500,Back,US,True,42.5465599507465,79
3078,1,101,,DN,,27.01,,"CRESCENT CITY, NORTHCREST DRIVE",-124.19679749051997,41.76328890524324,20000.0,2200,23000,Back,US,True,42.5465599507465,79
3222,1,101,,HUM,,79.168,L,"EUREKA, ON FOURTH STREET AT JCT. RTE. 255 NORTH, LEFT ALIGN",-124.15366073463129,40.804722189851624,20000.0,1900,22500,Back,US,True,42.5465599507465,79
3076,1,101,,DN,,26.813,,"CRESCENT CITY, NORTH OF 9 TH STREET",-124.19771263124936,41.76038743289278,20000.0,2200,23000,Ahead,US,True,42.5465599507465,79
3220,1,101,,HUM,,79.06,L,"EUREKA, ON FOURTH STREET AT MYRTLE AVENUE, LEFT ALIGN",-124.15580946436674,40.804259387158176,20000.0,1900,22500,Ahead,US,True,42.5465599507465,79
3174,1,101,,HUM,,58.69,,DRAKE HILL ROAD,-124.1477292495401,40.562963409707386,19700.0,2000,22900,Back,US,True,42.119439741419114,84
3176,1,101,,HUM,,59.503,,"FORTUNA, KENMAR ROAD",-124.1489080404155,40.5747472403084,19700.0,2000,22900,Back,US,True,42.119439741419114,84
3260,1,101,,MEN,R,23.45,,UKIAH JCT 222 EAST,-123.1955890974006,39.13601208923984,19700.0,2000,22000,Back,US,True,42.119439741419114,84
3172,1,101,,HUM,,57.69,,JCT. RTE. 36 EAST,-124.1452430254474,40.5486267357726,19700.0,2000,22900,Ahead,US,True,42.119439741419114,84
3174,1,101,,HUM,,58.69,,DRAKE HILL ROAD,-124.1477292495401,40.562963409707386,19700.0,2000,22900,Ahead,US,True,42.119439741419114,84
3258,1,101,,MEN,R,21.59,,JCT. RTE. 253 WEST,-123.19504997258453,39.109199157464346,19700.0,2000,22000,Ahead,US,True,42.119439741419114,84
3130,1,101,,HUM,R,91.473,,"MC KINLEYVILLE, SCHOOL ROAD",-124.11483871910463,40.93431158133784,19000.0,2300,23400,Back,US,True,41.2998306910882,90
3226,1,101,,HUM,,79.574,L,"EUREKA, BEGIN DIVIDED HIGHWAY FACILITY, END LEFT ALIGN",-124.14605373792332,40.804685533919034,19000.0,2100,20400,Back,US,True,41.2998306910882,90
3128,1,101,,HUM,R,90.134,,JCT. RTE. 200 EAST,-124.09858583394403,40.92110284212044,19000.0,2300,23400,Ahead,US,True,41.2998306910882,90
3222,1,101,,HUM,,79.168,L,"EUREKA, ON FOURTH STREET AT JCT. RTE. 255 NORTH, LEFT ALIGN",-124.15366073463129,40.804722189851624,19000.0,2100,20400,Ahead,US,True,41.2998306910882,90
3227,1,101,,HUM,,79.574,R,"EUREKA, END SB COUPLET 1100 FEET WEST OF EUREKA SLOUGH BRIDGE, END RIGHT ALIGN",-124.14608648331203,40.804061544274404,18700.0,1950,20400,Back,US,True,40.84192704325073,94
3223,1,101,,HUM,,79.168,R,"EUREKA, ON FIFTH STREET AT JCT. RTE. 255 NORTH, RIGHT ALIGN",-124.15364707305248,40.80385557231175,18700.0,1950,20400,Ahead,US,True,40.84192704325073,94
3219,1,101,,HUM,,78.68,R,"EUREKA, ON FIFTH STREET AT I STREET, RIGHT ALIGN",-124.16274087677711,40.80237935581352,18500.0,2000,19400,Ahead,US,True,40.61105125442512,96
3676,1,53,,LAK,,2.96,,"CLEARLAKE HIGHLANDS, 40TH AVENUE",-122.6231235925202,38.95070008992897,18300.0,2200,19400,Back,State,True,40.384023395413266,97
3674,1,53,,LAK,,1.47,,"LAKESHORE DRIVE, OLD STATE HIGHWAY",-122.6188711341535,38.9300516209638,18300.0,2200,19400,Ahead,State,True,40.384023395413266,97
3438,1,1,,MEN,,61.471,,"FORT BRAGG, REDWOOD AVENUE",-123.80598862955608,39.44422755608888,17700.0,1500,20300,Back,State,True,39.59134985377867,99
3674,1,53,,LAK,,1.47,,"LAKESHORE DRIVE, OLD STATE HIGHWAY",-122.6188711341535,38.9300516209638,17700.0,2100,19400,Back,State,True,39.59134985377867,99
3436,1,1,,MEN,,60.68,,"FORT BRAGG, CYPRESS AVENUE",-123.80613054899793,39.432696705483515,17700.0,1500,20300,Ahead,State,True,39.59134985377867,99
3438,1,1,,MEN,,61.471,,"FORT BRAGG, REDWOOD AVENUE",-123.80598862955608,39.44422755608888,17700.0,1800,20000,Ahead,State,True,39.59134985377867,99
3672,1,53,,LAK,,0,,"LOWER LAKE, JCT. RTE. 29",-122.61229735273584,38.910147554768116,17700.0,2100,19400,Ahead,State,True,39.59134985377867,99
3432,1,1,,MEN,,59.25,,SIMPSON LANE,-123.80812308236669,39.41237226990576,16700.0,1900,19000,Ahead,State,True,38.29844543635524,104
3258,1,101,,MEN,R,21.59,,JCT. RTE. 253 WEST,-123.19504997258453,39.109199157464346,16600.0,1600,18000,Back,US,True,38.209943050638756,105
3288,1,101,,MEN,,20.711,,ROBINSON,-123.18951764939824,39.09742853389973,16600.0,1600,18000,Ahead,US,True,38.209943050638756,105
3134,1,101,,HUM,R,93,,"MC KINLEYVILLE, MURRAY ROAD",-124.11594957488663,40.9563406950768,16100.0,1850,19500,Back,US,True,37.66738494689857,107
3219,1,101,,HUM,,78.68,R,"EUREKA, ON FIFTH STREET AT I STREET, RIGHT ALIGN",-124.16274087677711,40.80237935581352,16100.0,2000,16800,Back,US,True,37.66738494689857,107
3130,1,101,,HUM,R,91.473,,"MC KINLEYVILLE, SCHOOL ROAD",-124.11483871910463,40.93431158133784,16100.0,1850,19500,Ahead,US,True,37.66738494689857,107
3288,1,101,,MEN,,20.711,,ROBINSON,-123.18951764939824,39.09742853389973,16000.0,1550,18000,Back,US,True,37.46729259658304,110
3286,1,101,,MEN,,19.683,,EL ROBLE,-123.18194093310186,39.083731191831006,16000.0,1500,18000,Ahead,US,True,37.46729259658304,110
3218,1,101,,HUM,,78.68,L,"EUREKA, ON FOURTH STREET AT I STREET, LEFT ALIGN",-124.16293806327016,40.80323500879866,15900.0,2000,16600,Back,US,True,37.24411266738495,112
3286,1,101,,MEN,,19.683,,EL ROBLE,-123.18194093310186,39.083731191831006,15600.0,1450,18000,Back,US,True,36.836232107126364,113
3124,1,101,,HUM,R,53.379,,"RIO DELL, SCENIC WAY",-124.10932752878539,40.50564810988338,15500.0,1600,17000,Ahead,US,True,36.68616284438972,114
3268,1,101,,MEN,R,32.626,,WEST ROAD,-123.22278106421997,39.261890860792604,15500.0,1950,18300,Ahead,US,True,36.68616284438972,114
3051,1,101,,DN,R,27.872,,WASHINGTON BOULEVARD,-124.18716899157192,41.77276229023102,15300.0,1900,19700,Back,US,True,36.40526396798522,116
3078,1,101,,DN,,27.01,,"CRESCENT CITY, NORTHCREST DRIVE",-124.19679749051997,41.76328890524324,15300.0,1900,19700,Ahead,US,True,36.40526396798522,116
3282,1,101,,MEN,,10.81,,MOUNTAIN HOUSE ROAD,-123.11649913806589,38.97006149179164,15000.0,1400,18200,Ahead,US,True,36.02816684623672,118
3217,1,101,,HUM,,78.56,R,"EUREKA, ON FIFTH STREET AT G STREET, RIGHT ALIGN",-124.16497338070097,40.8020707750185,14900.0,1700,15500,Back,US,True,35.801138987224874,119
3218,1,101,,HUM,,78.68,L,"EUREKA, ON FOURTH STREET AT I STREET, LEFT ALIGN",-124.16293806327016,40.80323500879866,14800.0,2000,15500,Ahead,US,True,35.597198707095586,120
3544,1,255,,HUM,,8.803,,JCT. RTE. 101,-124.08275801989774,40.862681009152865,14780.0,1700,15300,Back,State,True,35.516392181006616,121
3488,1,20,,MEN,,33.769,,REDWOOD VALLEY ROAD,-123.19844567802035,39.243473270042344,14700.0,1500,15400,Ahead,State,True,35.470217023241496,122
3490,1,20,,MEN,,35.39,,MARINA DRIVE,-123.17107712307737,39.23797573744194,14700.0,1500,15200,Ahead,State,True,35.470217023241496,122
3614,1,29,,LAK,R,40.14,,JCT. RTE. 175,-122.91290448237268,39.016894114419486,14500.0,1500,15100,Back,State,True,35.21240572571956,124
3488,1,20,,MEN,,33.769,,REDWOOD VALLEY ROAD,-123.19844567802035,39.243473270042344,14400.0,1400,15900,Back,State,True,35.096967831306756,125
3252,1,101,,MEN,R,0.103,,SONOMA/MENDOCINO COUNTY LINE,-123.03174171479019,38.85258672852044,14200.0,1500,15100,Ahead,US,True,34.881483761736185,126
3216,1,101,,HUM,,78.56,L,"EUREKA, ON FOURTH STREET AT G STREET, LEFT ALIGN",-124.16513208965549,40.80292623410464,14100.0,2000,14700,Ahead,US,True,34.71987070955826,127
3217,1,101,,HUM,,78.56,R,"EUREKA, ON FIFTH STREET AT G STREET, RIGHT ALIGN",-124.16497338070097,40.8020707750185,14100.0,1700,14700,Ahead,US,True,34.71987070955826,127
3612,1,29,,LAK,R,38.592,,HIGHLAND SPRINGS ROAD,-122.89396631633385,39.000865545467505,13900.0,1400,15000,Ahead,State,True,34.392796675388645,129
3486,1,20,,MEN,,33.22,,SOUTH JCT. RTE. 101,-123.2074386440577,39.23994557374951,13810.0,840,14400,Ahead,State,True,34.331229798368476,130
3486,1,20,,MEN,,33.22,,SOUTH JCT. RTE. 101,-123.2074386440577,39.23994557374951,13700.0,1400,15400,Back,State,True,34.16576881637679,131
3484,1,20,,MEN,,33.217,,NORTH JCT. RTE. 101,-123.20748641556621,39.23992238584045,13700.0,1400,15400,Ahead,State,True,34.16576881637679,131
3542,1,255,,HUM,,8.584,,"ARCATA, G STREET",-124.08725265777684,40.86483237987182,13600.0,2000,16100,Ahead,State,True,34.02724334308142,133
3282,1,101,,MEN,,10.81,,MOUNTAIN HOUSE ROAD,-123.11649913806589,38.97006149179164,13500.0,1200,15500,Back,US,True,33.87717408034477,134
3304,1,101,,MEN,,9.17,,EAST SIDE ROAD (OLD HOPLAND),-123.09854807859053,38.95287713364,13500.0,1200,15500,Back,US,True,33.87717408034477,134
3612,1,29,,LAK,R,38.592,,HIGHLAND SPRINGS ROAD,-122.89396631633385,39.000865545467505,13500.0,1300,14100,Back,State,True,33.87717408034477,134
3618,1,29,,LAK,R,42.677,,11TH STREET,-122.93143907577854,39.0498848802171,13500.0,1350,15700,Back,State,True,33.87717408034477,134
3304,1,101,,MEN,,9.17,,EAST SIDE ROAD (OLD HOPLAND),-123.09854807859053,38.95287713364,13500.0,1200,15500,Ahead,US,True,33.87717408034477,134
3608,1,29,,LAK,R,36.289,,RENFRO DRIVE,-122.85684972542462,38.98407659546257,13500.0,1300,14100,Ahead,State,True,33.87717408034477,134
3616,1,29,,LAK,R,41.423,,"LAKEPORT, LAKEPORT BOULEVARD",-122.9238327105862,39.033402146117275,13500.0,1350,15700,Ahead,State,True,33.87717408034477,134
3432,1,1,,MEN,,59.25,,SIMPSON LANE,-123.80812308236669,39.41237226990576,13300.0,1700,16000,Back,State,True,33.48853316915499,141
3588,1,299,,HUM,,0.722,,"ARCATA, GUINTOLI LANE",-124.07350356865422,40.904174719808005,13300.0,1400,14400,Back,State,True,33.48853316915499,141
3610,1,29,,LAK,R,37.669,,ARGONAUT ROAD,-122.87945372210183,38.99400496407321,13200.0,1300,14400,Back,State,True,33.33461597660459,143
3610,1,29,,LAK,R,37.669,,ARGONAUT ROAD,-122.87945372210183,38.99400496407321,13100.0,1300,14100,Ahead,State,True,33.21917808219178,144
3616,1,29,,LAK,R,41.423,,"LAKEPORT, LAKEPORT BOULEVARD",-122.9238327105862,39.033402146117275,13000.0,1300,13700,Back,State,True,33.09219639833769,145
3614,1,29,,LAK,R,40.14,,JCT. RTE. 175,-122.91290448237268,39.016894114419486,13000.0,1300,13700,Ahead,State,True,33.09219639833769,145
3065,1,101,,DN,,25.84,,"CRESCENT CITY, ELK VALLEY ROAD",-124.18543813654712,41.75222889925791,12990.0,1300,13700,Ahead,US,True,33.00754194243497,147
3216,1,101,,HUM,,78.56,L,"EUREKA, ON FOURTH STREET AT G STREET, LEFT ALIGN",-124.16513208965549,40.80292623410464,12900.0,1900,13500,Back,US,True,32.930583346159764,148
3652,1,29,,LAK,,6.36,,"MIDDLETOWN, BUTTS CANYON ROAD",-122.6069433118958,38.75693107509806,12900.0,910,13100,Ahead,State,True,32.930583346159764,148
3652,1,29,,LAK,,6.36,,"MIDDLETOWN, BUTTS CANYON ROAD",-122.6069433118958,38.75693107509806,12800.0,910,13100,Back,State,True,32.7920578728644,150
3648,1,29,,LAK,,5.811,,"MIDDLETOWN, JCT. RTE. 175",-122.61525384667644,38.75239206717414,12800.0,910,13100,Ahead,State,True,32.7920578728644,150
3618,1,29,,LAK,R,42.677,,11TH STREET,-122.93143907577854,39.0498848802171,12600.0,1300,13300,Ahead,State,True,32.58042173310759,152
3590,1,299,,HUM,,0,,"ARCATA, JCT. RTE. 101",-124.083298629629,40.89723679520397,12550.0,1350,13700,Ahead,State,True,32.507311066646146,153
3132,1,101,,HUM,R,93.852,,"MC KINLEYVILLE, AIRPORT ROAD",-124.11585992661456,40.968700100942286,12500.0,1450,13300,Back,US,True,32.3957211020471,154
3215,1,101,,HUM,,78.026,L,"EUREKA, ON FOURTH STREET AT BROADWAY, LEFT ALIGN",-124.1750615826142,40.80147957376312,12500.0,1900,13000,Back,US,True,32.3957211020471,154
3134,1,101,,HUM,R,93,,"MC KINLEYVILLE, MURRAY ROAD",-124.11594957488663,40.9563406950768,12500.0,1450,13300,Ahead,US,True,32.3957211020471,154
3214,1,101,,HUM,,77.967,L,"EUREKA, ON BROADWAY AT FIFTH STREET, LEFT ALIGN",-124.17513012407038,40.80071202992212,12500.0,1900,13000,Ahead,US,True,32.3957211020471,154
3574,1,299,,HUM,R,2.92,,ESSEX LANE,-124.03759098612701,40.9068287165587,12400.0,1350,14400,Back,State,True,32.21871633061413,158
3572,1,299,,HUM,R,1.802,,JCT. RTE. 200 WEST,-124.05796336192428,40.909981997066375,12400.0,1350,14400,Ahead,State,True,32.21871633061413,158
3620,1,29,,LAK,R,45.145,,PARK WAY,-122.92608977355162,39.08418231178601,12200.0,1800,13000,Back,State,True,31.98399261197476,160
3440,1,1,,MEN,,62.36,,"FORT BRAGG, NORTH CITY LIMITS",-123.80611710930296,39.4571168387648,12100.0,1400,14000,Back,State,True,31.857010928120673,161
3172,1,101,,HUM,,57.69,,JCT. RTE. 36 EAST,-124.1452430254474,40.5486267357726,12000.0,1600,13900,Back,US,True,31.660766507618902,162
67,1,101,,HUM,,78.026,R,"EUREKA, ON FIFTH STREET AT BROADWAY, RIGHT ALIGN",-124.17492531986369,40.80065270080713,12000.0,1600,12600,Ahead,US,True,31.660766507618902,162
3215,1,101,,HUM,,78.026,L,"EUREKA, ON FOURTH STREET AT BROADWAY, LEFT ALIGN",-124.1750615826142,40.80147957376312,12000.0,1900,12600,Ahead,US,True,31.660766507618902,162
3456,1,20,,LAK,,12.199,,LUCERNE CUTOFF,-122.87010059900918,39.12989952531988,12000.0,1250,13000,Ahead,State,True,31.660766507618902,162
3604,1,29,,LAK,R,34.747,,"KELSEYVILLE, LIVE OAK DRIVE",-122.83296492069677,38.972441758860484,12000.0,1200,12500,Ahead,State,True,31.660766507618902,162
3606,1,29,,LAK,R,35.32,,"KELSEYVILLE, BELL HILL ROAD",-122.84258722755756,38.975743355952886,11800.0,1200,12500,Back,State,True,31.25673387717408,167
3602,1,29,,LAK,R,34.58,,"MAIN STREET, (TO KELSEYVILLE)",-122.83029902186911,38.97107803590892,11700.0,1200,12700,Back,State,True,31.06818531629983,168
3604,1,29,,LAK,R,34.747,,"KELSEYVILLE, LIVE OAK DRIVE",-122.83296492069677,38.972441758860484,11700.0,1200,12100,Back,State,True,31.06818531629983,168
3630,1,29,,LAK,,20.31,,JCT. RTE. 53 NORTH,-122.61236594988759,38.910147740704154,11700.0,940,12500,Back,State,True,31.06818531629983,168
3602,1,29,,LAK,R,34.58,,"MAIN STREET, (TO KELSEYVILLE)",-122.83029902186911,38.97107803590892,11700.0,1200,12100,Ahead,State,True,31.06818531629983,168
3632,1,29,,LAK,,21.65,,SEIGLER CANYON ROAD,-122.63682654506815,38.91044214959431,11600.0,1150,12600,Back,State,True,30.941203632445745,172
3608,1,29,,LAK,R,36.289,,RENFRO DRIVE,-122.85684972542462,38.98407659546257,11500.0,1200,12000,Back,State,True,30.77959058026782,173
3476,1,20,,MEN,R,38.054,,POTTER VALLEY ROAD,-123.12593197316527,39.24552093227105,11500.0,1250,13200,Ahead,State,True,30.77959058026782,173
3606,1,29,,LAK,R,35.32,,"KELSEYVILLE, BELL HILL ROAD",-122.84258722755756,38.975743355952886,11400.0,1200,12000,Ahead,State,True,30.61412959827613,175
3430,1,1,,MEN,,57.22,,GIBNEY LANE,-123.81394664924956,39.38333878764381,11300.0,1400,14200,Ahead,State,True,30.537171002000925,176
3572,1,299,,HUM,R,1.802,,JCT. RTE. 200 WEST,-124.05796336192428,40.909981997066375,11200.0,1050,12400,Back,State,True,30.425581037401876,177
3588,1,299,,HUM,,0.722,,"ARCATA, GUINTOLI LANE",-124.07350356865422,40.904174719808005,11200.0,1050,12400,Ahead,State,True,30.425581037401876,177
3626,1,29,,LAK,,11.124,,HIDDEN VALLEY/SPRUCE ROAD,-122.5728764645452,38.8091539880227,11100.0,900,12500,Back,State,True,30.29090349392027,179
3124,1,101,,HUM,R,53.379,,"RIO DELL, SCENIC WAY",-124.10932752878539,40.50564810988338,11000.0,1300,12800,Back,US,True,30.125442511928586,180
3248,1,101,,HUM,,98.067,,WESTHAVEN DRIVE,-124.11001757595912,41.03204232700966,11000.0,1500,13800,Back,US,True,30.125442511928586,180
3430,1,1,,MEN,,57.22,,GIBNEY LANE,-123.81394664924956,39.38333878764381,11000.0,1350,14000,Back,State,True,30.125442511928586,180
3434,1,1,,MEN,,59.803,,JCT. RTE. 20 EAST,-123.80792221727253,39.420129240945315,11000.0,1900,19000,Back,State,True,30.125442511928586,180
3576,1,299,,HUM,R,4.036,,GLENDALE,-124.02090841700308,40.89819694317943,11000.0,1200,12100,Back,State,True,30.125442511928586,180
3122,1,101,,HUM,R,52.602,,"RIO DELL, DAVIS STREET",-124.09894833560219,40.49920830413261,11000.0,1300,12800,Ahead,US,True,30.125442511928586,180
3398,1,1,,MEN,R,55.78,,NORTH LIMITS CASPAR,-123.81525749426832,39.372307796426455,11000.0,1250,13000,Ahead,State,True,30.125442511928586,180
3574,1,299,,HUM,R,2.92,,ESSEX LANE,-124.03759098612701,40.9068287165587,11000.0,1200,12100,Ahead,State,True,30.125442511928586,180
3628,1,29,,LAK,,11.93,,SPRUCE GROVE ROAD,-122.57660976135638,38.819924826003756,10900.0,900,12000,Back,State,True,29.93304602124057,188
3051,1,101,,DN,R,27.872,,WASHINGTON BOULEVARD,-124.18716899157192,41.77276229023102,10900.0,1200,13500,Ahead,US,True,29.93304602124057,188
3626,1,29,,LAK,,11.124,,HIDDEN VALLEY/SPRUCE ROAD,-122.5728764645452,38.8091539880227,10900.0,900,12000,Ahead,State,True,29.93304602124057,188
3628,1,29,,LAK,,11.93,,SPRUCE GROVE ROAD,-122.57660976135638,38.819924826003756,10900.0,900,12000,Ahead,State,True,29.93304602124057,188
3136,1,101,,HUM,R,95.62,,NORTH CENTRAL AVENUE,-124.11336981910483,40.99384659718419,10800.0,1300,13200,Back,US,True,29.759889179621364,192
3132,1,101,,HUM,R,93.852,,"MC KINLEYVILLE, AIRPORT ROAD",-124.11585992661456,40.968700100942286,10800.0,1300,13200,Ahead,US,True,29.759889179621364,192
3642,1,29,,LAK,,32.35,,BOTTLE ROCK ROAD,-122.8151590864635,38.944585322273575,10800.0,1200,12000,Ahead,State,True,29.759889179621364,192
3646,1,29,,LAK,,4.54,,DRY CREEK CUTOFF,-122.62608723435551,38.73669602649029,10800.0,820,12000,Ahead,State,True,29.759889179621364,192
3065,1,101,,DN,,25.84,,"CRESCENT CITY, ELK VALLEY ROAD",-124.18543813654712,41.75222889925791,10700.0,1500,13700,Back,US,True,29.544405110050793,196
3138,1,101,,HUM,R,97.02,,CRANNELL ROAD,-124.10784688331331,41.013509079262384,10700.0,1500,14000,Back,US,True,29.544405110050793,196
3542,1,255,,HUM,,8.584,,"ARCATA, G STREET",-124.08725265777684,40.86483237987182,10700.0,1200,12000,Back,State,True,29.544405110050793,196
3136,1,101,,HUM,R,95.62,,NORTH CENTRAL AVENUE,-124.11336981910483,40.99384659718419,10700.0,1300,14000,Ahead,US,True,29.544405110050793,196
3634,1,29,,LAK,,22.19,,POINT LAKEVIEW DRIVE,-122.64614478478168,38.91045130026681,10600.0,1050,11600,Back,State,True,29.398183777127905,200
3632,1,29,,LAK,,21.65,,SEIGLER CANYON ROAD,-122.63682654506815,38.91044214959431,10600.0,1050,11600,Ahead,State,True,29.398183777127905,200
3462,1,20,,LAK,,3.63,,SCOTT VALLEY ROAD,-122.99353786594311,39.15826170432104,10500.0,1000,11500,Ahead,State,True,29.298137601970144,202
3540,1,255,,HUM,,8.525,,"ARCATA, H STREET",-124.08833368859311,40.86507126804602,10500.0,1200,12000,Ahead,State,True,29.298137601970144,202
3138,1,101,,HUM,R,97.02,,CRANNELL ROAD,-124.10784688331331,41.013509079262384,10490.0,1400,12500,Ahead,US,True,29.228874865322457,204
3622,1,29,,LAK,R,47.849,,LUCERNE,-122.90504527017393,39.11827766931079,10400.0,980,11000,Back,State,True,29.11343697090965,205
3620,1,29,,LAK,R,45.145,,PARK WAY,-122.92608977355162,39.08418231178601,10400.0,980,11000,Ahead,State,True,29.11343697090965,205
3122,1,101,,HUM,R,52.602,,"RIO DELL, DAVIS STREET",-124.09894833560219,40.49920830413261,10300.0,1300,12700,Back,US,True,28.9248884100354,207
3120,1,101,,HUM,R,51.84,,JCT. RTE. 283 NORTHWEST,-124.09825653940862,40.48827633121476,10300.0,1300,12700,Ahead,US,True,28.9248884100354,207
3460,1,20,,LAK,,25.97,,"CLEAR LAKE OAKS, EAST",-122.70462999032479,39.020290581020085,10300.0,700,11900,Ahead,State,True,28.9248884100354,207
3470,1,20,,LAK,,8.319,,JCT. RTE. 29 SOUTH,-122.92112685649136,39.16337522440376,10020.0,1200,11800,Back,State,True,28.605510235493302,210
3578,1,299,,HUM,R,5.451,,BLUE LAKE ROAD,-123.99786433387155,40.88795687560633,10000.0,1000,11200,Back,State,True,28.532399569031863,211
3576,1,299,,HUM,R,4.036,,GLENDALE,-124.02090841700308,40.89819694317943,10000.0,1000,11200,Ahead,State,True,28.532399569031863,211
3055,1,101,,DN,R,30.81,,JCT. RTE. 199 NORTHEAST,-124.14827545577558,41.803426364404814,9900.0,1300,12600,Back,US,True,28.33230721871633,213
3640,1,29,,LAK,,31.33,,"JCT. RTE. 175, KELSEYVILLE",-122.79716084746937,38.943594430793404,9900.0,1000,10300,Back,State,True,28.33230721871633,213
3646,1,29,,LAK,,4.54,,DRY CREEK CUTOFF,-122.62608723435551,38.73669602649029,9900.0,870,10300,Back,State,True,28.33230721871633,213
3638,1,29,,LAK,,31.05,,JCT. RTE. 175,-122.79218130708476,38.94260281070603,9900.0,1000,10300,Ahead,State,True,28.33230721871633,213
3644,1,29,,LAK,,4.15,,RANCHERIA ROAD,-122.62285244862808,38.731550429376504,9900.0,870,10300,Ahead,State,True,28.33230721871633,213
3490,1,20,,MEN,,35.39,,MARINA DRIVE,-123.17107712307737,39.23797573744194,9806.0,1500,15400,Back,State,True,28.182237955979684,218
3456,1,20,,LAK,,12.199,,LUCERNE CUTOFF,-122.87010059900918,39.12989952531988,9800.0,1000,11000,Back,State,True,28.101431429890717,219
3642,1,29,,LAK,,32.35,,BOTTLE ROCK ROAD,-122.8151590864635,38.944585322273575,9800.0,1000,10300,Back,State,True,28.101431429890717,219
3068,1,101,,DN,,26.183,R,"CRESCENT CITY, ON M STREET, RIGHT ALIGN",-124.19156805768793,41.75302889672413,9800.0,900,12300,Ahead,US,True,28.101431429890717,219
3630,1,29,,LAK,,20.31,,JCT. RTE. 53 NORTH,-122.61236594988759,38.910147740704154,9700.0,800,11500,Ahead,State,True,27.94751423734031,222
3462,1,20,,LAK,,3.63,,SCOTT VALLEY ROAD,-122.99353786594311,39.15826170432104,9600.0,980,10900,Back,State,True,27.797444974603664,223
3492,1,20,,MEN,,44.114,,MENDOCINO/LAKE COUNTY LINE,-123.04035240994492,39.19166223176494,9570.0,1250,11400,Back,State,True,27.716638448514697,224
3454,1,20,,LAK,,0,,MENDOCINO/LAKE COUNTY LINE,-123.04035240994492,39.19166223176494,9570.0,1100,11400,Ahead,State,True,27.716638448514697,224
3472,1,20,,MEN,R,0.274,,SOUTH HARBOR DRIVE,-123.80294750353593,39.419324305371774,9500.0,900,11900,Back,State,True,27.60889641372941,226
3640,1,29,,LAK,,31.33,,"JCT. RTE. 175, KELSEYVILLE",-122.79716084746937,38.943594430793404,9400.0,830,10200,Ahead,State,True,27.462675080806527,227
3118,1,101,,HUM,R,50.585,,SOUTH SCOTIA ROAD,-124.09548044244845,40.468253344353265,9300.0,1100,12000,Back,US,True,27.32414960751116,228
3638,1,29,,LAK,,31.05,,JCT. RTE. 175,-122.79218130708476,38.94260281070603,9300.0,900,10300,Back,State,True,27.32414960751116,228
3636,1,29,,LAK,,27.89,,JCT. RTE. 281,-122.74150231044366,38.92969333228965,9300.0,900,10300,Ahead,State,True,27.32414960751116,228
3636,1,29,,LAK,,27.89,,JCT. RTE. 281,-122.74150231044366,38.92969333228965,9100.0,860,10300,Back,State,True,26.96629213483146,231
3644,1,29,,LAK,,4.15,,RANCHERIA ROAD,-122.62285244862808,38.731550429376504,9100.0,870,9700,Back,State,True,26.96629213483146,231
3118,1,101,,HUM,R,50.585,,SOUTH SCOTIA ROAD,-124.09548044244845,40.468253344353265,9100.0,1100,12000,Ahead,US,True,26.96629213483146,231
3634,1,29,,LAK,,22.19,,POINT LAKEVIEW DRIVE,-122.64614478478168,38.91045130026681,9100.0,860,10300,Ahead,State,True,26.96629213483146,231
3075,1,101,,DN,,26.771,R,"CRESCENT CITY, NORTH OF 9 TH STREET, RIGHT ALIGN",-124.19771263124936,41.76038743289278,9000.0,1000,10000,Back,US,True,26.78928736339849,235
3116,1,101,,HUM,R,49.175,,SHIVELY ROAD,-124.07300405954219,40.45899158762834,9000.0,1200,12000,Back,US,True,26.78928736339849,235
3114,1,101,,HUM,R,45.902,,JCT. RTE. 254 SOUTHWEST,-124.0318666965578,40.43996300896207,9000.0,1200,12000,Ahead,US,True,26.78928736339849,235
3146,1,101,,HUM,,100.705,,TRINIDAD ROAD,-124.13901587066019,41.06207468878878,8900.0,1200,12500,Back,US,True,26.646913960289364,238
3250,1,101,,HUM,,98.355,,SIXTH STREET,-124.11221650534925,41.03582154357296,8900.0,1200,12500,Ahead,US,True,26.646913960289364,238
3396,1,1,,MEN,R,51.49,,"MENDOCINO, LANSING STREET",-123.79964103943539,39.31879292219806,8900.0,1000,10200,Ahead,State,True,26.646913960289364,238
3250,1,101,,HUM,,98.355,,SIXTH STREET,-124.11221650534925,41.03582154357296,8700.0,1050,12200,Back,US,True,26.300600277050947,241
3458,1,20,,LAK,,18.53,,"LUCERNE, EAST; BELL RAY AVENUE",-122.78315239226635,39.07655085320242,8700.0,910,9600,Back,State,True,26.300600277050947,241
3248,1,101,,HUM,,98.067,,WESTHAVEN DRIVE,-124.11001757595912,41.03204232700966,8700.0,1050,12200,Ahead,US,True,26.300600277050947,241
3474,1,20,,MEN,R,0,,JCT. RTE. 1,-123.80792221727253,39.420129240945315,8700.0,900,9400,Ahead,State,True,26.300600277050947,241
3086,1,101,,DN,,46.492,,OREGON STATE LINE,-124.20831630264229,41.998474553493715,8670.0,1350,10500,Back,US,True,26.173618593196863,245
3464,1,20,,LAK,,31.525,,JCT. RTE. 53 SOUTH,-122.61547433816293,39.00866427478305,8500.0,900,9300,Back,State,True,25.892719716792367,246
3466,1,20,,LAK,,31.62,,JCT. RTE. 53 SOUTH,-122.61374012613389,39.00884580664585,8500.0,900,9300,Back,State,True,25.892719716792367,246
3464,1,20,,LAK,,31.525,,JCT. RTE. 53 SOUTH,-122.61547433816293,39.00866427478305,8500.0,900,9300,Ahead,State,True,25.892719716792367,246
3624,1,29,,LAK,,0,,NAPA/LAKE COUNTY LINE,-122.59201234708314,38.67596058431683,8500.0,970,8800,Ahead,State,True,25.892719716792367,246
3676,1,53,,LAK,,2.96,,"CLEARLAKE HIGHLANDS, 40TH AVENUE",-122.6231235925202,38.95070008992897,8500.0,970,9500,Ahead,State,True,25.892719716792367,246
3398,1,1,,MEN,R,55.78,,NORTH LIMITS CASPAR,-123.81525749426832,39.372307796426455,8480.0,1350,10800,Back,State,True,25.8119131907034,251
3114,1,101,,HUM,R,45.902,,JCT. RTE. 254 SOUTHWEST,-124.0318666965578,40.43996300896207,8100.0,1100,10000,Back,US,True,25.20009235031553,252
3396,1,1,,MEN,R,51.49,,"MENDOCINO, LANSING STREET",-123.79964103943539,39.31879292219806,8100.0,1000,10200,Back,State,True,25.20009235031553,252
3442,1,1,,MEN,,62.8,,"AIRPORT ROAD, FORT BRAGG, NORTH",-123.80575886026934,39.46320361160568,8100.0,1200,10100,Back,State,True,25.20009235031553,252
3648,1,29,,LAK,,5.811,,"MIDDLETOWN, JCT. RTE. 175",-122.61525384667644,38.75239206717414,8100.0,770,10500,Back,State,True,25.20009235031553,252
3112,1,101,,HUM,R,43.318,,BARKDULL ROAD,-123.98796841903983,40.434974625086056,8100.0,1100,10000,Ahead,US,True,25.20009235031553,252
3440,1,1,,MEN,,62.36,,"FORT BRAGG, NORTH CITY LIMITS",-123.80611710930296,39.4571168387648,8100.0,1200,10100,Ahead,State,True,25.20009235031553,252
3274,1,101,,MEN,R,84.687,,JCT. RTE. 271,-123.63156772031874,39.83470378702757,8000.0,950,9300,Back,US,True,24.930737263352317,258
3298,1,101,,MEN,,59.308,,JCT RTE 162 EAST,-123.43023744706387,39.55520985987601,8000.0,970,9700,Back,US,True,24.930737263352317,258
3300,1,101,,MEN,,68.78,,"LAYTONVILLE, SOUTH",-123.4760210889372,39.679584705813014,8000.0,960,9800,Back,US,True,24.930737263352317,258
3302,1,101,,MEN,,69.49,,"LAYTONVILLE, BRANSCOMB ROAD",-123.48306774891034,39.687801070000916,8000.0,950,8800,Back,US,True,24.930737263352317,258
3055,1,101,,DN,R,30.81,,JCT. RTE. 199 NORTHEAST,-124.14827545577558,41.803426364404814,8000.0,710,8000,Ahead,US,True,24.930737263352317,258
3073,1,101,,DN,,26.663,R,"CRESCENT CITY, ON M STREET AT 9TH STREET, RIGHT ALIGN",-124.1972135677017,41.75859311909896,8000.0,900,9700,Ahead,US,True,24.930737263352317,258
3080,1,101,,DN,,31.188,,ELK VALLEY CROSS ROAD,-124.14736445538134,41.807866914848475,8000.0,800,9000,Ahead,US,True,24.930737263352317,258
3296,1,101,,MEN,,55.38,,"LONGVALE ROAD, JCT. RTE. 162 EAST",-123.39050738929518,39.51617692716183,8000.0,970,9700,Ahead,US,True,24.930737263352317,258
3300,1,101,,MEN,,68.78,,"LAYTONVILLE, SOUTH",-123.4760210889372,39.679584705813014,8000.0,960,8900,Ahead,US,True,24.930737263352317,258
3073,1,101,,DN,,26.663,R,"CRESCENT CITY, ON M STREET AT 9TH STREET, RIGHT ALIGN",-124.1972135677017,41.75859311909896,7900.0,900,9700,Back,US,True,24.672925965830384,267
3112,1,101,,HUM,R,43.318,,BARKDULL ROAD,-123.98796841903983,40.434974625086056,7900.0,1100,10000,Back,US,True,24.672925965830384,267
3071,1,101,,DN,,26.38,R,"CRESCENT CITY, ON M STREET AT 4TH STREET, RIGHT ALIGN",-124.19402828992624,41.755274450078275,7900.0,900,9700,Ahead,US,True,24.672925965830384,267
3110,1,101,,HUM,R,39.667,,REDCREST,-123.94770057135158,40.39752164752636,7900.0,1100,10000,Ahead,US,True,24.672925965830384,267
3272,1,101,,MEN,R,48.22,,EB 10-174,-123.3555107191502,39.428388665249976,7900.0,970,9900,Ahead,US,True,24.672925965830384,267
3530,1,255,,HUM,,0,,"EUREKA, JCT. RTE. 101",-124.15363045511802,40.80386090608037,7900.0,970,8500,Ahead,State,True,24.672925965830384,267
3071,1,101,,DN,,26.38,R,"CRESCENT CITY, ON M STREET AT 4TH STREET, RIGHT ALIGN",-124.19402828992624,41.755274450078275,7800.0,900,9600,Back,US,True,24.43820224719101,273
3069,1,101,,DN,,26.211,R,"CRESCENT CITY, ON M STREET AT FRONT STREET, RIGHT ALIGN",-124.19211183577718,41.75325419109628,7800.0,900,9600,Ahead,US,True,24.43820224719101,273
3074,1,101,,DN,,26.72,L,"CRESCENT CITY, ON L STREET AT 9TH STREET, LEFT ALIGN",-124.19811459859291,41.75813785550294,7700.0,990,9500,Back,US,True,24.22271817762044,275
3072,1,101,,DN,,26.437,L,"CRESCENT CITY, ON L STREET AT 4TH STREET, LEFT ALIGN",-124.19496777949139,41.75481518496278,7700.0,990,9500,Ahead,US,True,24.22271817762044,275
3110,1,101,,HUM,R,39.667,,REDCREST,-123.94770057135158,40.39752164752636,7600.0,1000,10000,Back,US,True,23.972602739726025,277
3170,1,101,,HUM,,35.698,,SOUTH FORK ROAD,-123.92799943649754,40.352916876289505,7600.0,1000,10000,Ahead,US,True,23.972602739726025,277
3394,1,1,,MEN,R,50.56,,"MENDOCINO, JACKSON STREET",-123.79347318603337,39.3066206822579,7600.0,730,8200,Ahead,State,True,23.972602739726025,277
3470,1,20,,LAK,,8.319,,JCT. RTE. 29 SOUTH,-122.92112685649136,39.16337522440376,7550.0,1650,8800,Ahead,State,True,23.83407726643066,280
3046,1,101,,DN,L,26.855,L,"CRESCENT CITY, END OF L ST Couplet, END OF LEFT ALIGN",-124.19791395807756,41.76045402603337,7500.0,990,9300,Back,US,True,23.691703863321536,281
3072,1,101,,DN,,26.437,L,"CRESCENT CITY, ON L STREET AT 4TH STREET, LEFT ALIGN",-124.19496777949139,41.75481518496278,7500.0,990,9500,Back,US,True,23.691703863321536,281
3106,1,101,,HUM,R,17.907,,JCT. RTE. 254 NORTHEAST,-123.7759997823541,40.18198774119699,7500.0,900,9500,Back,US,True,23.691703863321536,281
3120,1,101,,HUM,R,51.84,,JCT. RTE. 283 NORTHWEST,-124.09825653940862,40.48827633121476,7500.0,880,8100,Back,US,True,23.691703863321536,281
3276,1,101,,MEN,R,89.565,,SCANDIA ROAD,-123.70762391442877,39.848579838798464,7500.0,900,9000,Back,US,True,23.691703863321536,281
3506,1,222,,MEN,,1.56,,SANFORD RANCH ROAD,-123.17718470760866,39.13309785478313,7500.0,660,7900,Back,State,True,23.691703863321536,281
3070,1,101,,DN,,26.268,L,"CRESCENT CITY, ON L STREET AT FRONT STREET, LEFT ALIGN",-124.19303619681466,41.75278543002186,7500.0,940,9500,Ahead,US,True,23.691703863321536,281
3074,1,101,,DN,,26.72,L,"CRESCENT CITY, ON L STREET AT 9TH STREET, LEFT ALIGN",-124.19811459859291,41.75813785550294,7500.0,990,9300,Ahead,US,True,23.691703863321536,281
3104,1,101,,HUM,R,14.313,,DEAN CREEK,-123.8085164779858,40.14080408145919,7500.0,900,9500,Ahead,US,True,23.691703863321536,281
3116,1,101,,HUM,R,49.175,,SHIVELY ROAD,-124.07300405954219,40.45899158762834,7500.0,880,12000,Ahead,US,True,23.691703863321536,281
3274,1,101,,MEN,R,84.687,,JCT. RTE. 271,-123.63156772031874,39.83470378702757,7500.0,900,9000,Ahead,US,True,23.691703863321536,281
3458,1,20,,LAK,,18.53,,"LUCERNE, EAST; BELL RAY AVENUE",-122.78315239226635,39.07655085320242,7500.0,780,8300,Ahead,State,True,23.691703863321536,281
3098,1,101,,HUM,R,11.499,,REDWOOD DRIVE,-123.79559926295227,40.103932535104704,7300.0,800,9300,Back,US,True,23.19916884716023,293
3104,1,101,,HUM,R,14.313,,DEAN CREEK,-123.8085164779858,40.14080408145919,7300.0,800,9300,Back,US,True,23.19916884716023,293
3168,1,101,,HUM,,35.108,,JCT. RTE. 254 SOUTH,-123.93141251894423,40.34497391888044,7300.0,860,8600,Back,US,True,23.19916884716023,293
3170,1,101,,HUM,,35.698,,SOUTH FORK ROAD,-123.92799943649754,40.352916876289505,7300.0,860,8600,Back,US,True,23.19916884716023,293
3084,1,101,,DN,,39.83,,FRED HAIGHT DRIVE,-124.146076200297,41.930122867200694,7300.0,900,10500,Ahead,US,True,23.19916884716023,293
3096,1,101,,HUM,R,11.125,,"GARBERVILLE, SPROWEL CREEK ROAD",-123.79669478718735,40.09873418207514,7300.0,800,9300,Ahead,US,True,23.19916884716023,293
3098,1,101,,HUM,R,11.499,,REDWOOD DRIVE,-123.79559926295227,40.103932535104704,7300.0,800,9300,Ahead,US,True,23.19916884716023,293
3168,1,101,,HUM,,35.108,,JCT. RTE. 254 SOUTH,-123.93141251894423,40.34497391888044,7300.0,860,8600,Ahead,US,True,23.19916884716023,293
3428,1,1,,MEN,,50.04,,COMPTCHE/UKIAH ROADS,-123.79407324896508,39.299665241088796,7300.0,860,8500,Ahead,State,True,23.19916884716023,293
3466,1,20,,LAK,,31.62,,JCT. RTE. 53 SOUTH,-122.61374012613389,39.00884580664585,7300.0,940,8800,Ahead,State,True,23.19916884716023,293
3059,1,101,,DN,,10.87,,TREES OF MYSTERY,-124.08637617604569,41.58406710347438,7200.0,840,8600,Back,US,True,22.937509619824535,303
3082,1,101,,DN,,36.31,,JCT. RTE. 197 SOUTHEAST,-124.13672917856177,41.881555098788745,7200.0,880,9300,Back,US,True,22.937509619824535,303
3084,1,101,,DN,,39.83,,FRED HAIGHT DRIVE,-124.146076200297,41.930122867200694,7200.0,900,10400,Back,US,True,22.937509619824535,303
3096,1,101,,HUM,R,11.125,,"GARBERVILLE, SPROWEL CREEK ROAD",-123.79669478718735,40.09873418207514,7200.0,1100,9300,Back,US,True,22.937509619824535,303
3166,1,101,,HUM,,33.246,,WEOTT,-123.92121896890268,40.32171329902945,7200.0,1000,9000,Back,US,True,22.937509619824535,303
3540,1,255,,HUM,,8.525,,"ARCATA, H STREET",-124.08833368859311,40.86507126804602,7200.0,930,8900,Back,State,True,22.937509619824535,303
3082,1,101,,DN,,36.31,,JCT. RTE. 197 SOUTHEAST,-124.13672917856177,41.881555098788745,7200.0,900,10400,Ahead,US,True,22.937509619824535,303
3126,1,101,,HUM,R,8.6,,LAKE BENBOW,-123.78581225896731,40.065175151074136,7200.0,1100,9300,Ahead,US,True,22.937509619824535,303
3164,1,101,,HUM,,27.936,,JCT. RTE. 254,-123.87014540164608,40.266459713749356,7200.0,1000,9000,Ahead,US,True,22.937509619824535,303
3270,1,101,,MEN,R,43.787,,EB 10-128RL,-123.32558229982078,39.376064472939156,7200.0,800,8300,Ahead,US,True,22.937509619824535,303
3472,1,20,,MEN,R,0.274,,SOUTH HARBOR DRIVE,-123.80294750353593,39.419324305371774,7200.0,1000,7800,Ahead,State,True,22.937509619824535,303
3538,1,255,,HUM,,8.352,,"ARCATA, K STREET",-124.0914956514937,40.86573966597569,7200.0,930,8900,Ahead,State,True,22.937509619824535,303
3070,1,101,,DN,,26.268,L,"CRESCENT CITY, ON L STREET AT FRONT STREET, LEFT ALIGN",-124.19303619681466,41.75278543002186,7100.0,990,8800,Back,US,True,22.741265199322765,315
3067,1,101,,DN,,26.183,L,"CRESCENT CITY, ON L ST AT FRONT ST, LEFT ALIGN",-124.19157301369334,41.752796093696986,7100.0,990,8800,Ahead,US,True,22.741265199322765,315
3532,1,255,,HUM,,2.028,,NAVY BASE ROAD,-124.17659210794076,40.825936222873565,7000.0,810,7500,Ahead,State,True,22.506541480683392,317
3622,1,29,,LAK,R,47.849,,LUCERNE,-122.90504527017393,39.11827766931079,7000.0,700,7600,Ahead,State,True,22.506541480683392,317
3296,1,101,,MEN,,55.38,,"LONGVALE ROAD, JCT. RTE. 162 EAST",-123.39050738929518,39.51617692716183,6740.0,1000,8900,Back,US,True,21.91780821917808,319
3069,1,101,,DN,,26.211,R,"CRESCENT CITY, ON M STREET AT FRONT STREET, RIGHT ALIGN",-124.19211183577718,41.75325419109628,6700.0,700,8200,Back,US,True,21.825457903647838,320
3504,1,222,,MEN,R,0,,"UKIAH, JCT. RTE. 101",-123.19571624135266,39.13594854025945,6700.0,710,7200,Ahead,State,True,21.825457903647838,320
3650,1,29,,LAK,,52.539,,JCT. RTE. 20,-122.92098319521617,39.16318551785787,6620.0,770,7200,Back,State,True,21.73310758811759,322
3108,1,101,,HUM,R,22.435,,FRENCH ROAD,-123.81855719135986,40.21780782321708,6600.0,900,9000,Back,US,True,21.61382176389103,323
3106,1,101,,HUM,R,17.907,,JCT. RTE. 254 NORTHEAST,-123.7759997823541,40.18198774119699,6600.0,900,9000,Ahead,US,True,21.61382176389103,323
3532,1,255,,HUM,,2.028,,NAVY BASE ROAD,-124.17659210794076,40.825936222873565,6560.0,830,7200,Back,State,True,21.49453593966446,325
3164,1,101,,HUM,,27.936,,JCT. RTE. 254,-123.87014540164608,40.266459713749356,6500.0,850,9000,Back,US,True,21.367554255810376,326
3280,1,101,,MEN,T,91.245,,"LEGGETT, JCT. RTE. 1",-123.71360646694723,39.868169995069415,6500.0,790,7500,Back,US,True,21.367554255810376,326
3468,1,20,,LAK,,46.475,,LAKE/COLUSA COUNTY LINE,-122.40934802248823,39.01135821824821,6500.0,780,7500,Back,State,True,21.367554255810376,326
3162,1,101,,HUM,,25.01,,SALMON CREEK ROAD,-123.83182205889992,40.25097182057466,6500.0,850,9400,Ahead,US,True,21.367554255810376,326
3276,1,101,,MEN,R,89.565,,SCANDIA ROAD,-123.70762391442877,39.848579838798464,6500.0,740,7500,Ahead,US,True,21.367554255810376,326
3298,1,101,,MEN,,59.308,,JCT RTE 162 EAST,-123.43023744706387,39.55520985987601,6500.0,750,8500,Ahead,US,True,21.367554255810376,326
3284,1,101,,MEN,,10.89,,"HOPLAND, JCT. RTE. 175 EAST",-123.11661793307569,38.97122180431784,6440.0,1500,18000,Ahead,US,True,21.24057257195629,332
3484,1,20,,MEN,,33.217,,NORTH JCT. RTE. 101,-123.20748641556621,39.23992238584045,6400.0,700,7900,Back,State,True,21.10589502847468,333
3566,1,281,,LAK,,17,,JCT. RTE. 29,-122.74152545643527,38.92970148466814,6400.0,620,7100,Back,State,True,21.10589502847468,333
3162,1,101,,HUM,,25.01,,SALMON CREEK ROAD,-123.83182205889992,40.25097182057466,6300.0,850,8900,Back,US,True,20.794212713560103,335
3108,1,101,,HUM,R,22.435,,FRENCH ROAD,-123.81855719135986,40.21780782321708,6300.0,850,8900,Ahead,US,True,20.794212713560103,335
3442,1,1,,MEN,,62.8,,"AIRPORT ROAD, FORT BRAGG, NORTH",-123.80575886026934,39.46320361160568,6300.0,1000,8200,Ahead,State,True,20.794212713560103,335
3528,1,255,,HUM,R,5.13,,MAD RIVER SLOUGH BRIDGE,-124.150558084794,40.86501756719545,6300.0,880,8400,Ahead,State,True,20.794212713560103,335
3538,1,255,,HUM,,8.352,,"ARCATA, K STREET",-124.0914956514937,40.86573966597569,6200.0,860,8200,Back,State,True,20.49407418808681,339
3302,1,101,,MEN,,69.49,,"LAYTONVILLE, BRANSCOMB ROAD",-123.48306774891034,39.687801070000916,6200.0,880,9800,Ahead,US,True,20.49407418808681,339
3494,1,211,,HUM,R,74.192,,"FERNDALE, VAN NESS AVENUE",-124.25652537691812,40.588039061943654,6200.0,640,6500,Ahead,State,True,20.49407418808681,339
3080,1,101,,DN,,31.188,,ELK VALLEY CROSS ROAD,-124.14736445538134,41.807866914848475,6100.0,710,8000,Back,US,True,20.28628597814376,342
3534,1,255,,HUM,,3.657,,DEAN/PACIFIC AVENUES,-124.16609333551853,40.84782423816449,6100.0,790,6800,Back,State,True,20.28628597814376,342
3536,1,255,,HUM,,4.728,,YOUNG LANE,-124.15705900206233,40.86212438793002,6100.0,790,6500,Back,State,True,20.28628597814376,342
3534,1,255,,HUM,,3.657,,DEAN/PACIFIC AVENUES,-124.16609333551853,40.84782423816449,6100.0,790,6500,Ahead,State,True,20.28628597814376,342
3480,1,20,,MEN,,2.08,,SUMMER LANE,-123.77085113681218,39.415132011016745,6000.0,750,7500,Back,State,True,20.055410189318145,346
3494,1,211,,HUM,R,74.192,,"FERNDALE, VAN NESS AVENUE",-124.25652537691812,40.588039061943654,6000.0,640,6600,Back,State,True,20.055410189318145,346
3392,1,199,,DN,,5.9,,"HIOUCHI VILLAGE, EAST",-124.06751226025669,41.79221701878608,6000.0,770,7900,Ahead,US,True,20.055410189318145,346
3482,1,20,,MEN,,32.437,,"WILLITS, WEST CITY LIMITS",-123.3653440735089,39.4055836432426,6000.0,600,7500,Ahead,State,True,20.055410189318145,346
3500,1,211,,HUM,,73.2,,"FERNDALE, OCEAN AVENUE",-124.26487248391061,40.57569990873392,6000.0,640,6600,Ahead,State,True,20.055410189318145,346
3536,1,255,,HUM,,4.728,,YOUNG LANE,-124.15705900206233,40.86212438793002,6000.0,780,6300,Ahead,State,True,20.055410189318145,346
3270,1,101,,MEN,R,43.787,,EB 10-128RL,-123.32558229982078,39.376064472939156,5910.0,910,7500,Back,US,True,19.90149299676774,352
3392,1,199,,DN,,5.9,,"HIOUCHI VILLAGE, EAST",-124.06751226025669,41.79221701878608,5900.0,820,9000,Back,US,True,19.797598891796213,353
3496,1,211,,HUM,R,75.782,,SAGE ROAD,-124.23100431066318,40.59777409291358,5900.0,580,6100,Ahead,State,True,19.797598891796213,353
3166,1,101,,HUM,,33.246,,WEOTT,-123.92121896890268,40.32171329902945,5870.0,810,8500,Ahead,US,True,19.69370478682469,355
3460,1,20,,LAK,,25.97,,"CLEAR LAKE OAKS, EAST",-122.70462999032479,39.020290581020085,5800.0,610,6500,Back,State,True,19.54363552408804,356
3496,1,211,,HUM,R,75.782,,SAGE ROAD,-124.23100431066318,40.59777409291358,5800.0,560,6100,Back,State,True,19.54363552408804,356
3528,1,255,,HUM,R,5.13,,MAD RIVER SLOUGH BRIDGE,-124.150558084794,40.86501756719545,5800.0,780,7700,Back,State,True,19.54363552408804,356
3476,1,20,,MEN,R,38.054,,POTTER VALLEY ROAD,-123.12593197316527,39.24552093227105,5790.0,1100,6800,Back,State,True,19.393566261351395,359
3284,1,101,,MEN,,10.89,,"HOPLAND, JCT. RTE. 175 EAST",-123.11661793307569,38.97122180431784,5770.0,1400,17400,Back,US,True,19.385870401723874,360
3498,1,211,,HUM,R,76.688,,GOBLE LN-WADDINGTON RD,-124.2141461846816,40.599643493268154,5700.0,570,6300,Back,State,True,19.270432507311067,361
3678,1,53,,LAK,,7.445,,JCT. RTE. 20,-122.61377463850879,39.008841570272494,5700.0,560,6300,Back,State,True,19.270432507311067,361
3126,1,101,,HUM,R,8.6,,LAKE BENBOW,-123.78581225896731,40.065175151074136,5600.0,800,7700,Back,US,True,19.024164999230415,363
3144,1,101,,HUM,,1.61,,RICHARDSON GROVE,-123.793263587518,40.02117309523359,5600.0,800,7700,Back,US,True,19.024164999230415,363
3154,1,101,,HUM,,121.61,,NORTH LIMITS ORICK,-124.05536122461717,41.29458534719764,5600.0,700,8500,Back,US,True,19.024164999230415,363
3278,1,101,,MEN,T,106.801,,MENDOCINO/HUMBOLDT COUNTY,-123.78333132954485,40.00177471567464,5600.0,800,7700,Back,US,True,19.024164999230415,363
3144,1,101,,HUM,,1.61,,RICHARDSON GROVE,-123.793263587518,40.02117309523359,5600.0,800,7400,Ahead,US,True,19.024164999230415,363
3152,1,101,,HUM,,120.4,,SOUTH LIMITS ORICK,-124.07041664023271,41.28467977118984,5600.0,700,8500,Ahead,US,True,19.024164999230415,363
3256,1,101,,MEN,R,103.818,,JCT. RTE. 271,-123.79505905297134,39.96603625424252,5600.0,800,7700,Ahead,US,True,19.024164999230415,363
3498,1,211,,HUM,R,76.688,,GOBLE LN-WADDINGTON RD,-124.2141461846816,40.599643493268154,5590.0,630,6200,Ahead,State,True,18.901031245190087,370
3394,1,1,,MEN,R,50.56,,"MENDOCINO, JACKSON STREET",-123.79347318603337,39.3066206822579,5500.0,700,7500,Back,State,True,18.716330614129596,371
3502,1,211,,HUM,,79.275,,JCT. RTE. 101,-124.2113704165048,40.62241489530902,5500.0,510,6000,Back,State,True,18.716330614129596,371
3594,1,299,,HUM,,38.833,,"WILLOW CREEK, JCT. RTE. 96 NORTH",-123.63145737216755,40.939379386444365,5500.0,540,5900,Ahead,State,True,18.716330614129596,371
3254,1,101,,MEN,R,101.895,,JCT. RTE. 271 NORTH,-123.77924584732821,39.94425325541506,5400.0,700,7600,Back,US,True,18.3969524395875,374
3256,1,101,,MEN,R,103.818,,JCT. RTE. 271,-123.79505905297134,39.96603625424252,5400.0,720,7200,Back,US,True,18.3969524395875,374
3386,1,199,,DN,T,14.636,,"GASQUET, EAST",-123.96231732434248,41.843391113649815,5400.0,540,6600,Back,US,True,18.3969524395875,374
3254,1,101,,MEN,R,101.895,,JCT. RTE. 271 NORTH,-123.77924584732821,39.94425325541506,5400.0,720,7200,Ahead,US,True,18.3969524395875,374
3306,1,101,,MEN,,93.602,,CALIF DIV OF FORESTRY,-123.72109596401604,39.87711163505886,5400.0,700,7600,Ahead,US,True,18.3969524395875,374
3386,1,199,,DN,T,14.636,,"GASQUET, EAST",-123.96231732434248,41.843391113649815,5400.0,540,6600,Ahead,US,True,18.3969524395875,374
3592,1,299,,HUM,,19.05,,BAIR ROAD,-123.84416826341636,40.92765230220003,5400.0,530,5600,Ahead,State,True,18.3969524395875,374
3428,1,1,,MEN,,50.04,,COMPTCHE/UKIAH ROADS,-123.79407324896508,39.299665241088796,5390.0,660,6700,Back,State,True,18.246883176850854,381
3140,1,101,,HUM,T,0.076,,TEMPORARY JCT. RTE. 271 SOUTH,-123.78320392597969,40.002893651751506,5300.0,930,7700,Back,US,True,18.15068493150685,382
3594,1,299,,HUM,,38.833,,"WILLOW CREEK, JCT. RTE. 96 NORTH",-123.63145737216755,40.939379386444365,5300.0,530,5600,Back,State,True,18.15068493150685,382
3140,1,101,,HUM,T,0.076,,TEMPORARY JCT. RTE. 271 SOUTH,-123.78320392597969,40.002893651751506,5300.0,930,7400,Ahead,US,True,18.15068493150685,382
3662,1,36,,HUM,,2.811,,"HYDESVILLE, ROHNERVILLE ROAD",-124.09749668684914,40.54759545611322,5300.0,530,5800,Ahead,State,True,18.15068493150685,382
3664,1,36,,HUM,,3.27,,EAST LIMITS HYDESVILLE,-124.08909179213275,40.545822964264175,5200.0,700,5700,Back,State,True,17.954440511005078,386
3664,1,36,,HUM,,3.27,,EAST LIMITS HYDESVILLE,-124.08909179213275,40.545822964264175,5200.0,700,5500,Ahead,State,True,17.954440511005078,386
3142,1,101,,HUM,T,0,,MENDOCINO/HUMBOLDT COUNTY,-123.78333132954485,40.00177471567464,5150.0,900,6800,Ahead,US,True,17.846698476219792,388
3057,1,101,,DN,R,4.638,,"KLAMATH, JCT. RTE. 169 SOUTHEAST",-124.03412082293056,41.52303074538242,5100.0,600,5400,Back,US,True,17.723564722179468,389
3090,1,101,,DN,,8.804,,NEW HUNTER CREEK ROAD,-124.06262136292935,41.561516314475966,5100.0,800,6600,Ahead,US,True,17.723564722179468,389
3506,1,222,,MEN,,1.56,,SANFORD RANCH ROAD,-123.17718470760866,39.13309785478313,5100.0,660,5400,Ahead,State,True,17.723564722179468,389
3580,1,299,,HUM,R,6.254,,ELGARS ROAD,-123.98267065136413,40.88766902931518,5100.0,490,6000,Ahead,State,True,17.723564722179468,389
3088,1,101,,DN,,8.176,,REQUA ROAD,-124.05522275650264,41.55426364509948,5000.0,800,6600,Back,US,True,17.477297214098815,393
3318,1,128,,MEN,,28.4,,MOUNTAIN VIEW ROAD,-123.3720977722066,39.012460749274524,5000.0,730,6200,Ahead,State,True,17.477297214098815,393
3390,1,199,,DN,,4.37,,JCT. RTE. 197 NORTH,-124.08128698190762,41.80568736480381,5000.0,990,8100,Ahead,US,True,17.477297214098815,393
3578,1,299,,HUM,R,5.451,,BLUE LAKE ROAD,-123.99786433387155,40.88795687560633,5000.0,480,6100,Ahead,State,True,17.477297214098815,393
3564,1,281,,LAK,,15.06,,POINT LAKEVIEW ROAD,-122.7274472982544,38.95447589649644,4950.0,570,5200,Ahead,State,True,17.319532091734647,397
3090,1,101,,DN,,8.804,,NEW HUNTER CREEK ROAD,-124.06262136292935,41.561516314475966,4900.0,800,6600,Back,US,True,17.22333384639064,398
3156,1,101,,HUM,,122.25,,BALD HILLS ROAD,-124.04780858317041,41.301753379306064,4900.0,600,7400,Back,US,True,17.22333384639064,398
3158,1,101,,HUM,,123.73,,REDWOOD MILL ROAD,-124.03968053574985,41.320034898278955,4900.0,600,7400,Back,US,True,17.22333384639064,398
3582,1,299,,HUM,R,6.666,,BUCKLEY ROAD,-123.97486458978582,40.88733881119673,4900.0,500,5600,Back,State,True,17.22333384639064,398
3088,1,101,,DN,,8.176,,REQUA ROAD,-124.05522275650264,41.55426364509948,4900.0,800,6600,Ahead,US,True,17.22333384639064,398
3582,1,299,,HUM,R,6.666,,BUCKLEY ROAD,-123.97486458978582,40.88733881119673,4900.0,500,5600,Ahead,State,True,17.22333384639064,398
3658,1,36,,HUM,,0.298,,EAST LIMITS ALTON,-124.13972373052768,40.54855871506983,4900.0,510,5600,Ahead,State,True,17.22333384639064,398
3400,1,1,,MEN,R,64.858,,MAC KERRICHER STATE PARK,-123.78733870953573,39.48789063210871,4850.0,880,6100,Back,State,True,17.127135601046636,405
3434,1,1,,MEN,,59.803,,JCT. RTE. 20 EAST,-123.80792221727253,39.420129240945315,4850.0,1900,22000,Ahead,State,True,17.127135601046636,405
3092,1,101,,HUM,R,103.378,,SEAWOOD DRIVE,-124.15323471040445,41.098487127269145,4800.0,690,6600,Back,US,True,17.01554563644759,407
3148,1,101,,HUM,,108.22,,BIG LAGOON PARK ROAD,-124.12738888790295,41.15562762961334,4800.0,690,7300,Back,US,True,17.01554563644759,407
3596,1,299,,HUM,,38.9,,"WILLOW CREEK, RIVER ROAD",-123.63000545661487,40.938991807089515,4800.0,550,5900,Back,State,True,17.01554563644759,407
3146,1,101,,HUM,,100.705,,TRINIDAD ROAD,-124.13901587066019,41.06207468878878,4800.0,690,6600,Ahead,US,True,17.01554563644759,407
3280,1,101,,MEN,T,91.245,,"LEGGETT, JCT. RTE. 1",-123.71360646694723,39.868169995069415,4750.0,1200,6500,Ahead,US,True,16.892411882407266,411
3061,1,101,,DN,,23.77,,HUMBOLDT ROAD; BLUFF ROAD,-124.15260432573865,41.735430946243625,4700.0,600,6500,Back,US,True,16.715407110974294,412
3094,1,101,,HUM,R,106.069,,PATRICKS POINT,-124.14673940042012,41.136051595104995,4700.0,670,6600,Back,US,True,16.715407110974294,412
3152,1,101,,HUM,,120.4,,SOUTH LIMITS ORICK,-124.07041664023271,41.28467977118984,4700.0,580,7200,Back,US,True,16.715407110974294,412
3306,1,101,,MEN,,93.602,,CALIF DIV OF FORESTRY,-123.72109596401604,39.87711163505886,4700.0,880,6800,Back,US,True,16.715407110974294,412
3388,1,199,,DN,,36.408,,OREGON STATE LINE,-123.72144470258574,41.99688447140564,4700.0,480,5900,Back,US,True,16.715407110974294,412
3584,1,299,,HUM,R,7.139,,OLD HIGHWAY,-123.9674198620558,40.884021641356746,4700.0,480,5400,Back,State,True,16.715407110974294,412
3658,1,36,,HUM,,0.298,,EAST LIMITS ALTON,-124.13972373052768,40.54855871506983,4700.0,510,5300,Back,State,True,16.715407110974294,412
3092,1,101,,HUM,R,103.378,,SEAWOOD DRIVE,-124.15323471040445,41.098487127269145,4700.0,670,6600,Ahead,US,True,16.715407110974294,412
3150,1,101,,HUM,,109.55,,GEORGIA PACIFIC ROAD,-124.10608054213981,41.16529274694145,4700.0,580,7200,Ahead,US,True,16.715407110974294,412
3154,1,101,,HUM,,121.61,,NORTH LIMITS ORICK,-124.05536122461717,41.29458534719764,4700.0,580,7100,Ahead,US,True,16.715407110974294,412
3094,1,101,,HUM,R,106.069,,PATRICKS POINT,-124.14673940042012,41.136051595104995,4660.0,500,5800,Ahead,US,True,16.576881637678927,422
3662,1,36,,HUM,,2.811,,"HYDESVILLE, ROHNERVILLE ROAD",-124.09749668684914,40.54759545611322,4600.0,720,5800,Back,State,True,16.346005848853316,423
3150,1,101,,HUM,,109.55,,GEORGIA PACIFIC ROAD,-124.10608054213981,41.16529274694145,4500.0,570,6900,Back,US,True,16.095890410958905,424
3148,1,101,,HUM,,108.22,,BIG LAGOON PARK ROAD,-124.12738888790295,41.15562762961334,4500.0,570,6900,Ahead,US,True,16.095890410958905,424
3598,1,299,,HUM,,41.86,,"GAMBI VILLAGE, EAST",-123.60997836267008,40.90125441070706,4450.0,560,5500,Back,State,True,15.945821148222256,426
3160,1,101,,HUM,,123.82,,DAVIDSON ROAD (GOLD BEACH),-124.03917154941156,41.321252902921756,4400.0,640,6300,Back,US,True,15.757272587348007,427
3310,1,128,,MEN,R,28.09,,BOONVILLE STATE HIGHWAY MAINTENANCE STATION (MILEPOST EQUATION),-123.37359769103314,39.016792386652654,4400.0,610,5300,Back,State,True,15.757272587348007,427
3318,1,128,,MEN,,28.4,,MOUNTAIN VIEW ROAD,-123.3720977722066,39.012460749274524,4400.0,610,5300,Back,State,True,15.757272587348007,427
3158,1,101,,HUM,,123.73,,REDWOOD MILL ROAD,-124.03968053574985,41.320034898278955,4400.0,690,6300,Ahead,US,True,15.757272587348007,427
3310,1,128,,MEN,R,28.09,,BOONVILLE STATE HIGHWAY MAINTENANCE STATION (MILEPOST EQUATION),-123.37359769103314,39.016792386652654,4400.0,610,5300,Ahead,State,True,15.757272587348007,427
3596,1,299,,HUM,,38.9,,"WILLOW CREEK, RIVER ROAD",-123.63000545661487,40.938991807089515,4400.0,500,5300,Ahead,State,True,15.757272587348007,427
3272,1,101,,MEN,R,48.22,,EB 10-174,-123.3555107191502,39.428388665249976,4310.0,800,5200,Back,US,True,15.491765430198553,433
3592,1,299,,HUM,,19.05,,BAIR ROAD,-123.84416826341636,40.92765230220003,4300.0,380,4800,Back,State,True,15.445590272433432,434
3057,1,101,,DN,R,4.638,,"KLAMATH, JCT. RTE. 169 SOUTHEAST",-124.03412082293056,41.52303074538242,4300.0,600,5400,Ahead,US,True,15.445590272433432,434
3063,1,101,,DN,,24.41,,SANDMINE ROAD,-124.16254854657645,41.740154105324585,4300.0,600,6500,Ahead,US,True,15.445590272433432,434
3660,1,36,,HUM,,0,,"ALTON, JCT. RTE. 101",-124.14541527021659,40.54862743133073,4300.0,560,4900,Ahead,State,True,15.445590272433432,434
3063,1,101,,DN,,24.41,,SANDMINE ROAD,-124.16254854657645,41.740154105324585,4200.0,600,6500,Back,US,True,15.195474834539018,438
3308,1,128,,MEN,R,26.84,,CON CREEK,-123.38725336434935,39.03133221163361,4200.0,520,4800,Back,State,True,15.195474834539018,438
3053,1,101,,DN,R,3.56,,SOUTH BANK ROAD,-124.03067206658731,41.50871340412904,4200.0,600,5400,Ahead,US,True,15.195474834539018,438
3160,1,101,,HUM,,123.82,,DAVIDSON ROAD (GOLD BEACH),-124.03917154941156,41.321252902921756,4200.0,640,6500,Ahead,US,True,15.195474834539018,438
3368,1,175,,MEN,,0.77,,"EAST SIDE ROAD, RIGHT",-123.10265347825363,38.97254865146233,4200.0,500,5500,Ahead,State,True,15.195474834539018,438
3424,1,1,,MEN,,47.5,,"LITTLE RIVER, AIRPORT ROAD",-123.78655779687271,39.268135633115826,4200.0,650,5200,Ahead,State,True,15.195474834539018,438
3061,1,101,,DN,,23.77,,HUMBOLDT ROAD; BLUFF ROAD,-124.15260432573865,41.735430946243625,4130.0,700,6500,Ahead,US,True,15.014622133292288,444
3508,1,222,,MEN,,2.153,,TALMAGE,-123.16605688901038,39.13316550773816,4100.0,590,4300,Back,State,True,14.910728028320763,445
3586,1,299,,HUM,R,7.158,,END TRUCK LANE RIGHT,-123.96706115937295,40.88403350557939,4100.0,530,5400,Back,State,True,14.910728028320763,445
3059,1,101,,DN,,10.87,,TREES OF MYSTERY,-124.08637617604569,41.58406710347438,4100.0,620,6300,Ahead,US,True,14.910728028320763,445
3584,1,299,,HUM,R,7.139,,OLD HIGHWAY,-123.9674198620558,40.884021641356746,4100.0,530,5400,Ahead,State,True,14.910728028320763,445
3580,1,299,,HUM,R,6.254,,ELGARS ROAD,-123.98267065136413,40.88766902931518,4050.0,680,5800,Back,State,True,14.749114976142835,449
3404,1,1,,MEN,,1.02,,NORTH LIMITS GUALALA,-123.53189464581102,38.77004042079284,4000.0,440,4650,Back,State,True,14.618285362474989,450
3053,1,101,,DN,R,3.56,,SOUTH BANK ROAD,-124.03067206658731,41.50871340412904,3900.0,600,5400,Back,US,True,14.375865784208097,451
3320,1,128,,MEN,,29.576,,JCT. RTE. 253 EAST,-123.35842189218637,38.999168815977136,3900.0,730,5000,Back,State,True,14.375865784208097,451
3308,1,128,,MEN,R,26.84,,CON CREEK,-123.38725336434935,39.03133221163361,3800.0,540,4800,Ahead,State,True,14.091118977989842,453
3684,1,96,,HUM,,0.1,,STANDARD OIL LANE,-123.631526863143,40.9407458089198,3800.0,300,4300,Ahead,State,True,14.091118977989842,453
3100,1,101,,HUM,R,126.098,,ENTRANCE TO PRAIRIE CREEK STATE PARK,-124.02686720818399,41.34879491613447,3720.0,780,5900,Back,US,True,13.764044943820226,455
3316,1,128,,MEN,,22.59,,WEST LIMITS PHILO,-123.44683670014017,39.067342911777885,3720.0,640,4550,Ahead,State,True,13.764044943820226,455
3600,1,299,,HUM,,43.035,,HUMBOLT/TRINITY COUNTY LINE,-123.60100940500703,40.888927556773034,3650.0,400,5000,Back,State,True,13.548560874249654,457
3586,1,299,,HUM,R,7.158,,END TRUCK LANE RIGHT,-123.96706115937295,40.88403350557939,3650.0,580,4900,Ahead,State,True,13.548560874249654,457
3368,1,175,,MEN,,0.77,,"EAST SIDE ROAD, RIGHT",-123.10265347825363,38.97254865146233,3550.0,420,4400,Back,State,True,13.27150992765892,459
3049,1,101,,DN,R,0.51,,HUMBOLDT/DEL NORTE COUNTY LINE,-124.0424364295993,41.471705688953094,3500.0,710,4750,Back,US,True,13.109896875480992,460
3102,1,101,,HUM,R,137.144,,HUMBOLDT/DEL NORTE COUNTY LINE,-124.03733852270123,41.46469914643711,3500.0,540,5900,Back,US,True,13.109896875480992,460
3047,1,101,,DN,M,0,,HUMBOLDT/DEL NORTE COUNTY LINE,-124.03733852270123,41.46469914643711,3500.0,550,5400,Ahead,US,True,13.109896875480992,460
3100,1,101,,HUM,R,126.098,,ENTRANCE TO PRAIRIE CREEK STATE PARK,-124.02686720818399,41.34879491613447,3500.0,540,5900,Ahead,US,True,13.109896875480992,460
3372,1,175,,MEN,,1.14,,"EAST SIDE ROAD, LEFT",-123.09913517793434,38.977260607989194,3400.0,390,4250,Back,State,True,12.771279051870094,464
3390,1,199,,DN,,4.37,,JCT. RTE. 197 NORTH,-124.08128698190762,41.80568736480381,3400.0,690,5600,Back,US,True,12.771279051870094,464
3156,1,101,,HUM,,122.25,,BALD HILLS ROAD,-124.04780858317041,41.301753379306064,3400.0,600,7400,Ahead,US,True,12.771279051870094,464
3424,1,1,,MEN,,47.5,,"LITTLE RIVER, AIRPORT ROAD",-123.78655779687271,39.268135633115826,3300.0,480,4200,Back,State,True,12.467292596583038,467
3482,1,20,,MEN,,32.437,,"WILLITS, WEST CITY LIMITS",-123.3653440735089,39.4055836432426,3250.0,390,4000,Back,State,True,12.30952747421887,468
3362,1,175,,LAK,,19.62,,COBB POST OFFICE,-122.72016542610226,38.82192685709835,3200.0,400,3500,Back,State,True,12.136370632599663,469
3512,1,253,,MEN,,17.18,,"UKIAH, JCT. RTE. 101",-123.19519590030916,39.109229558307675,3200.0,330,3850,Back,State,True,12.136370632599663,469
3688,1,96,,HUM,,10.95,,SOUTH LIMITS HOOPA,-123.67252423177518,41.04467743195614,3200.0,340,3600,Back,State,True,12.136370632599663,469
3688,1,96,,HUM,,10.95,,SOUTH LIMITS HOOPA,-123.67252423177518,41.04467743195614,3200.0,300,3600,Ahead,State,True,12.136370632599663,469
3426,1,1,,MEN,,5.09,,FISH ROCK ROAD,-123.5854289259046,38.8035542359336,3100.0,320,3600,Back,State,True,11.824688317685085,473
3684,1,96,,HUM,,0.1,,STANDARD OIL LANE,-123.631526863143,40.9407458089198,3100.0,320,3500,Back,State,True,11.824688317685085,473
3334,1,162,,MEN,,29.251,,EAST LANE ROAD,-123.24816097010945,39.795158799287634,3100.0,300,3300,Ahead,State,True,11.824688317685085,473
3426,1,1,,MEN,,5.09,,FISH ROCK ROAD,-123.5854289259046,38.8035542359336,3100.0,210,3600,Ahead,State,True,11.824688317685085,473
3686,1,96,,HUM,,0,,"WILLOW CREEK, JCT. RTE. 299",-123.63145737216755,40.939379386444365,3100.0,320,3500,Ahead,State,True,11.824688317685085,473
3480,1,20,,MEN,,2.08,,SUMMER LANE,-123.77085113681218,39.415132011016745,3090.0,510,3850,Ahead,State,True,11.651531476065877,478
3598,1,299,,HUM,,41.86,,"GAMBI VILLAGE, EAST",-123.60997836267008,40.90125441070706,3010.0,490,4150,Ahead,State,True,11.489918423887948,479
3338,1,162,,MEN,,30.768,,MINA ROAD,-123.24813280702698,39.81705791005411,3000.0,270,3200,Back,State,True,11.370632599661382,480
3382,1,197,,DN,,7.08,,JCT. RTE. 101,-124.1367259554065,41.881614231771614,3000.0,370,3500,Back,State,True,11.370632599661382,480
3422,1,1,,MEN,,40.273,,JCT. RTE. 128 EAST,-123.74661341095869,39.19753858620234,3000.0,270,3800,Back,State,True,11.370632599661382,480
3402,1,1,,MEN,,0,,SONOMA/MENDOCINO COUNTY LINE,-123.51845080781521,38.75980633485649,3000.0,440,4650,Ahead,State,True,11.370632599661382,480
3364,1,175,,LAK,,26.608,,DRY CREEK ROAD,-122.63845123719267,38.75846326868364,2900.0,350,3350,Back,State,True,11.039710635678006,484
3049,1,101,,DN,R,0.51,,HUMBOLDT/DEL NORTE COUNTY LINE,-124.0424364295993,41.471705688953094,2900.0,450,3450,Ahead,US,True,11.039710635678006,484
3362,1,175,,LAK,,19.62,,COBB POST OFFICE,-122.72016542610226,38.82192685709835,2900.0,350,3300,Ahead,State,True,11.039710635678006,484
3422,1,1,,MEN,,40.273,,JCT. RTE. 128 EAST,-123.74661341095869,39.19753858620234,2830.0,520,3900,Ahead,State,True,10.843466215176235,487
3478,1,20,,MEN,,17.285,,CHAMBERLAIN CREEK,-123.55666509957746,39.3528596074371,2800.0,270,3800,Back,State,True,10.731876250577189,488
3372,1,175,,MEN,,1.14,,"EAST SIDE ROAD, LEFT",-123.09913517793434,38.977260607989194,2800.0,300,3200,Ahead,State,True,10.731876250577189,488
3478,1,20,,MEN,,17.285,,CHAMBERLAIN CREEK,-123.55666509957746,39.3528596074371,2800.0,330,4400,Ahead,State,True,10.731876250577189,488
3366,1,175,,LAK,,28.038,,JCT. RTE. 29,-122.61525384667644,38.75239206717414,2700.0,300,3000,Back,State,True,10.331691549946129,491
3364,1,175,,LAK,,26.608,,DRY CREEK ROAD,-122.63845123719267,38.75846326868364,2700.0,300,3000,Ahead,State,True,10.331691549946129,491
3384,1,199,,DN,T,0.506,L,"JCT. RTE. 101, LEFT ALIGN",-124.14853101659243,41.80337962374769,2700.0,450,3400,Ahead,US,True,10.331691549946129,491
3385,1,199,,DN,T,0.506,R,"JCT. RTE. 101, RIGHT ALIGN",-124.14790278878164,41.802709941565254,2700.0,450,3400,Ahead,US,True,10.331691549946129,491
3404,1,1,,MEN,,1.02,,NORTH LIMITS GUALALA,-123.53189464581102,38.77004042079284,2700.0,350,3200,Ahead,State,True,10.331691549946129,491
3374,1,175,,MEN,,2.79,,YOUNCE ROAD,-123.07037025925585,38.97652832095482,2600.0,240,2900,Back,State,True,9.96229028782515,496
3380,1,197,,DN,R,1.285,,SIMPSON PARK DR,-124.09254921721849,41.81716315225943,2600.0,370,3600,Back,State,True,9.96229028782515,496
3452,1,200,,HUM,,1.287,,AZALEA AVENUE,-124.07964339192444,40.91601001858715,2600.0,280,2800,Back,State,True,9.96229028782515,496
3380,1,197,,DN,R,1.285,,SIMPSON PARK DR,-124.09254921721849,41.81716315225943,2600.0,370,3600,Ahead,State,True,9.96229028782515,496
3412,1,1,,MEN,,15.18,,"POINT ARENA, RIVERSIDE DRIVE",-123.69242329513072,38.910922341964536,2600.0,250,2800,Ahead,State,True,9.96229028782515,496
3452,1,200,,HUM,,1.287,,AZALEA AVENUE,-124.07964339192444,40.91601001858715,2500.0,260,2700,Ahead,State,True,9.500538710173927,501
3524,1,254,,HUM,,4.837,,MIRANDA BRIDGE RD,-123.81185625521037,40.21910538903458,2500.0,500,3000,Ahead,State,True,9.500538710173927,501
3414,1,1,,MEN,,15.74,,"POINT ARENA, LAKE STREET",-123.70104356452971,38.91436749176642,2430.0,250,2500,Ahead,State,True,9.242727412651993,503
3410,1,1,,MEN,,14.692,,"POINT ARENA, SOUTH CITY LIMITS",-123.69157650541466,38.904073243578694,2400.0,240,2850,Ahead,State,True,9.169616746190549,504
3414,1,1,,MEN,,15.74,,"POINT ARENA, LAKE STREET",-123.70104356452971,38.91436749176642,2390.0,320,2800,Back,State,True,9.096506079729105,505
3448,1,200,,HUM,R,0,,JCT. RTE. 101,-124.09859526355955,40.92100896365573,2350.0,270,2550,Ahead,State,True,9.004155764198861,506
3416,1,1,,MEN,,16.166,,"POINT ARENA, NORTH CITY LIMITS",-123.70603783818332,38.91863427698266,2300.0,250,2800,Back,State,True,8.79636755425581,507
3654,1,36,,HUM,R,23.709,,WEST LIMITS BRIDGEVILLE,-123.80303803125871,40.46818743172225,2300.0,190,2700,Back,State,True,8.79636755425581,507
3416,1,1,,MEN,,16.166,,"POINT ARENA, NORTH CITY LIMITS",-123.70603783818332,38.91863427698266,2300.0,250,2800,Ahead,State,True,8.79636755425581,507
3670,1,36,,HUM,,7.54,,"CARLOTTA, EAST",-124.02349079945878,40.51934445405559,2300.0,290,2600,Ahead,State,True,8.79636755425581,507
3370,1,175,,MEN,,0,,"HOPLAND, JCT. RTE. 101",-123.11662157484587,38.97124671296192,2250.0,530,2650,Ahead,State,True,8.61166692319532,511
3378,1,197,,DN,R,0,,JCT. RTE. 199,-124.08125301121683,41.805652104310305,2250.0,410,3250,Ahead,State,True,8.61166692319532,511
3570,1,283,,HUM,,0,,JCT. RTE. 101,-124.0983455175375,40.48830195271357,2250.0,370,2400,Ahead,State,True,8.61166692319532,511
3568,1,283,,HUM,,0.356,,NORTH END OF EEL RIVER BRIDGE,-124.1011061113725,40.4926391655567,2210.0,280,2300,Back,State,True,8.542404186547637,514
3410,1,1,,MEN,,14.692,,"POINT ARENA, SOUTH CITY LIMITS",-123.69157650541466,38.904073243578694,2200.0,240,2600,Back,State,True,8.426966292134832,515
3450,1,200,,HUM,R,2.681,,JCT. RTE. 299,-124.05810406953881,40.91011356693138,2200.0,250,2600,Back,State,True,8.426966292134832,515
3316,1,128,,MEN,,22.59,,WEST LIMITS PHILO,-123.44683670014017,39.067342911777885,2100.0,280,2600,Back,State,True,8.146067415730338,517
3418,1,1,,MEN,,19.34,,"MOUNTAIN VIEW ROAD, MANCHESTER, SOUTH",-123.69041211363495,38.951285202679465,2100.0,190,2500,Back,State,True,8.146067415730338,517
3670,1,36,,HUM,,7.54,,"CARLOTTA, EAST",-124.02349079945878,40.51934445405559,2100.0,310,2700,Back,State,True,8.146067415730338,517
3516,1,254,,HUM,,12.327,,JCT. RTE. 101,-123.87012600971404,40.266442816556044,2000.0,500,2300,Back,State,True,7.795905802678159,520
3564,1,281,,LAK,,15.06,,POINT LAKEVIEW ROAD,-122.7274472982544,38.95447589649644,2000.0,220,2200,Back,State,True,7.795905802678159,520
3656,1,36,,HUM,R,23.916,,"BRIDGEVILLE, ALDERPOINT ROAD",-123.79930670445295,40.46849769556038,2000.0,180,2500,Back,State,True,7.795905802678159,520
3314,1,128,,MEN,,11.67,,FLYNN CREEK ROAD,-123.5824567635488,39.161133594987355,2000.0,270,2500,Ahead,State,True,7.795905802678159,520
3654,1,36,,HUM,R,23.709,,WEST LIMITS BRIDGEVILLE,-123.80303803125871,40.46818743172225,2000.0,180,2500,Ahead,State,True,7.795905802678159,520
3358,1,175,,LAK,R,8.193,,JCT. RTE. 29,-122.91291435575596,39.01690688211598,1900.0,250,2300,Back,State,True,7.287979067261813,525
3690,1,96,,HUM,,12.83,,NORTH LIMITS HOOPA,-123.68665898651388,41.0682229515094,1900.0,270,2300,Back,State,True,7.287979067261813,525
3346,1,169,,DN,R,0,,"KLAMATH, JCT. RTE. 101",-124.03419524835185,41.52315720317462,1900.0,230,2300,Ahead,State,True,7.287979067261813,525
3656,1,36,,HUM,R,23.916,,"BRIDGEVILLE, ALDERPOINT ROAD",-123.79930670445295,40.46849769556038,1900.0,100,2200,Ahead,State,True,7.287979067261813,525
3690,1,96,,HUM,,12.83,,NORTH LIMITS HOOPA,-123.68665898651388,41.0682229515094,1900.0,3250,2300,Ahead,State,True,7.287979067261813,525
3694,1,96,,HUM,,3.59,,"WILLOW CREEK, NORTH",-123.63753471940639,40.98664155713541,1900.0,220,2100,Ahead,State,True,7.287979067261813,525
3320,1,128,,MEN,,29.576,,JCT. RTE. 253 EAST,-123.35842189218637,38.999168815977136,1850.0,1000,2900,Ahead,State,True,7.099430506387564,531
3418,1,1,,MEN,,19.34,,"MOUNTAIN VIEW ROAD, MANCHESTER, SOUTH",-123.69041211363495,38.951285202679465,1850.0,220,2150,Ahead,State,True,7.099430506387564,531
3510,1,253,,MEN,,0,,"BOONVILLE, JCT. RTE. 128",-123.35840454661657,38.99914834609577,1850.0,230,2150,Ahead,State,True,7.099430506387564,531
3694,1,96,,HUM,,3.59,,"WILLOW CREEK, NORTH",-123.63753471940639,40.98664155713541,1810.0,280,2150,Back,State,True,7.0186239802985995,534
3322,1,128,,MEN,,41.13,,"YORKVILLE, WEST CITY LIMITS",-123.22054135311258,38.900256403108685,1800.0,200,2300,Back,State,True,6.907034015699553,535
3324,1,128,,MEN,,50.902,,MENDOCINO/SONOMA COUNTY LINE,-123.07733890683473,38.852218473761866,1800.0,210,2250,Back,State,True,6.907034015699553,535
3334,1,162,,MEN,,29.251,,EAST LANE ROAD,-123.24816097010945,39.795158799287634,1800.0,210,2100,Back,State,True,6.907034015699553,535
3562,1,281,,LAK,,14,,BEGIN STATE HIGHWAY,-122.737479075188,38.96583424533782,1800.0,210,2100,Ahead,State,True,6.907034015699553,535
3322,1,128,,MEN,,41.13,,"YORKVILLE, WEST CITY LIMITS",-123.22054135311258,38.900256403108685,1750.0,210,2300,Ahead,State,True,6.737725103894104,539
3314,1,128,,MEN,,11.67,,FLYNN CREEK ROAD,-123.5824567635488,39.161133594987355,1700.0,220,2000,Back,State,True,6.506849315068493,540
3666,1,36,,HUM,,43.955,,EAST LIMITS COBB,-123.57133711063648,40.47898702224324,1700.0,140,2000,Back,State,True,6.506849315068493,540
3312,1,128,,MEN,,0,,JCT. RTE. 1,-123.74661341095869,39.19753858620234,1700.0,220,2000,Ahead,State,True,6.506849315068493,540
3374,1,175,,MEN,,2.79,,YOUNCE ROAD,-123.07037025925585,38.97652832095482,1700.0,190,1950,Ahead,State,True,6.506849315068493,540
3666,1,36,,HUM,,43.955,,EAST LIMITS COBB,-123.57133711063648,40.47898702224324,1700.0,150,2000,Ahead,State,True,6.506849315068493,540
3412,1,1,,MEN,,15.18,,"POINT ARENA, RIVERSIDE DRIVE",-123.69242329513072,38.910922341964536,1640.0,470,4150,Back,State,True,6.210558719408958,545
3668,1,36,,HUM,,45.681,,HUMBOLDT/TRINITY COUNTY LINE,-123.54449929653302,40.46554329072594,1600.0,140,1900,Back,State,True,6.079729105741111,546
3332,1,162,,MEN,,28.232,,WATTENBURG ROAD,-123.24824467961922,39.78062251276327,1600.0,200,1950,Ahead,State,True,6.079729105741111,546
3400,1,1,,MEN,R,64.858,,MAC KERRICHER STATE PARK,-123.78733870953573,39.48789063210871,1560.0,340,2150,Ahead,State,True,5.948899492073265,548
3376,1,175,,MEN,,9.85,,MENDOCINO/LAKE COUNTY LINE,-122.98685521230628,38.98905736085701,1400.0,140,1700,Back,State,True,5.121594582114822,549
3360,1,175,,LAK,,0,,MENDOCINO/LAKE COUNTY LINE,-122.98685521230628,38.98905736085701,1400.0,140,1700,Ahead,State,True,5.121594582114822,549
3524,1,254,,HUM,,4.837,,MIRANDA BRIDGE RD,-123.81185625521037,40.21910538903458,1350.0,300,1500,Back,State,True,4.921502231799292,551
3420,1,1,,MEN,,34.9,,NORTH LIMITS ELK,-123.72429960964413,39.13898935432256,1330.0,160,1600,Ahead,State,True,4.840695705710328,552
3326,1,162,,MEN,R,0,,JCT. RTE. 101,-123.43023744706387,39.55520985987601,1300.0,120,2150,Ahead,State,True,4.732953670925042,553
3444,1,1,,MEN,,77.66,,"WESTPORT, NORTH",-123.78463713681153,39.64129750010919,1300.0,140,1800,Ahead,State,True,4.732953670925042,553
3332,1,162,,MEN,,28.232,,WATTENBURG ROAD,-123.24824467961922,39.78062251276327,1250.0,110,1300,Back,State,True,4.559796829305833,555
3420,1,1,,MEN,,34.9,,NORTH LIMITS ELK,-123.72429960964413,39.13898935432256,1215.0,220,1550,Back,State,True,4.486686162844389,556
3516,1,254,,HUM,,12.327,,JCT. RTE. 101,-123.87012600971404,40.266442816556044,1200.0,250,2000,Ahead,State,True,4.386639987686625,557
3696,1,96,,HUM,,37.87,,EYESEE ROAD,-123.55139451941385,41.29916399375858,1200.0,120,1400,Ahead,State,True,4.386639987686625,557
3328,1,162,,MEN,,15.307,,COUNTY ROAD 322/ DOS RIOS ROAD,-123.34543918637539,39.71161117851871,1100.0,100,1300,Back,State,True,3.982607357241804,559
3336,1,162,,MEN,,2,,RIVER BAR ROAD,-123.40189454612609,39.5648790970814,1100.0,100,1200,Back,State,True,3.982607357241804,559
3692,1,96,,HUM,,23.086,,"WEITCHPEC, JCT. RTE. 169",-123.7046973981675,41.18657501465162,1100.0,90,1250,Back,State,True,3.982607357241804,559
3330,1,162,,MEN,,26.78,,COUNTY ROAD 327/ POOHKINY ROAD,-123.24831959552066,39.758736959046956,1100.0,110,1300,Ahead,State,True,3.982607357241804,559
3520,1,254,,HUM,,18.8,,"WEOTT, NORTH",-123.9280438096793,40.33038765494975,1100.0,200,1300,Ahead,State,True,3.982607357241804,559
3328,1,162,,MEN,,15.307,,COUNTY ROAD 322/ DOS RIOS ROAD,-123.34543918637539,39.71161117851871,1050.0,100,1200,Ahead,State,True,3.782515006926274,564
3696,1,96,,HUM,,37.87,,EYESEE ROAD,-123.55139451941385,41.29916399375858,1000.0,110,1200,Back,State,True,3.6093581653070648,565
3698,1,96,,HUM,,38.5,,"ORLEANS, NORTH",-123.53693690746711,41.30285774678253,1000.0,110,1200,Back,State,True,3.6093581653070648,565
3698,1,96,,HUM,,38.5,,"ORLEANS, NORTH",-123.53693690746711,41.30285774678253,1000.0,110,1200,Ahead,State,True,3.6093581653070648,565
3522,1,254,,HUM,,24.21,,"ENGLEWOOD PARK , DYERVILLE, NORTH",-123.93903075088149,40.39643969521818,990.0,210,1100,Back,State,True,3.536247498845621,568
3338,1,162,,MEN,,30.768,,MINA ROAD,-123.24813280702698,39.81705791005411,980.0,110,1200,Ahead,State,True,3.5093119901492997,569
3336,1,162,,MEN,,2,,RIVER BAR ROAD,-123.40189454612609,39.5648790970814,950.0,100,1200,Ahead,State,True,3.4477451131291366,570
3344,1,169,,DN,R,0.248,,SIMPSON MILL ROAD (MILEPOST EQUATION),-124.03101325661369,41.52102261968938,930.0,110,1100,Back,State,True,3.397722025550254,571
3444,1,1,,MEN,,77.66,,"WESTPORT, NORTH",-123.78463713681153,39.64129750010919,900.0,180,1300,Back,State,True,3.286132060951208,572
3520,1,254,,HUM,,18.8,,"WEOTT, NORTH",-123.9280438096793,40.33038765494975,900.0,130,1250,Back,State,True,3.286132060951208,572
3526,1,254,,HUM,,46.53,,"JCT. RTE. 101, JORDAN RD",-124.03205576587395,40.439906794147966,900.0,190,1100,Back,State,True,3.286132060951208,572
3680,1,96,,HUM,R,38.773,,"KLAMATH RIVER, NORTH",-123.53137737341254,41.303533164105836,900.0,100,1100,Ahead,State,True,3.286132060951208,572
3350,1,169,,DN,,3.521,,"KLAMATH GLEN, RIFFLE ROAD",-123.98633470962646,41.511556057729116,890.0,120,1200,Back,State,True,3.2284131137448053,576
3348,1,169,,DN,,2.89,,ARROW MILLS ROAD,-123.99173972357069,41.519245261807605,890.0,120,1200,Ahead,State,True,3.2284131137448053,576
3406,1,1,,MEN,,105.501,,"LEGGETT, JCT. RTE. 271",-123.71480421497006,39.86826251099059,840.0,1950,1600,Back,State,True,3.047560412498076,578
3358,1,175,,LAK,R,8.193,,JCT. RTE. 29,-122.91291435575596,39.01690688211598,840.0,90,950,Ahead,State,True,3.047560412498076,578
3330,1,162,,MEN,,26.78,,COUNTY ROAD 327/ POOHKINY ROAD,-123.24831959552066,39.758736959046956,830.0,90,1100,Back,State,True,3.005233184546714,580
3522,1,254,,HUM,,24.21,,"ENGLEWOOD PARK , DYERVILLE, NORTH",-123.93903075088149,40.39643969521818,800.0,110,1000,Ahead,State,True,2.851315991996306,581
3348,1,169,,DN,,2.89,,ARROW MILLS ROAD,-123.99173972357069,41.519245261807605,790.0,120,1000,Back,State,True,2.793597044789903,582
3344,1,169,,DN,R,0.248,,SIMPSON MILL ROAD (MILEPOST EQUATION),-124.03101325661369,41.52102261968938,790.0,120,1000,Ahead,State,True,2.793597044789903,582
3406,1,1,,MEN,,105.501,,"LEGGETT, JCT. RTE. 271",-123.71480421497006,39.86826251099059,720.0,120,1100,Ahead,State,True,2.5088502385716485,584
3680,1,96,,HUM,R,38.773,,"KLAMATH RIVER, NORTH",-123.53137737341254,41.303533164105836,700.0,90,820,Back,State,True,2.4088040634138834,585
3514,1,254,,HUM,,0,,JCT. RTE. 101,-123.77613299891748,40.18195780014771,680.0,200,800,Ahead,State,True,2.3164537478836387,586
3408,1,1,,MEN,,105.578,,"LEGGETT, JCT. RTE. 101",-123.71360646694723,39.868169995069415,630.0,330,1000,Back,State,True,2.1471448360781897,587
3682,1,96,,HUM,R,44.979,,HUMBOLDT/SISKIYOU COUNTY LINE,-123.48819972351718,41.37714073418253,630.0,90,700,Back,State,True,2.1471448360781897,587
3518,1,254,,HUM,,16.84,,BURLINGTON STATE PARK,-123.91000455989753,40.30897404377766,630.0,160,1150,Ahead,State,True,2.1471448360781897,587
3340,1,162,,MEN,,32.984,,SHORT CREEK ROAD,-123.20638274989969,39.816603453106126,600.0,60,800,Ahead,State,True,1.95090041557642,590
3692,1,96,,HUM,,23.086,,"WEITCHPEC, JCT. RTE. 169",-123.7046973981675,41.18657501465162,580.0,60,720,Ahead,State,True,1.8662459596736953,591
3446,1,1,,MEN,,90.874,,JCT. RTE. 211 NORTH,-123.8315373082262,39.780359304650254,570.0,130,860,Back,State,True,1.8277666615360937,592
3518,1,254,,HUM,,16.84,,BURLINGTON STATE PARK,-123.91000455989753,40.30897404377766,560.0,200,1050,Back,State,True,1.793135293212252,593
3446,1,1,,MEN,,90.874,,JCT. RTE. 211 NORTH,-123.8315373082262,39.780359304650254,550.0,100,1100,Ahead,State,True,1.7661997845159305,594
3560,1,271,,MEN,,5.601,,JCT. RTE. 101,-123.7076585651442,39.84856022173579,490.0,70,650,Back,State,True,1.5507157149453594,595
3558,1,271,,MEN,,3.385,,OLD ROUTE 101 BRIDGE,-123.67864343601465,39.833329215799125,490.0,70,670,Ahead,State,True,1.5507157149453594,595
3340,1,162,,MEN,,32.984,,SHORT CREEK ROAD,-123.20638274989969,39.816603453106126,430.0,70,800,Back,State,True,1.292904417423426,597
3548,1,271,,MEN,R,17.048,,JCT. RTE. 101,-123.77935181170082,39.94417263831077,350.0,160,380,Back,State,True,1.0081576112051718,598
3560,1,271,,MEN,,5.601,,JCT. RTE. 101,-123.7076585651442,39.84856022173579,350.0,160,380,Ahead,State,True,1.0081576112051718,598
3342,1,162,,MEN,,34.045,,NEAR SHORT CREEK BRIDGE,-123.19094238552368,39.825129039376314,300.0,60,400,Back,State,True,0.8350007695859628,600
3354,1,169,,HUM,,29.95,,MARTINS FERRY BRIDGE,-123.75550909484066,41.20843362924997,300.0,60,400,Back,State,True,0.8350007695859628,600
3356,1,169,,HUM,,33.84,,"WEITCHPEC, JCT. RTE. 96",-123.70469028261213,41.18658686435742,300.0,60,400,Back,State,True,0.8350007695859628,600
3354,1,169,,HUM,,29.95,,MARTINS FERRY BRIDGE,-123.75550909484066,41.20843362924997,300.0,60,400,Ahead,State,True,0.8350007695859628,600
3546,1,271,,HUM,,0,,MENDOCINO/HUMBOLDT COUNTY LINE,-123.78598922707828,40.00178291820214,240.0,40,270,Ahead,State,True,0.6426042788979529,604
3556,1,271,,MEN,,22.721,,MENDOCINO/HUMBOLDT COUNTY LINE,-123.78598922707828,40.00178291820214,220.0,40,270,Back,State,True,0.565645682622749,605
3352,1,169,,HUM,,13.2,,WAUTECK VILLAGE,-123.87476300720948,41.35089436915025,200.0,40,280,Ahead,State,True,0.49638294597506544,606
3550,1,271,,MEN,,0.02,,JCT. RTE. 101,-123.63159606845416,39.834705483966104,140.0,20,160,Back,State,True,0.22702785901185163,607
3552,1,271,,MEN,,0,,JCT RTE 101,-123.63145679634744,39.83500170118895,140.0,20,150,Ahead,State,True,0.22702785901185163,607
3554,1,271,,MEN,,19.459,,JCT. RTE. 101,-123.79510685322592,39.965978703894194,140.0,30,180,Ahead,State,True,0.22702785901185163,607
3554,1,271,,MEN,,19.459,,JCT. RTE. 101,-123.79510685322592,39.965978703894194,120.0,30,130,Back,State,True,0.15391719255040787,610
3550,1,271,,MEN,,0.02,,JCT. RTE. 101,-123.63159606845416,39.834705483966104,120.0,20,140,Ahead,State,True,0.15391719255040787,610
3558,1,271,,MEN,,3.385,,OLD ROUTE 101 BRIDGE,-123.67864343601465,39.833329215799125,110.0,20,150,Back,State,True,0.1269816838540865,612
3548,1,271,,MEN,R,17.048,,JCT. RTE. 101,-123.77935181170082,39.94417263831077,110.0,20,140,Ahead,State,True,0.1269816838540865,612
1182,10,99,,SJ,,1.708,,MILGEO AVENUE,-121.13324833601193,37.74667285954322,155000.0,10000,158000,Ahead,State,True,83.80021548406957,1
985,10,5,,SJ,R,14.834,,JCT. RTE. 120 EAST,-121.30201056683173,37.78859639845133,152000.0,10100,157000,Back,Interstate,True,83.23456980144682,2
1002,10,5,,SJ,,25.365,,"STOCKTON, JCT. RTE. 4",-121.29742022693388,37.93682949479945,152000.0,13500,161000,Back,Interstate,True,83.23456980144682,2
983,10,5,,SJ,R,12.623,,JCT. RTE. 205 WEST,-121.33158453969615,37.76711153065562,152000.0,10100,157000,Ahead,Interstate,True,83.23456980144682,2
1254,10,99,,STA,R,20.222,,"MODESTO, BECKWITH ROAD",-121.0529817597248,37.68363768883226,148000.0,12500,149000,Back,State,True,82.4149607511159,5
1232,10,99,,STA,M,18.52,,"MODESTO, CARPENTER ROAD",-121.03130602636665,37.66626755700905,148000.0,12500,149000,Ahead,State,True,82.4149607511159,5
1250,10,99,,STA,R,16.121,,"MODESTO, JCT. RTE. 132",-121.00679511115716,37.63931911599296,145000.0,11300,146000,Ahead,State,True,81.83392334923812,7
1252,10,99,,STA,R,16.825,,KANSAS AVENUE,-121.01627923377104,37.64596608891872,142000.0,11400,145000,Back,State,True,81.44528243804832,8
1198,10,99,,SJ,,2.374,,JACKTONE ROAD,-121.14248231195518,37.75310968334718,139000.0,9400,144000,Back,State,True,80.92965984300446,9
1198,10,99,,SJ,,2.374,,JACKTONE ROAD,-121.14248231195518,37.75310968334718,139000.0,9400,144000,Ahead,State,True,80.92965984300446,9
1000,10,5,,SJ,,24.637,,"STOCKTON, EIGHTH STREET",-121.29426736217049,37.926584542395254,138000.0,11600,141000,Ahead,Interstate,True,80.78728643989534,11
1232,10,99,,STA,M,18.52,,"MODESTO, CARPENTER ROAD",-121.03130602636665,37.66626755700905,137000.0,10000,141000,Back,State,True,80.6179775280899,12
1258,10,99,,STA,R,22.558,,"SALIDA, JCT. RTE. 219 EAST",-121.08094172861995,37.70908347996467,137000.0,10300,139000,Back,State,True,80.6179775280899,12
1252,10,99,,STA,R,16.825,,KANSAS AVENUE,-121.01627923377104,37.64596608891872,137000.0,10000,141000,Ahead,State,True,80.6179775280899,12
1256,10,99,,STA,R,21.743,,"MODESTO, PELANDALE AVENUE",-121.07120952456224,37.700111913616134,137000.0,10300,137000,Ahead,State,True,80.6179775280899,12
1256,10,99,,STA,R,21.743,,"MODESTO, PELANDALE AVENUE",-121.07120952456224,37.700111913616134,136000.0,10100,136000,Back,State,True,80.47560412498076,16
1254,10,99,,STA,R,20.222,,"MODESTO, BECKWITH ROAD",-121.0529817597248,37.68363768883226,136000.0,10100,136000,Ahead,State,True,80.47560412498076,16
1250,10,99,,STA,R,16.121,,"MODESTO, JCT. RTE. 132",-121.00679511115716,37.63931911599296,134000.0,11700,135000,Back,State,True,80.15237802062491,18
1260,10,99,,STA,R,24.272,,HAMMET ROAD,-121.10332039009465,37.72602592471325,134000.0,10000,139000,Back,State,True,80.15237802062491,18
1258,10,99,,STA,R,22.558,,"SALIDA, JCT. RTE. 219 EAST",-121.08094172861995,37.70908347996467,134000.0,10000,139000,Ahead,State,True,80.15237802062491,18
987,10,5,,SJ,R,17.516,,LATHROP ROAD,-121.29000305143191,37.82613079675789,133000.0,13300,135000,Ahead,Interstate,True,80.0177004771433,21
1004,10,5,,SJ,,26.185,,"STOCKTON, JCT. RTE. 4",-121.30058524859798,37.94838393232751,132000.0,14100,149000,Back,Interstate,True,79.813760197014,22
1200,10,99,,SJ,,20.336,,JCT. RTE. 88 NORTHEAST,-121.25006325051909,37.98470464667903,132000.0,10400,140000,Back,State,True,79.813760197014,22
1248,10,99,,STA,R,15.753,,"MODESTO, H STREET",-121.00216032800891,37.63543712649368,132000.0,12000,132000,Back,State,True,79.813760197014,22
1002,10,5,,SJ,,25.365,,"STOCKTON, JCT. RTE. 4",-121.29742022693388,37.93682949479945,132000.0,15400,149000,Ahead,Interstate,True,79.813760197014,22
1192,10,99,,SJ,,18.022,,JCT. RTE. 26 WEST,-121.2383811399495,37.952639726652286,132000.0,10400,140000,Ahead,State,True,79.813760197014,22
1246,10,99,,STA,R,15.098,,"MODESTO, TUOLUMNE BOULEVARD",-120.99670514674935,37.62722587317378,132000.0,12000,132000,Ahead,State,True,79.813760197014,22
1248,10,99,,STA,R,15.753,,"MODESTO, H STREET",-121.00216032800891,37.63543712649368,132000.0,11500,13200,Ahead,State,True,79.813760197014,22
593,10,205,,SJ,L,0,,ALAMEDA/SAN JOAQUIN COUNTY LINE,-121.55723456756637,37.7430340817738,131000.0,9500,136000,Ahead,Interstate,True,79.67908265353239,29
599,10,205,,SJ,R,8.127,,"TRACY, MAC ARTHUR DRIVE",-121.41508511748142,37.76404989369492,130000.0,9600,144000,Ahead,Interstate,True,79.55979682930582,30
1004,10,5,,SJ,,26.185,,"STOCKTON, JCT. RTE. 4",-121.30058524859798,37.94838393232751,130000.0,14100,149000,Ahead,Interstate,True,79.55979682930582,30
1000,10,5,,SJ,,24.637,,"STOCKTON, EIGHTH STREET",-121.29426736217049,37.926584542395254,128000.0,10800,130000,Back,Interstate,True,79.35585654917654,32
1246,10,99,,STA,R,15.098,,"MODESTO, TUOLUMNE BOULEVARD",-120.99670514674935,37.62722587317378,126000.0,11600,127000,Back,State,True,78.99030321686934,33
1244,10,99,,STA,R,14.473,,"MODESTO, CROWS LANDING ROAD",-120.99358347149263,37.618884520313536,126000.0,11600,127000,Ahead,State,True,78.99030321686934,33
1206,10,99,,SJ,,22.922,,HAMMER LANE,-121.2580907656796,38.02119123338805,125000.0,10100,133000,Back,State,True,78.79021086655379,35
1196,10,99,,SJ,,19.29,,JCT. RTE. 26 EAST,-121.24573914162703,37.96996186328858,125000.0,10500,138000,Ahead,State,True,78.79021086655379,35
1204,10,99,,SJ,,21.674,,WILSON WAY,-121.25713162187431,38.00340291793921,125000.0,10100,133000,Ahead,State,True,78.79021086655379,35
1264,10,99,,STA,R,4.54,,"TURLOCK, FULKERTH ROAD",-120.87755594739996,37.5071006428344,124000.0,12200,12400,Back,State,True,78.62090195474835,38
1200,10,99,,SJ,,20.336,,JCT. RTE. 88 NORTHEAST,-121.25006325051909,37.98470464667903,124000.0,15400,125000,Ahead,State,True,78.62090195474835,38
1262,10,99,,STA,R,3.45,,"TURLOCK, WEST MAIN STREET",-120.86980267891256,37.49255222826514,124000.0,12200,12400,Ahead,State,True,78.62090195474835,38
883,10,4,,SJ,R,17.706,,"STOCKTON, WILSON WAY",-121.27117754580784,37.95326034659287,122000.0,9800,134000,Back,State,True,78.21302139448977,41
1270,10,99,,STA,R,7.811,,KEYES ROAD,-120.90538818035324,37.54794239147071,122000.0,8800,123000,Back,State,True,78.21302139448977,41
881,10,4,,SJ,R,17.052,,STANISLAUS STREET,-121.28287107037144,37.95122687919007,122000.0,9900,133000,Ahead,State,True,78.21302139448977,41
883,10,4,,SJ,R,17.706,,"STOCKTON, WILSON WAY",-121.27117754580784,37.95326034659287,122000.0,9800,134000,Ahead,State,True,78.21302139448977,41
1268,10,99,,STA,R,6.75,,TAYLOR ROAD,-120.8919964724917,37.53693010780236,122000.0,8800,123000,Ahead,State,True,78.21302139448977,41
1006,10,5,,SJ,,26.991,,PERSHING AVENUE,-121.31265618505687,37.9550743310889,121000.0,11600,136000,Back,Interstate,True,78.03216869324304,46
1238,10,99,,STA,R,10.04,,MITCHELL ROAD,-120.93719970657175,37.57467965568707,121000.0,9500,122000,Ahead,State,True,78.03216869324304,46
601,10,205,,SJ,,1.377,,PATTERSON PASS ROAD,-121.53170348240107,37.74240984013764,120000.0,9500,134000,Back,Interstate,True,77.74357395721103,48
1020,10,5,,SJ,,32.664,,"STOCKTON, HAMMER LANE",-121.35857956256757,38.02120740877096,120000.0,13900,127000,Back,Interstate,True,77.74357395721103,48
1008,10,5,,SJ,,27.906,,"STOCKTON, MONTE DIABLO AVENUE",-121.32892674816395,37.95709125314605,118000.0,11500,134000,Back,Interstate,True,77.36647683546252,50
1182,10,99,,SJ,,1.708,,MILGEO AVENUE,-121.13324833601193,37.74667285954322,118000.0,9900,119000,Back,State,True,77.36647683546252,50
1244,10,99,,STA,R,14.473,,"MODESTO, CROWS LANDING ROAD",-120.99358347149263,37.618884520313536,118000.0,11300,118000,Back,State,True,77.36647683546252,50
1242,10,99,,STA,R,13.263,,"MODESTO, HATCH ROAD/9TH STREET",-120.97640787460142,37.609302277184455,118000.0,11300,118000,Ahead,State,True,77.36647683546252,50
1242,10,99,,STA,R,13.263,,"MODESTO, HATCH ROAD/9TH STREET",-120.97640787460142,37.609302277184455,117500.0,8700,121000,Back,State,True,77.22025550253963,54
1240,10,99,,STA,R,11.908,,"CERES, WHITMORE AVENUE",-120.96027233906132,37.594635248750386,117500.0,8700,121000,Ahead,State,True,77.22025550253963,54
1006,10,5,,SJ,,26.991,,PERSHING AVENUE,-121.31265618505687,37.9550743310889,117000.0,11400,119000,Ahead,Interstate,True,77.08173002924427,56
1202,10,99,,SJ,,20.876,,CHEROKEE ROAD,-121.25266591783222,37.99220546995373,117000.0,13800,118000,Ahead,State,True,77.08173002924427,56
1226,10,99,,SJ,,5.822,,SOUTH JCT. RTE. 120,-121.18803165433778,37.785368361814434,117000.0,10700,118000,Ahead,State,True,77.08173002924427,56
993,10,5,,SJ,R,22.508,,FRENCH CAMP TURNPIKE,-121.28364778341049,37.89712517047057,116000.0,9000,129000,Ahead,Interstate,True,76.87009388948745,59
1178,10,99,,SJ,,0.888,,"RIPON, MAIN STREET",-121.12116667277022,37.73980303720447,116000.0,10000,118000,Ahead,State,True,76.87009388948745,59
987,10,5,,SJ,R,17.516,,LATHROP ROAD,-121.29000305143191,37.82613079675789,115000.0,8500,119000,Back,Interstate,True,76.72772048637833,61
1178,10,99,,SJ,,0.888,,"RIPON, MAIN STREET",-121.12116667277022,37.73980303720447,114000.0,9200,119000,Back,State,True,76.57765122364168,62
1180,10,99,,SJ,,0,,STANISLAUS/SAN JOAQUIN COUNTY LINE,-121.10990484888778,37.73038258001341,114000.0,9200,119000,Ahead,State,True,76.57765122364168,62
1260,10,99,,STA,R,24.272,,HAMMET ROAD,-121.10332039009465,37.72602592471325,114000.0,9200,119000,Ahead,State,True,76.57765122364168,62
1266,10,99,,STA,R,5.637,,MONTE VISTA AVENUE,-120.88536864662991,37.521755461336085,112000.0,11500,115000,Back,State,True,76.13898722487302,65
1264,10,99,,STA,R,4.54,,"TURLOCK, FULKERTH ROAD",-120.87755594739996,37.5071006428344,112000.0,11500,115000,Ahead,State,True,76.13898722487302,65
1014,10,5,,SJ,,29.99,,"STOCKTON, MARCH LANE",-121.34323465946186,37.98446446773628,111000.0,12900,125000,Back,Interstate,True,75.93119901492997,67
1012,10,5,,SJ,,29.516,,PLYMOUTH RD/RYDE AVE,-121.34061039485269,37.97790957476943,111000.0,12900,125000,Ahead,Interstate,True,75.93119901492997,67
1238,10,99,,STA,R,10.04,,MITCHELL ROAD,-120.93719970657175,37.57467965568707,110000.0,9100,124000,Back,State,True,75.73110666461443,69
985,10,5,,SJ,R,14.834,,JCT. RTE. 120 EAST,-121.30201056683173,37.78859639845133,110000.0,8200,122000,Ahead,Interstate,True,75.73110666461443,69
1270,10,99,,STA,R,7.811,,KEYES ROAD,-120.90538818035324,37.54794239147071,110000.0,9100,124000,Ahead,State,True,75.73110666461443,69
599,10,205,,SJ,R,8.127,,"TRACY, MAC ARTHUR DRIVE",-121.41508511748142,37.76404989369492,107000.0,8900,146000,Back,Interstate,True,75.24626750808065,72
885,10,4,,SJ,R,18.773,,"STOCKTON, FILBERT STREET",-121.25362359738358,37.95963392976578,107000.0,8500,121000,Back,State,True,75.24626750808065,72
1226,10,99,,SJ,,5.822,,SOUTH JCT. RTE. 120,-121.18803165433778,37.785368361814434,107000.0,9600,118000,Back,State,True,75.24626750808065,72
1240,10,99,,STA,R,11.908,,"CERES, WHITMORE AVENUE",-120.96027233906132,37.594635248750386,107000.0,9500,107000,Back,State,True,75.24626750808065,72
1262,10,99,,STA,R,3.45,,"TURLOCK, WEST MAIN STREET",-120.86980267891256,37.49255222826514,107000.0,10900,109000,Back,State,True,75.24626750808065,72
989,10,5,,SJ,R,20.951,,FRENCH CAMP OVERCROSSING,-121.27772002992101,37.87497309280859,107000.0,10300,109000,Ahead,Interstate,True,75.24626750808065,72
1236,10,99,,STA,R,1.626,,JCT. RTE. 165 SOUTH,-120.84881804285868,37.47392029708459,107000.0,10900,109000,Ahead,State,True,75.24626750808065,72
1012,10,5,,SJ,,29.516,,PLYMOUTH RD/RYDE AVE,-121.34061039485269,37.97790957476943,106000.0,13200,121000,Back,Interstate,True,75.08465445590272,79
1018,10,5,,SJ,,31.451,,BENJAMIN HOLT DRIVE,-121.35117787132619,38.00466744646144,106000.0,11900,120000,Back,Interstate,True,75.08465445590272,79
601,10,205,,SJ,,1.377,,PATTERSON PASS ROAD,-121.53170348240107,37.74240984013764,106000.0,8400,113000,Ahead,Interstate,True,75.08465445590272,79
1010,10,5,,SJ,,28.533,,COUNTRY CLUB BOULEVARD,-121.33526538208126,37.96428245721501,106000.0,13200,121000,Ahead,Interstate,True,75.08465445590272,79
1014,10,5,,SJ,,29.99,,"STOCKTON, MARCH LANE",-121.34323465946186,37.98446446773628,106000.0,11900,120000,Ahead,Interstate,True,75.08465445590272,79
889,10,4,,SJ,S,19.986,,SOUTH JCT. RTE. 99,-121.23054441437895,37.94174059832859,105000.0,9700,105000,Back,State,True,74.89225796521471,84
991,10,5,,SJ,R,21.439,,MATHEWS ROAD,-121.27865094506677,37.881864961019446,105000.0,10100,108000,Back,Interstate,True,74.89225796521471,84
993,10,5,,SJ,R,22.508,,FRENCH CAMP TURNPIKE,-121.28364778341049,37.89712517047057,105000.0,10100,108000,Back,Interstate,True,74.89225796521471,84
1194,10,99,,SJ,,18.683,,JCT. RTE. 4 WEST,-121.24190131505277,37.96183887709031,105000.0,9700,114000,Back,State,True,74.89225796521471,84
885,10,4,,SJ,R,18.773,,"STOCKTON, FILBERT STREET",-121.25362359738358,37.95963392976578,105000.0,9700,105000,Ahead,State,True,74.89225796521471,84
991,10,5,,SJ,R,21.439,,MATHEWS ROAD,-121.27865094506677,37.881864961019446,105000.0,10100,108000,Ahead,Interstate,True,74.89225796521471,84
989,10,5,,SJ,R,20.951,,FRENCH CAMP OVERCROSSING,-121.27772002992101,37.87497309280859,103000.0,10300,104000,Back,Interstate,True,74.54979221179005,90
1268,10,99,,STA,R,6.75,,TAYLOR ROAD,-120.8919964724917,37.53693010780236,103000.0,11000,104000,Back,State,True,74.54979221179005,90
1266,10,99,,STA,R,5.637,,MONTE VISTA AVENUE,-120.88536864662991,37.521755461336085,103000.0,11000,104000,Ahead,State,True,74.54979221179005,90
595,10,205,,SJ,R,12.686,,JCT. RTE. 5,-121.33189117153356,37.767023275651155,102000.0,7300,123000,Back,Interstate,True,74.342004001847,93
262,10,120,,SJ,R,1.328,,YOSEMITE AVENUE UNDERCROSSING,-121.2875062883043,37.78922514804704,100000.0,6700,104000,Back,State,True,73.9841465291673,94
260,10,120,,SJ,R,0.493,,"MOSSDALE, JCT. RTE. 5",-121.30174932057744,37.78750680133654,100000.0,6700,104000,Ahead,State,True,73.9841465291673,94
881,10,4,,SJ,R,17.052,,STANISLAUS STREET,-121.28287107037144,37.95122687919007,99000.0,8300,104000,Back,State,True,73.7147914422041,96
1018,10,5,,SJ,,31.451,,BENJAMIN HOLT DRIVE,-121.35117787132619,38.00466744646144,99000.0,11500,112000,Ahead,Interstate,True,73.7147914422041,96
879,10,4,,SJ,R,16.059,,"STOCKTON, NORTH JCT RTE 5",-121.30062000172138,37.94823431309962,98000.0,8200,102000,Ahead,State,True,73.48391565337849,98
1150,10,99,,MER,R,37.302,,MERCED/STANISLAUS COUNTY LINE,-120.82216303411892,37.46343206821974,97000.0,7900,100000,Back,State,True,73.24919193473912,99
1196,10,99,,SJ,,19.29,,JCT. RTE. 26 EAST,-121.24573914162703,37.96996186328858,95000.0,8500,108000,Back,State,True,72.9028782515007,100
1194,10,99,,SJ,,18.683,,JCT. RTE. 4 WEST,-121.24190131505277,37.96183887709031,95000.0,8500,108000,Ahead,State,True,72.9028782515007,100
268,10,120,,SJ,R,5.31,,MANTECA ROAD/MAIN STREET,-121.21587385948904,37.78320992020961,94000.0,6400,97000,Back,State,True,72.73741726950901,102
1010,10,5,,SJ,,28.533,,COUNTRY CLUB BOULEVARD,-121.33526538208126,37.96428245721501,94000.0,12900,107000,Back,Interstate,True,72.73741726950901,102
1192,10,99,,SJ,,18.022,,JCT. RTE. 26 WEST,-121.2383811399495,37.952639726652286,94000.0,9500,100000,Back,State,True,72.73741726950901,102
1008,10,5,,SJ,,27.906,,"STOCKTON, MONTE DIABLO AVENUE",-121.32892674816395,37.95709125314605,94000.0,12900,107000,Ahead,Interstate,True,72.73741726950901,102
1190,10,99,,SJ,,17.216,,JCT. RTE. 4 EAST,-121.23484615522045,37.941252910878035,94000.0,9400,100000,Ahead,State,True,72.73741726950901,102
1212,10,99,,SJ,,29.499,,"LODI, JCT. RTE. 12 WEST",-121.2577896944138,38.11627901439969,94000.0,7500,95000,Ahead,State,True,72.73741726950901,102
1186,10,99,,SJ,,12.526,,LITTLE JOHN CREEK,-121.21949624760029,37.87493040999751,93000.0,7900,98000,Back,State,True,72.54886870863476,108
1184,10,99,,SJ,,11.468,,TURNER STATION/FRENCH CAMP ROAD,-121.21860697026625,37.859492383093304,93000.0,7900,98000,Ahead,State,True,72.54886870863476,108
1186,10,99,,SJ,,12.526,,LITTLE JOHN CREEK,-121.21949624760029,37.87493040999751,93000.0,7900,98000,Ahead,State,True,72.54886870863476,108
1228,10,99,,SJ,,6.654,,"MANTECA, NORTH JCT. RTE. 120",-121.19109788377854,37.79725483988385,93000.0,8400,93000,Ahead,State,True,72.54886870863476,108
1190,10,99,,SJ,,17.216,,JCT. RTE. 4 EAST,-121.23484615522045,37.941252910878035,92000.0,8700,96000,Back,State,True,72.35647221794675,112
1202,10,99,,SJ,,20.876,,CHEROKEE ROAD,-121.25266591783222,37.99220546995373,92000.0,11500,101000,Back,State,True,72.35647221794675,112
1188,10,99,,SJ,,16.698,,"STOCKTON,  MARIPOSA ROAD",-121.2339171220452,37.93376506091748,92000.0,8700,96000,Ahead,State,True,72.35647221794675,112
1234,10,99,,STA,R,0,,MERCED/STANISLAUS COUNTY LINE,-120.82216303411892,37.46343206821974,92000.0,7900,95000,Ahead,State,True,72.35647221794675,112
597,10,205,,SJ,R,3.369,,OLD ROUTE 50,-121.49495665602907,37.74111252846027,89000.0,7600,103000,Back,Interstate,True,71.87163306141296,116
1236,10,99,,STA,R,1.626,,JCT. RTE. 165 SOUTH,-120.84881804285868,37.47392029708459,89000.0,7900,95000,Back,State,True,71.87163306141296,116
1212,10,99,,SJ,,29.499,,"LODI, JCT. RTE. 12 WEST",-121.2577896944138,38.11627901439969,88000.0,6900,94000,Back,State,True,71.60612590426351,118
1214,10,99,,SJ,,30.974,,"LODI, JCT. RTE. 12 EAST",-121.2576196298558,38.13754622152323,86000.0,7800,104000,Ahead,State,True,71.24442050177005,119
266,10,120,,SJ,R,3.323,,AIRPORT WAY,-121.25217309757578,37.78306402059499,84000.0,5700,86000,Back,State,True,70.90580267815915,120
1228,10,99,,SJ,,6.654,,"MANTECA, NORTH JCT. RTE. 120",-121.19109788377854,37.79725483988385,83000.0,7600,91000,Back,State,True,70.62490380175466,121
597,10,205,,SJ,R,3.369,,OLD ROUTE 50,-121.49495665602907,37.74111252846027,83000.0,6600,97000,Ahead,Interstate,True,70.62490380175466,121
1144,10,99,,MER,R,32.31,,HIGHLINE CANAL,-120.75574737099188,37.41355801617981,82000.0,6400,84000,Back,State,True,70.36709250423272,123
1204,10,99,,SJ,,21.674,,WILSON WAY,-121.25713162187431,38.00340291793921,82000.0,9700,89000,Back,State,True,70.36709250423272,123
1144,10,99,,MER,R,32.31,,HIGHLINE CANAL,-120.75574737099188,37.41355801617981,82000.0,6400,84000,Ahead,State,True,70.36709250423272,123
1188,10,99,,SJ,,16.698,,"STOCKTON,  MARIPOSA ROAD",-121.2339171220452,37.93376506091748,81000.0,7700,84000,Back,State,True,70.13236878559334,126
1224,10,99,,SJ,,38.783,,SAN JOAQUIN/SACRAMENTO COUNTY LINE,-121.28800248981946,38.24582951621274,80000.0,6200,85000,Back,State,True,69.91303678620902,127
1208,10,99,,SJ,,24.033,,MORADA LANE,-121.25830115381407,38.03728209870599,80000.0,8200,81000,Ahead,State,True,69.91303678620902,127
1210,10,99,,SJ,,29.004,,SOUTH LODI,-121.25936256542454,38.109034516002694,79000.0,6500,85000,Back,State,True,69.72448822533477,129
1024,10,5,,SJ,,39.573,,JCT. RTE. 12,-121.39779332081326,38.11600188195215,78000.0,6800,86000,Back,Interstate,True,69.51285208557796,130
268,10,120,,SJ,R,5.31,,MANTECA ROAD/MAIN STREET,-121.21587385948904,37.78320992020961,77000.0,5300,81000,Ahead,State,True,69.22810527935971,131
1214,10,99,,SJ,,30.974,,"LODI, JCT. RTE. 12 EAST",-121.2576196298558,38.13754622152323,76000.0,6100,78000,Back,State,True,68.9587501923965,132
270,10,120,,SJ,T,6.87,,SOUTH JCT. RTE. 99,-121.18818885771586,37.78531506096136,75000.0,5500,82000,Back,State,True,68.6970909650608,133
1208,10,99,,SJ,,24.033,,MORADA LANE,-121.25830115381407,38.03728209870599,75000.0,6200,77000,Back,State,True,68.6970909650608,133
1216,10,99,,SJ,,31.578,,"LODI, TURNER ROAD",-121.26110329383266,38.14576682385879,75000.0,5100,79000,Back,State,True,68.6970909650608,133
1146,10,99,,MER,R,34.429,,SHANKS ROAD,-120.7831739741702,37.43710918701231,75000.0,5500,77000,Ahead,State,True,68.6970909650608,133
1022,10,5,,SJ,,35.302,,ATHERTON/EIGHT MILE ROADS,-121.37247058460676,38.05778046604218,74000.0,10300,87000,Back,Interstate,True,68.3969524395875,137
1184,10,99,,SJ,,11.468,,TURNER STATION/FRENCH CAMP ROAD,-121.21860697026625,37.859492383093304,74000.0,6500,76000,Back,State,True,68.3969524395875,137
1022,10,5,,SJ,,35.302,,ATHERTON/EIGHT MILE ROADS,-121.37247058460676,38.05778046604218,74000.0,6500,86000,Ahead,Interstate,True,68.3969524395875,137
1020,10,5,,SJ,,32.664,,"STOCKTON, HAMMER LANE",-121.35857956256757,38.02120740877096,73000.0,10300,78000,Ahead,Interstate,True,68.11605356318302,140
1142,10,99,,MER,R,31.926,,COLLIER ROAD,-120.7518995865927,37.408919532061425,73000.0,5700,76000,Ahead,State,True,68.11605356318302,140
1206,10,99,,SJ,,22.922,,HAMMER LANE,-121.2580907656796,38.02119123338805,73000.0,7100,76000,Ahead,State,True,68.11605356318302,140
1146,10,99,,MER,R,34.429,,SHANKS ROAD,-120.7831739741702,37.43710918701231,72000.0,5300,77000,Back,State,True,67.91211328305373,143
1218,10,99,,SJ,,32.573,,WOODBRIDGE ROAD,-121.26164276539843,38.16019740788237,71000.0,5200,74000,Back,State,True,67.58119131907034,144
266,10,120,,SJ,R,3.323,,AIRPORT WAY,-121.25217309757578,37.78306402059499,71000.0,5300,73000,Ahead,State,True,67.58119131907034,144
1210,10,99,,SJ,,29.004,,SOUTH LODI,-121.25936256542454,38.109034516002694,71000.0,7200,74000,Ahead,State,True,67.58119131907034,144
1230,10,99,,SJ,,8.829,,NORTH MANTECA,-121.21568748332211,37.82161409599022,70000.0,6300,74000,Ahead,State,True,67.16561489918423,147
1142,10,99,,MER,R,31.926,,COLLIER ROAD,-120.7518995865927,37.408919532061425,68000.0,6300,71000,Back,State,True,66.34985377866708,148
1222,10,99,,SJ,,35.597,,JAHANT ROAD,-121.26294604660251,38.20399653417185,68000.0,5300,69000,Ahead,State,True,66.34985377866708,148
1216,10,99,,SJ,,31.578,,"LODI, TURNER ROAD",-121.26110329383266,38.14576682385879,67000.0,6100,81000,Ahead,State,True,66.06125904263507,150
1220,10,99,,SJ,,33.573,,ACAMPO ROAD,-121.26219862313333,38.17470284594458,66000.0,5300,68000,Back,State,True,65.77266430660305,151
1222,10,99,,SJ,,35.597,,JAHANT ROAD,-121.26294604660251,38.20399653417185,66000.0,5100,67000,Back,State,True,65.77266430660305,151
1230,10,99,,SJ,,8.829,,NORTH MANTECA,-121.21568748332211,37.82161409599022,66000.0,6000,72000,Back,State,True,65.77266430660305,151
262,10,120,,SJ,R,1.328,,YOSEMITE AVENUE UNDERCROSSING,-121.2875062883043,37.78922514804704,66000.0,4500,68000,Ahead,State,True,65.77266430660305,151
1218,10,99,,SJ,,32.573,,WOODBRIDGE ROAD,-121.26164276539843,38.16019740788237,66000.0,5200,67000,Ahead,State,True,65.77266430660305,151
1220,10,99,,SJ,,33.573,,ACAMPO ROAD,-121.26219862313333,38.17470284594458,66000.0,5300,68000,Ahead,State,True,65.77266430660305,151
1024,10,5,,SJ,,39.573,,JCT. RTE. 12,-121.39779332081326,38.11600188195215,64500.0,5800,70000,Ahead,Interstate,True,65.28397722025551,157
1140,10,99,,MER,R,30.379,,WINTON PARKWAY,-120.73653918754833,37.390641369034384,62000.0,5700,64000,Back,State,True,64.39895336309065,158
1026,10,5,,SJ,,44.712,,PELTIER ROAD,-121.40449959205723,38.18929412546168,62000.0,5400,67000,Ahead,Interstate,True,64.39895336309065,158
1148,10,99,,MER,R,36.343,,GOLDEN STATE BOULEVARD,-120.8067449847929,37.4573435532973,62000.0,5300,64000,Ahead,State,True,64.39895336309065,158
1166,10,99,,MER,,15.799,,"MERCED, JCT. RTE. 140 WEST; JCT. RTE. 59 NORTH",-120.50073157548559,37.30331435094614,62000.0,5100,69000,Ahead,State,True,64.39895336309065,158
1030,10,5,,SJ,,49.819,,SAN JOAQUIN/SACRAMENTO COUNTY LINE,-121.44772190618852,38.25487751592224,61000.0,5400,70000,Back,Interstate,True,64.02185624134216,162
1148,10,99,,MER,R,36.343,,GOLDEN STATE BOULEVARD,-120.8067449847929,37.4573435532973,61000.0,5100,64000,Back,State,True,64.02185624134216,162
1028,10,5,,SJ,,47.602,,WALNUT GROVE ROAD,-121.43050062188027,38.22594567417629,61000.0,5400,70000,Ahead,Interstate,True,64.02185624134216,162
1136,10,99,,MER,R,29.001,,"LIVINGSTON,HAMMATT AVENUE",-120.71297943371448,37.38499408929199,61000.0,5600,63000,Ahead,State,True,64.02185624134216,162
1136,10,99,,MER,R,29.001,,"LIVINGSTON,HAMMATT AVENUE",-120.71297943371448,37.38499408929199,60000.0,5800,65000,Back,State,True,63.756349084192706,166
1140,10,99,,MER,R,30.379,,WINTON PARKWAY,-120.73653918754833,37.390641369034384,60000.0,5500,62000,Ahead,State,True,63.756349084192706,166
1170,10,99,,MER,,16.98,,16TH STREET,-120.517263250998,37.313302343379874,59000.0,5800,64000,Ahead,State,True,63.54086501462214,168
1170,10,99,,MER,,16.98,,16TH STREET,-120.517263250998,37.313302343379874,56000.0,5400,66000,Back,State,True,62.74434354317378,169
1168,10,99,,MER,,16.538,,"MERCED, WEST MERCED OVERHEAD, ATWATER BLVD",-120.5110284659208,37.30925827478373,56000.0,5400,66000,Ahead,State,True,62.74434354317378,169
1138,10,99,,MER,R,3.366,,PLAINSBURG OC,-120.33158355957373,37.18934853643324,54300.0,4350,57000,Back,State,True,62.47498845621055,171
1026,10,5,,SJ,,44.712,,PELTIER ROAD,-121.40449959205723,38.18929412546168,54000.0,5100,64000,Back,Interstate,True,62.32491919347392,172
1028,10,5,,SJ,,47.602,,WALNUT GROVE ROAD,-121.43050062188027,38.22594567417629,54000.0,5100,60000,Back,Interstate,True,62.32491919347392,172
1156,10,99,,MER,,13.094,,"MERCED, CHILDS AVENUE",-120.45642436149413,37.28847793188709,54000.0,4700,60000,Back,State,True,62.32491919347392,172
1168,10,99,,MER,,16.538,,"MERCED, WEST MERCED OVERHEAD, ATWATER BLVD",-120.5110284659208,37.30925827478373,54000.0,4600,57000,Back,State,True,62.32491919347392,172
1134,10,99,,MER,R,11.712,,MISSION AVENUE OC,-120.43731810090271,37.274867053102234,54000.0,4700,60000,Ahead,State,True,62.32491919347392,172
1176,10,99,,MER,,23.462,,"ATWATER, WEST ATWATER BOULEVARD",-120.62321793257219,37.35040721896293,54000.0,4950,58000,Ahead,State,True,62.32491919347392,172
1176,10,99,,MER,,23.462,,"ATWATER, WEST ATWATER BOULEVARD",-120.62321793257219,37.35040721896293,53000.0,4950,57000,Back,State,True,62.08634754502078,178
1154,10,99,,MER,,0,,MADERA/MERCED COUNTY LINE,-120.29071526627148,37.1527092427622,53000.0,4500,58000,Ahead,State,True,62.08634754502078,178
1174,10,99,,MER,,22.755,,"ATWATER, APPLEGATE ROAD",-120.61322044253636,37.34470251511601,53000.0,4950,57000,Ahead,State,True,62.08634754502078,178
1152,10,99,,MER,R,6.852,,LE GRAND ROAD,-120.3749016206396,37.22577168427063,52400.0,4200,55000,Back,State,True,61.986301369863014,181
1138,10,99,,MER,R,3.366,,PLAINSBURG OC,-120.33158355957373,37.18934853643324,52400.0,4200,55000,Ahead,State,True,61.986301369863014,181
1174,10,99,,MER,,22.755,,"ATWATER, APPLEGATE ROAD",-120.61322044253636,37.34470251511601,52000.0,4900,55000,Back,State,True,61.851623826381406,183
1160,10,99,,MER,,14.411,,"MERCED, G STREET",-120.47765108453393,37.29528594272071,52000.0,4600,54000,Ahead,State,True,61.851623826381406,183
1172,10,99,,MER,,21.612,,EAST ATWATER BOULEVARD,-120.59391098302767,37.34037025209296,52000.0,4900,55000,Ahead,State,True,61.851623826381406,183
1134,10,99,,MER,R,11.712,,MISSION AVENUE OC,-120.43731810090271,37.274867053102234,51400.0,4250,54000,Back,State,True,61.70925042327228,186
1152,10,99,,MER,R,6.852,,LE GRAND ROAD,-120.3749016206396,37.22577168427063,51400.0,4250,54000,Ahead,State,True,61.70925042327228,186
1040,10,5,,STA,,22.992,,INGRAM CREEK (HOWARD ROAD),-121.26741661322527,37.54009209467596,51000.0,4650,56000,Back,Interstate,True,61.62074803755579,188
1160,10,99,,MER,,14.411,,"MERCED, G STREET",-120.47765108453393,37.29528594272071,51000.0,4500,53000,Back,State,True,61.62074803755579,188
1166,10,99,,MER,,15.799,,"MERCED, JCT. RTE. 140 WEST; JCT. RTE. 59 NORTH",-120.50073157548559,37.30331435094614,51000.0,4450,54000,Back,State,True,61.62074803755579,188
1038,10,5,,STA,,15.855,,DEL PUERTO CANYON ROAD/SPERRY AVENUE,-121.18000945630546,37.46362039996499,51000.0,4650,56000,Ahead,Interstate,True,61.62074803755579,188
1164,10,99,,MER,,15.416,,"MERCED, R STREET",-120.49440094286254,37.300996379757656,51000.0,4800,54000,Ahead,State,True,61.62074803755579,188
983,10,5,,SJ,R,12.623,,JCT. RTE. 205 WEST,-121.33158453969615,37.76711153065562,49000.0,3500,50000,Back,Interstate,True,60.9242727412652,193
1172,10,99,,MER,,21.612,,EAST ATWATER BOULEVARD,-120.59391098302767,37.34037025209296,49000.0,5000,58000,Back,State,True,60.9242727412652,193
1042,10,5,,STA,,28.055,,STANISLAUS/SAN JOAQUIN COUNTY LINE,-121.33361796347835,37.59120563777696,47700.0,4350,54000,Back,Interstate,True,60.34323533938741,195
996,10,5,,SJ,,0,,STANISLAUS/SAN JOAQUIN COUNTY LINE,-121.33361796347835,37.59120563777696,47700.0,4350,54000,Ahead,Interstate,True,60.34323533938741,195
1040,10,5,,STA,,22.992,,INGRAM CREEK (HOWARD ROAD),-121.26741661322527,37.54009209467596,47700.0,4350,54000,Ahead,Interstate,True,60.34323533938741,195
1162,10,99,,MER,,14.686,,"MERCED, JCT. RTE. 59 SOUTH",-120.48249275777694,37.29662243045906,47500.0,4200,49500,Back,State,True,60.30475604124981,198
925,10,580,,SJ,,13.539,,PATTERSON PASS RD,-121.53508913029897,37.719690886083946,47000.0,4700,52000,Ahead,Interstate,True,60.15468677851315,199
981,10,5,,SJ,R,11.801,,OLD ROUTE 50; 11TH STREET,-121.34226898490449,37.758766851451206,47000.0,3350,48500,Ahead,Interstate,True,60.15468677851315,199
1036,10,5,,STA,,10.719,,FINK ROAD,-121.13799052353217,37.397343227394146,46200.0,4600,53000,Back,Interstate,True,59.90072341080499,201
1044,10,5,,STA,,5.505,,STUHR ROAD,-121.10983698296468,37.3255799993542,46200.0,4600,53000,Ahead,Interstate,True,59.90072341080499,201
1162,10,99,,MER,,14.686,,"MERCED, JCT. RTE. 59 SOUTH",-120.48249275777694,37.29662243045906,46000.0,4050,47500,Ahead,State,True,59.80452516546099,203
1034,10,5,,STA,,0,,MERCED/STANISLAUS COUNTY LINE,-121.08870466657304,37.246071211227914,45500.0,3800,46500,Ahead,Interstate,True,59.61597660458673,204
1038,10,5,,STA,,15.855,,DEL PUERTO CANYON ROAD/SPERRY AVENUE,-121.18000945630546,37.46362039996499,45000.0,4150,46500,Back,Interstate,True,59.30429428967216,205
1044,10,5,,STA,,5.505,,STUHR ROAD,-121.10983698296468,37.3255799993542,44000.0,3800,45000,Back,Interstate,True,58.86178236108973,206
1158,10,99,,MER,,13.861,,"MERCED, JCT. RTE. 140 EAST",-120.46804820553777,37.29494386105571,44000.0,4350,50000,Back,State,True,58.86178236108973,206
1164,10,99,,MER,,15.416,,"MERCED, R STREET",-120.49440094286254,37.300996379757656,44000.0,3900,45500,Back,State,True,58.86178236108973,206
1036,10,5,,STA,,10.719,,FINK ROAD,-121.13799052353217,37.397343227394146,44000.0,3800,45000,Ahead,Interstate,True,58.86178236108973,206
971,10,5,,MER,,21.839,,JCT. RTE. 33,-121.01578838262171,37.10656242949711,43000.0,3100,46000,Ahead,Interstate,True,58.546252116361394,210
977,10,5,,MER,,32.477,,MERCED/STANISLAUS COUNTY LINE,-121.08870466657304,37.246071211227914,42500.0,4150,43500,Back,Interstate,True,58.257657380329384,211
975,10,5,,MER,,32.391,,JCT. RTE. 140 EAST,-121.08847280690664,37.245188145776304,42500.0,4150,43500,Ahead,Interstate,True,58.257657380329384,211
1156,10,99,,MER,,13.094,,"MERCED, CHILDS AVENUE",-120.45642436149413,37.28847793188709,42500.0,4200,48500,Ahead,State,True,58.257657380329384,211
1158,10,99,,MER,,13.861,,"MERCED, JCT. RTE. 140 EAST",-120.46804820553777,37.29494386105571,42500.0,3750,44000,Ahead,State,True,58.257657380329384,211
929,10,580,,SJ,,15.34,L,"SAN JOAQUIN/ALAMEDA COUNTY LINE, LEFT ALIGN",-121.55713502255477,37.73861219270404,42000.0,3700,48000,Back,Interstate,True,57.99984608280745,215
975,10,5,,MER,,32.391,,JCT. RTE. 140 EAST,-121.08847280690664,37.245188145776304,41900.0,4600,45500,Back,Interstate,True,57.8690164691396,216
973,10,5,,MER,,23.6,,NORTH OF ROUTE 33 @ SANTA NELLA TRUCK SCALES,-121.03123741394357,37.1287370450611,41900.0,4600,45500,Ahead,Interstate,True,57.8690164691396,216
933,10,580,,SJ,,8.149,,CORRAL HOLLOW ROAD,-121.45703370408313,37.67230549857367,41500.0,2850,44000,Back,Interstate,True,57.753578574726795,218
969,10,5,,MER,,17.578,,JCT. RTE. 152,-120.96959976584527,37.05670672876969,41500.0,5800,49500,Back,Interstate,True,57.753578574726795,218
931,10,580,,SJ,,4.329,,JCT. RTE. 132 EAST,-121.40182562096844,37.63884177327327,41500.0,2850,44000,Ahead,Interstate,True,57.753578574726795,218
979,10,5,,MER,,6.28,,JCT. RTE. 165 NORTH,-120.84037977932275,36.93037849174384,41500.0,5800,49500,Ahead,Interstate,True,57.753578574726795,218
925,10,580,,SJ,,13.539,,PATTERSON PASS RD,-121.53508913029897,37.719690886083946,40500.0,3050,43500,Back,Interstate,True,57.391873172233346,222
933,10,580,,SJ,,8.149,,CORRAL HOLLOW ROAD,-121.45703370408313,37.67230549857367,40500.0,3050,43500,Ahead,Interstate,True,57.391873172233346,222
967,10,5,,MER,,0,,FRESNO/MERCED COUNTY LINE,-120.77706806948851,36.855119540708436,38000.0,5600,45500,Ahead,Interstate,True,56.148991842388796,224
204,10,108,,STA,,26.06,,"MODESTO, STANDIFORD/SYLVAN",-120.99424995855138,37.68910314602085,37000.0,3200,40500,Back,State,True,55.641065106972455,225
202,10,108,,STA,,24.81,,"MODESTO, BRIGGSMORE AVENUE",-120.9939757262513,37.67051482193525,37000.0,3200,40500,Ahead,State,True,55.641065106972455,225
971,10,5,,MER,,21.839,,JCT. RTE. 33,-121.01578838262171,37.10656242949711,36000.0,3800,44000,Back,Interstate,True,55.256272125596425,227
204,10,108,,STA,,26.06,,"MODESTO, STANDIFORD/SYLVAN",-120.99424995855138,37.68910314602085,36000.0,3150,40500,Ahead,State,True,55.256272125596425,227
969,10,5,,MER,,17.578,,JCT. RTE. 152,-120.96959976584527,37.05670672876969,36000.0,3800,44000,Ahead,Interstate,True,55.256272125596425,227
525,10,152,,MER,R,0,,SANTA CLARA/MERCED COUNTY LINE,-121.21397815193149,37.067686377719106,35000.0,3600,41500,Ahead,State,True,54.71371402185624,230
535,10,152,,MER,,13.848,,JCT. RTE. 5,-120.96966618727738,37.056590778719105,33500.0,3500,37000,Back,State,True,53.74403570878867,231
547,10,152,,MER,,22.252,,"LOS BANOS, WARD RD",-120.81767273959424,37.05676183544955,33500.0,2850,38000,Back,State,True,53.74403570878867,231
527,10,152,,MER,R,13.24,,WEST JCT. RTE. 33,-121.0165216809814,37.05679238931866,33500.0,3500,37000,Ahead,State,True,53.74403570878867,231
541,10,152,,MER,,20.598,,"LOS BANOS, 7TH STREET",-120.84742575567792,37.05684125254326,33500.0,2500,34000,Ahead,State,True,53.74403570878867,231
545,10,152,,MER,,21.272,,"LOS BANOS, JCT. RTE. 165",-120.83541162059277,37.05685276149128,33500.0,2850,38000,Ahead,State,True,53.74403570878867,231
973,10,5,,MER,,23.6,,NORTH OF ROUTE 33 @ SANTA NELLA TRUCK SCALES,-121.03123741394357,37.1287370450611,32500.0,4000,37000,Back,Interstate,True,53.05140834231183,236
541,10,152,,MER,,20.598,,"LOS BANOS, 7TH STREET",-120.84742575567792,37.05684125254326,31500.0,3000,35500,Back,State,True,52.3780206249038,237
1032,10,5,,SJ,,6.467,,JCT. RTE. 33 SOUTH,-121.34311220561392,37.68159394881531,31500.0,3050,35000,Back,Interstate,True,52.3780206249038,237
1016,10,5,,SJ,,3.444,,JCT. RTE. 132,-121.34291489605164,37.637802266294784,31500.0,3050,35000,Ahead,Interstate,True,52.3780206249038,237
543,10,152,,MER,,21.058,,"LOS BANOS, EAST I STREET",-120.83935774985433,37.05687310108291,30500.0,2250,31000,Back,State,True,51.88163767892874,240
202,10,108,,STA,,24.81,,"MODESTO, BRIGGSMORE AVENUE",-120.9939757262513,37.67051482193525,30000.0,3000,33000,Back,State,True,51.56995536401416,241
294,10,120,,STA,,7.225,,DEO GLORIA ROAD,-120.81101439167404,37.77640508474147,30000.0,2350,31000,Back,State,True,51.56995536401416,241
979,10,5,,MER,,6.28,,JCT. RTE. 165 NORTH,-120.84037977932275,36.93037849174384,30000.0,3900,35500,Back,Interstate,True,51.56995536401416,241
292,10,120,,STA,,5.116,,"OAKDALE, WEST JCT. RTE. 108",-120.84704097400407,37.766643058074244,30000.0,2350,31000,Ahead,State,True,51.56995536401416,241
539,10,152,,MER,,19.618,,"LOS BANOS, WEST I STREET",-120.86532054737886,37.05682991779779,30000.0,2500,31500,Ahead,State,True,51.56995536401416,241
527,10,152,,MER,R,13.24,,WEST JCT. RTE. 33,-121.0165216809814,37.05679238931866,29000.0,3050,35000,Back,State,True,50.83500076958596,246
923,10,580,,SJ,,1.413,,BIRD ROAD OC,-121.36101275192256,37.61219304309033,29000.0,2800,31500,Back,Interstate,True,50.83500076958596,246
543,10,152,,MER,,21.058,,"LOS BANOS, EAST I STREET",-120.83935774985433,37.05687310108291,29000.0,2500,33500,Ahead,State,True,50.83500076958596,246
921,10,580,,SJ,,0,,JCT. RTE. 5,-121.34244664920979,37.59790480811406,29000.0,2650,31000,Ahead,Interstate,True,50.83500076958596,246
923,10,580,,SJ,,1.413,,BIRD ROAD OC,-121.36101275192256,37.61219304309033,29000.0,2800,31500,Ahead,Interstate,True,50.83500076958596,246
539,10,152,,MER,,19.618,,"LOS BANOS, WEST I STREET",-120.86532054737886,37.05682991779779,28000.0,2900,31000,Back,State,True,50.09235031553024,251
545,10,152,,MER,,21.272,,"LOS BANOS, JCT. RTE. 165",-120.83541162059277,37.05685276149128,28000.0,2450,31500,Back,State,True,50.09235031553024,251
1016,10,5,,SJ,,3.444,,JCT. RTE. 132,-121.34291489605164,37.637802266294784,28000.0,2550,31500,Back,Interstate,True,50.09235031553024,251
288,10,120,,STA,,3.16,,VALLEY HOME ROAD,-120.86610331146966,37.79001956069687,28000.0,2400,29000,Ahead,State,True,50.09235031553024,251
537,10,152,,MER,,19.268,,"LOS BANOS, ORTIGALITA ROAD",-120.8719378674434,37.05664444309711,28000.0,2900,29500,Ahead,State,True,50.09235031553024,251
995,10,5,,SJ,,0.68,R,"JCT. RTE. 580 WEST, END RIGHT ALIGN",-121.34133670521777,37.59879865386426,28000.0,,,Ahead,Interstate,True,50.09235031553024,251
947,10,59,,MER,,15.35,,"MERCED, 16TH STREET",-120.50484986776966,37.30828604247684,27500.0,2200,31500,Back,State,True,49.638294597506544,257
998,10,5,,SJ,,11.056,,KASSON ROAD,-121.3435324527752,37.74811333138558,27500.0,2450,31500,Back,Interstate,True,49.638294597506544,257
607,10,219,,STA,,0.116,,JCT. RTE. 99,-121.08094109261272,37.70896436900713,27500.0,2200,30000,Ahead,State,True,49.638294597506544,257
945,10,59,,MER,,14.98,,"MERCED, 16TH & V ST",-120.49899111208052,37.30594429923372,27500.0,2200,31500,Ahead,State,True,49.638294597506544,257
1032,10,5,,SJ,,6.467,,JCT. RTE. 33 SOUTH,-121.34311220561392,37.68159394881531,27500.0,2450,31500,Ahead,Interstate,True,49.638294597506544,257
198,10,108,,STA,R,23.08,,"MODESTO, NEEDHAM/ MC HENRY AVENUES",-120.99371006298078,37.645698464965406,27000.0,2300,31500,Ahead,State,True,49.19963059873788,262
535,10,152,,MER,,13.848,,JCT. RTE. 5,-120.96966618727738,37.056590778719105,27000.0,2150,31500,Ahead,State,True,49.19963059873788,262
927,10,580,,SJ,,15.308,L,BEGIN LEFT ALIGN,-121.5567324901709,37.738285431716974,25500.0,2550,28000,Ahead,Interstate,True,48.06449130367862,264
981,10,5,,SJ,R,11.801,,OLD ROUTE 50; 11TH STREET,-121.34226898490449,37.758766851451206,24900.0,2200,25500,Back,Interstate,True,47.44882253347699,265
998,10,5,,SJ,,11.056,,KASSON ROAD,-121.3435324527752,37.74811333138558,24900.0,2200,25500,Ahead,Interstate,True,47.44882253347699,265
1096,10,88,,SJ,,0,,JCT RTE 99; STOCKTON WEST,-121.25015686844645,37.98463010031601,24100.0,2800,26500,Ahead,State,True,46.76004309681392,267
367,10,12,,SJ,,16.931,,"LODI, SOUTH HUTCHINS STREET",-121.2789885050011,38.11537603823144,24000.0,2700,32000,Back,State,True,46.64460520240111,268
373,10,12,,SJ,,18.07,,"LODI, JCT. RTE. 99",-121.25790770249942,38.116245781912795,24000.0,2450,26500,Back,State,True,46.64460520240111,268
549,10,152,,MER,,23.915,,"LOS BANOS, SANTA FE ROAD",-120.78753855845403,37.05556908221442,24000.0,2300,25500,Back,State,True,46.64460520240111,268
6,10,5,,SJ,,0.053,R,BEGIN RIGHT ALIGN,-121.33430848586084,37.591738904711775,24000.0,,,Ahead,Interstate,True,46.64460520240111,268
367,10,12,,SJ,,16.931,,"LODI, SOUTH HUTCHINS STREET",-121.2789885050011,38.11537603823144,23900.0,2700,31000,Ahead,State,True,46.49453593966446,272
365,10,12,,SJ,,16.44,,SOUTH HAM LANE,-121.2881792728775,38.11539654083195,23600.0,3450,25000,Back,State,True,46.27135601046637,273
365,10,12,,SJ,,16.44,,SOUTH HAM LANE,-121.2881792728775,38.11539654083195,23100.0,2450,27000,Ahead,State,True,45.68647067877482,274
537,10,152,,MER,,19.268,,"LOS BANOS, ORTIGALITA ROAD",-120.8719378674434,37.05664444309711,23000.0,1900,24200,Back,State,True,45.513313837155614,275
945,10,59,,MER,,14.98,,"MERCED, 16TH & V ST",-120.49899111208052,37.30594429923372,23000.0,1550,26500,Back,State,True,45.513313837155614,275
943,10,59,,MER,,14.78,,"MERCED, JCT. RTE. 99; JCT. RTE. 140",-120.50058651822847,37.30316339687026,23000.0,1550,26500,Ahead,State,True,45.513313837155614,275
547,10,152,,MER,,22.252,,"LOS BANOS, WARD RD",-120.81767273959424,37.05676183544955,22100.0,1900,22400,Ahead,State,True,44.75527166384485,278
649,10,26,,SJ,,1.11,,JCT. RTE. 99,-121.24581305051703,37.96991504106849,22100.0,2200,24100,Ahead,State,True,44.75527166384485,278
290,10,120,,STA,,4.346,,"OAKDALE, A STREET",-120.85308528479999,37.776780693722145,22000.0,1850,23000,Back,State,True,44.662921348314605,280
357,10,12,,SJ,,10.167,,JCT. RTE. 5,-121.39798209907528,38.115949826871194,21700.0,2000,23900,Back,State,True,44.38971833153763,281
383,10,12,,SJ,,8.83,,GUARD RD,-121.42258258260684,38.11600844422701,21700.0,2000,23900,Ahead,State,True,44.38971833153763,281
930,10,580,,SJ,,15.358,R,"SAN JOAQUIN/ALAMEDA CNTY LINE, RIGHT ALIGN",-121.55713497314746,37.73904677374466,21600.0,2150,24000,Back,Interstate,True,44.247344928428504,283
357,10,12,,SJ,,10.167,,JCT. RTE. 5,-121.39798209907528,38.115949826871194,21600.0,1850,22900,Ahead,State,True,44.247344928428504,283
549,10,152,,MER,,23.915,,"LOS BANOS, SANTA FE ROAD",-120.78753855845403,37.05556908221442,21600.0,2100,21700,Ahead,State,True,44.247344928428504,283
928,10,580,,SJ,,15.308,R,BEGIN RIGHT ALIGN,-121.55650764904182,37.73853024826977,21600.0,2150,24000,Ahead,Interstate,True,44.247344928428504,283
371,10,12,,SJ,,17.95,,"LODI, CHEROKEE LANE",-121.26027607032182,38.116273537729825,21500.0,2150,27000,Back,State,True,44.10112359550562,287
381,10,12,,SJ,,5.39,,GLASSCOCK ROAD/TOWER PARKWAY,-121.48567112128008,38.115426824368775,21500.0,2000,23000,Back,State,True,44.10112359550562,287
529,10,152,,MER,R,32.366,,"DOS PALOS WYE, EAST JCT. RTE. 33",-120.63561612439075,37.05040961820296,21500.0,2100,21600,Back,State,True,44.10112359550562,287
355,10,12,,SJ,,0,,SACRAMENTO/SAN JOAQUIN COUNTY LINE,-121.57962316530643,38.125746141857896,21500.0,2000,23000,Ahead,State,True,44.10112359550562,287
931,10,580,,SJ,,4.329,,JCT. RTE. 132 EAST,-121.40182562096844,37.63884177327327,21000.0,2200,23100,Back,Interstate,True,43.55471756195167,291
296,10,120,,STA,,8.86,,ORANGE BLOSSOM ROAD,-120.78169242768786,37.77649252834012,20800.0,2100,23500,Back,State,True,43.31614591349854,292
230,10,108,,TUO,R,2.201,,MONO WAY,-120.35827533096821,37.97612688500688,20800.0,1750,22500,Ahead,State,True,43.31614591349854,292
292,10,120,,STA,,5.116,,"OAKDALE, WEST JCT. RTE. 108",-120.84704097400407,37.766643058074244,20700.0,2300,22100,Back,State,True,43.2237955979683,294
290,10,120,,STA,,4.346,,"OAKDALE, A STREET",-120.85308528479999,37.776780693722145,20700.0,2300,22100,Ahead,State,True,43.2237955979683,294
381,10,12,,SJ,,5.39,,GLASSCOCK ROAD/TOWER PARKWAY,-121.48567112128008,38.115426824368775,20700.0,1850,22500,Ahead,State,True,43.2237955979683,294
383,10,12,,SJ,,8.83,,GUARD RD,-121.42258258260684,38.11600844422701,20400.0,1750,23500,Back,State,True,42.904417423426196,297
419,10,132,,STA,,17.14,,EL VISTA AVENUE,-120.95722451250748,37.63811888952056,20200.0,2000,21000,Back,State,True,42.7389564414345,298
73,10,108,,TUO,R,0,,"SONORA, JCT. RTE. 49",-120.3939742141708,37.9651778139517,20200.0,1900,21400,Ahead,State,True,42.7389564414345,298
903,10,4,,SJ,,15.8,,NAVY DRIVE/STOCKTON STREET,-121.2998924858172,37.93609497821725,20100.0,2450,22600,Back,State,True,42.67738956441435,300
369,10,12,,SJ,,17.7,,"LODI, CENTRAL AVENUE",-121.26501820304482,38.11605734640815,19900.0,2250,25000,Back,State,True,42.40803447745113,301
393,10,132,,SJ,T,6.06,,JCT. RTE. 33,-121.29179513203326,37.637994632418994,19700.0,1850,21500,Ahead,State,True,42.119439741419114,302
827,10,49,,TUO,,16.48,,"SONORA, EAST JCT. RTE. 108",-120.39397653272253,37.96517660502335,19600.0,1950,22500,Back,State,True,41.98091426812375,303
755,10,49,,AMA,,6.099,,JACKSON GATE ROAD,-120.79582824603186,38.36722948253045,19400.0,1700,20000,Back,State,True,41.80775742650454,304
835,10,49,,TUO,,18.22,,"SONORA, DODGE STREET",-120.38398199904228,37.98615927436367,19400.0,1950,19800,Ahead,State,True,41.80775742650454,304
230,10,108,,TUO,R,2.201,,MONO WAY,-120.35827533096821,37.97612688500688,19300.0,1600,20000,Back,State,True,41.65384023395413,306
206,10,108,,STA,,27.618,,JCT. RTE. 219 WEST,-120.99494203861258,37.71109940322356,19200.0,2000,21800,Back,State,True,41.503770971217484,307
294,10,120,,STA,,7.225,,DEO GLORIA ROAD,-120.81101439167404,37.77640508474147,19200.0,1850,22000,Ahead,State,True,41.503770971217484,307
419,10,132,,STA,,17.14,,EL VISTA AVENUE,-120.95722451250748,37.63811888952056,19200.0,1950,20500,Ahead,State,True,41.503770971217484,307
421,10,132,,STA,,18.15,,LINCOLN AVENUE,-120.9390100921436,37.638133379233096,19100.0,1850,21300,Back,State,True,41.43066030475604,310
481,10,140,,MER,,35.879,,"MERCED, GLEN AVENUE/ MOTEL DRIVE",-120.46599340903836,37.295225614281385,19100.0,1450,22700,Back,State,True,41.43066030475604,310
479,10,140,,MER,,35.78,,"MERCED, JCT. RTES. 99/59",-120.50058651822847,37.30316339687026,19100.0,1450,22700,Ahead,State,True,41.43066030475604,310
753,10,49,,AMA,,5.934,,"MARTELL, NORTH JCT. RTE. 88 WEST",-120.79475634120055,38.36531271579548,19000.0,1800,19200,Back,State,True,41.2998306910882,313
585,10,165,,STA,,1.545,,JCT. RTE. 99,-120.84899336705267,37.47524121474545,18800.0,2400,32000,Back,State,True,40.97660458673234,314
369,10,12,,SJ,,17.7,,"LODI, CENTRAL AVENUE",-121.26501820304482,38.11605734640815,18800.0,1900,24200,Ahead,State,True,40.97660458673234,314
529,10,152,,MER,R,32.366,,"DOS PALOS WYE, EAST JCT. RTE. 33",-120.63561612439075,37.05040961820296,18800.0,1700,19900,Ahead,State,True,40.97660458673234,314
751,10,49,,AMA,,4.32,,"JACKSON, MAIN/MATTLEY STREETS",-120.77532066210625,38.350435994393486,18700.0,1850,20900,Back,State,True,40.84192704325073,317
901,10,4,,SJ,,15.09,,FRESNO AVENUE,-121.31195406901732,37.932887145047005,18700.0,2750,21000,Back,State,True,40.84192704325073,317
371,10,12,,SJ,,17.95,,"LODI, CHEROKEE LANE",-121.26027607032182,38.116273537729825,18700.0,1900,23000,Ahead,State,True,40.84192704325073,317
1094,10,88,,SJ,,0.4,,WILCOX ROAD,-121.24440252573937,37.988254708190205,18600.0,1800,22100,Ahead,State,True,40.738032938279204,320
531,10,152,,MER,R,40.77,,JCT. RTE. 59,-120.49667722618179,37.081976179253566,18500.0,1800,18600,Back,State,True,40.61105125442512,321
835,10,49,,TUO,,18.22,,"SONORA, DODGE STREET",-120.38398199904228,37.98615927436367,18500.0,1700,19600,Back,State,True,40.61105125442512,321
825,10,49,,TUO,,14.742,,RAWHIDE ROAD/HUMBUG STREET,-120.42265553203566,37.95603398329572,18500.0,2300,18700,Ahead,State,True,40.61105125442512,321
1094,10,88,,SJ,,0.4,,WILCOX ROAD,-121.24440252573937,37.988254708190205,18300.0,1650,19900,Back,State,True,40.384023395413266,324
833,10,49,,TUO,,17.965,,"SONORA, JCT. RTE. 108U; WASHINGTON STREET",-120.38221452149998,37.98290647201159,18300.0,1700,19300,Ahead,State,True,40.384023395413266,324
947,10,59,,MER,,15.35,,"MERCED, 16TH STREET",-120.50484986776966,37.30828604247684,18200.0,1500,18300,Ahead,State,True,40.25319378174542,326
417,10,132,,STA,,16.323,,"MODESTO, LA LOMA AVENUE",-120.97212058855115,37.63815821141689,18100.0,1700,20100,Back,State,True,40.168539325842694,327
755,10,49,,AMA,,6.099,,JACKSON GATE ROAD,-120.79582824603186,38.36722948253045,17900.0,1800,20900,Ahead,State,True,39.872248730183166,328
757,10,49,,AMA,,6.98,,"SUTER CREEK, JCT. RTE. 104 WEST",-120.80233473105834,38.37843042381435,17800.0,1800,20000,Back,State,True,39.76065876558412,329
395,10,132,,SJ,,0.243,,CHRISMAN ROAD,-121.39764533684495,37.6384846057569,17800.0,1900,21300,Ahead,State,True,39.76065876558412,329
417,10,132,,STA,,16.323,,"MODESTO, LA LOMA AVENUE",-120.97212058855115,37.63815821141689,17800.0,2000,18000,Ahead,State,True,39.76065876558412,329
391,10,132,,SJ,R,5.86,,"VERNALIS, JCT. RTE. 33",-121.29527624928629,37.63803635522744,17600.0,1900,19700,Back,State,True,39.4335847314145,332
533,10,152,,MER,R,40.949,,MERCED/MADERA COUNTY LINE,-120.4936991735727,37.082941673542294,17600.0,1600,20400,Back,State,True,39.4335847314145,332
829,10,49,,TUO,,17.35,,"SONORA, FAIRVIEW LANE",-120.39048688057598,37.97812943660939,17600.0,1850,20600,Back,State,True,39.4335847314145,332
214,10,108,,STA,,36.151,,CRANE ROAD,-120.88175349265165,37.75468443366566,17400.0,1650,18000,Ahead,State,True,39.19116515314761,335
901,10,4,,SJ,,15.09,,FRESNO AVENUE,-121.31195406901732,37.932887145047005,17400.0,1900,20500,Ahead,State,True,39.19116515314761,335
214,10,108,,STA,,36.151,,CRANE ROAD,-120.88175349265165,37.75468443366566,17200.0,1550,17800,Back,State,True,38.956441434508235,337
751,10,49,,AMA,,4.32,,"JACKSON, MAIN/MATTLEY STREETS",-120.77532066210625,38.350435994393486,17200.0,1700,19300,Ahead,State,True,38.956441434508235,337
893,10,4,,SJ,T,14.023,,ROBERTS ISLAND ROAD,-121.33242548946454,37.92749249944405,17100.0,1850,19400,Ahead,State,True,38.85639525935047,339
399,10,132,,SJ,,3.24,,JCT. RTE. 5,-121.34304373961622,37.63767134601593,17000.0,1950,19700,Back,State,True,38.71017392642758,340
825,10,49,,TUO,,14.742,,RAWHIDE ROAD/HUMBUG STREET,-120.42265553203566,37.95603398329572,16900.0,2150,18500,Back,State,True,38.544712944435894,341
815,10,49,,TUO,R,11.587,,SOUTH JCT. RTE. 108; MONTEZUMA ROAD,-120.45239205594906,37.9094770619016,16900.0,1500,18500,Ahead,State,True,38.544712944435894,341
272,10,120,,SJ,,11.64,,FRENCH CAMP ROAD,-121.0919604980309,37.79806221920906,16800.0,1200,20000,Ahead,State,True,38.410035400954285,343
210,10,108,,STA,,31.05,,"RIVERBANK, OAKDALE ROAD",-120.95867360555354,37.732607592925355,16700.0,1750,21500,Ahead,State,True,38.29844543635524,344
216,10,108,,STA,,37.31,,"OAKDALE, OAK AVENUE",-120.86185256888518,37.760329499043,16600.0,1800,20700,Back,State,True,38.209943050638756,345
393,10,132,,SJ,T,6.06,,JCT. RTE. 33,-121.29179513203326,37.637994632418994,16600.0,1700,19500,Back,State,True,38.209943050638756,345
391,10,132,,SJ,R,5.86,,"VERNALIS, JCT. RTE. 33",-121.29527624928629,37.63803635522744,16600.0,1700,19500,Ahead,State,True,38.209943050638756,345
893,10,4,,SJ,T,14.023,,ROBERTS ISLAND ROAD,-121.33242548946454,37.92749249944405,16400.0,1750,17300,Back,State,True,37.944435893489306,348
891,10,4,,SJ,T,13.533,,"JOHN TURK RD,LT",-121.3413170285198,37.92694913381335,16400.0,1750,17300,Ahead,State,True,37.944435893489306,348
363,10,12,,SJ,,15.155,,LOWER SACRAMENTO ROAD,-121.30652824739619,38.11552302653288,16300.0,1300,19900,Back,State,True,37.83669385870402,350
212,10,108,,STA,,33.38,,CLAUS ROAD,-120.9222469971393,37.737096151996234,16300.0,1700,20400,Ahead,State,True,37.83669385870402,350
361,10,12,,SJ,,11.66,,RAY RD,-121.37066152943981,38.116113871668546,16300.0,1300,19900,Ahead,State,True,37.83669385870402,350
837,10,49,,TUO,,18.49,,"SONORA, WASHINGTON STREET/ SHAWS FLAT ROAD",-120.38454184619536,37.989990977841344,16100.0,1600,16500,Back,State,True,37.66738494689857,353
903,10,4,,SJ,,15.8,,NAVY DRIVE/STOCKTON STREET,-121.2998924858172,37.93609497821725,16100.0,2700,17500,Ahead,State,True,37.66738494689857,353
879,10,4,,SJ,R,16.059,,"STOCKTON, NORTH JCT RTE 5",-121.30062000172138,37.94823431309962,16000.0,1950,17700,Back,State,True,37.46729259658304,355
216,10,108,,STA,,37.31,,"OAKDALE, OAK AVENUE",-120.86185256888518,37.760329499043,16000.0,1650,19800,Ahead,State,True,37.46729259658304,355
577,10,165,,MER,,8.786,,"LOS BANOS, JCT. RTE. 152",-120.83535685749642,37.0568663465497,16000.0,1650,20800,Ahead,State,True,37.46729259658304,355
421,10,132,,STA,,18.15,,LINCOLN AVENUE,-120.9390100921436,37.638133379233096,15900.0,1550,17900,Ahead,State,True,37.24411266738495,358
531,10,152,,MER,R,40.77,,JCT. RTE. 59,-120.49667722618179,37.081976179253566,15800.0,1450,16000,Ahead,State,True,37.10558719408958,359
899,10,4,,SJ,,11.672,,MAYBECK ROAD,-121.37536771607675,37.926885324847824,15700.0,1600,18500,Ahead,State,True,36.9786055102355,360
198,10,108,,STA,R,23.08,,"MODESTO, NEEDHAM/ MC HENRY AVENUES",-120.99371006298078,37.645698464965406,15600.0,1400,18400,Back,State,True,36.836232107126364,361
264,10,120,,SJ,R,16.922,,"ESCALON, MAIN/KERN STREETS",-120.99560011205037,37.796791111934745,15600.0,1400,18600,Back,State,True,36.836232107126364,361
313,10,120,,TUO,,12.077,,EAST JCT. RTE. 108,-120.48830050442933,37.89122902741799,15600.0,1650,19400,Back,State,True,36.836232107126364,361
823,10,49,,TUO,,14.34,,"JAMESTOWN, SOUTH JUNCTION MAIN STREET",-120.42473942406883,37.95043794791057,15600.0,1550,19200,Back,State,True,36.836232107126364,361
1098,10,88,,SJ,,1.77,,WHITE LANE,-121.22491163079782,38.000929900102484,15600.0,1400,17500,Back,State,True,36.836232107126364,361
1102,10,88,,SJ,,14.08,,ELLIOTT/TULLY ROADS,-121.15003887275155,38.163361814195106,15600.0,1850,20100,Back,State,True,36.836232107126364,361
71,10,108,,STA,L,22.836,,"MODESTO, K STREET AT NEEDHAM AVENUE",-120.99816656198615,37.645746375210045,15600.0,1400,18200,Ahead,State,True,36.836232107126364,361
823,10,49,,TUO,,14.34,,"JAMESTOWN, SOUTH JUNCTION MAIN STREET",-120.42473942406883,37.95043794791057,15600.0,2150,18500,Ahead,State,True,36.836232107126364,361
1100,10,88,,SJ,,13.6,,JACKTONE ROAD,-121.15432234186015,38.157292474310964,15600.0,1850,20400,Ahead,State,True,36.836232107126364,361
899,10,4,,SJ,,11.672,,MAYBECK ROAD,-121.37536771607675,37.926885324847824,15400.0,1550,17400,Back,State,True,36.54378944128059,370
264,10,120,,SJ,R,16.922,,"ESCALON, MAIN/KERN STREETS",-120.99560011205037,37.796791111934745,15400.0,990,18400,Ahead,State,True,36.54378944128059,370
837,10,49,,TUO,,18.49,,"SONORA, WASHINGTON STREET/ SHAWS FLAT ROAD",-120.38454184619536,37.989990977841344,15400.0,1650,17700,Ahead,State,True,36.54378944128059,370
200,10,108,,STA,R,32.446,,"RIVERBANK, FIRST STREET",-120.93913693605836,37.73798765590029,15300.0,1050,16600,Back,State,True,36.40526396798522,373
1108,10,88,,SJ,,19.174,,"CLEMENTS, JCT. RTE. 12 EAST",-121.06816405788265,38.19783514425007,15300.0,1500,17100,Back,State,True,36.40526396798522,373
8,10,5,,SJ,,0.68,L,"JCT. RTE. 580 WEST, END LEFT ALIGN",-121.34259904839777,37.5978222882442,15300.0,,,Ahead,Interstate,True,36.40526396798522,373
1092,10,88,,SJ,L,12.24,,"LOCKEFORD, JCT RTE 12 WEST",-121.1627901339178,38.137632428634156,15300.0,1600,15500,Ahead,State,True,36.40526396798522,373
222,10,108,,TUO,L,2.808,,"SONORA, JCT. RTE. 49",-120.45168069624523,37.91902182899699,15200.0,1000,16100,Back,State,True,36.266738494689854,377
220,10,108,,TUO,L,0,,"OAKDALE, EAST JCT. RTE. 120",-120.48830050442933,37.89122902741799,15200.0,1000,16100,Ahead,State,True,36.266738494689854,377
210,10,108,,STA,,31.05,,"RIVERBANK, OAKDALE ROAD",-120.95867360555354,37.732607592925355,15000.0,1600,21300,Back,State,True,36.02816684623672,379
359,10,12,,SJ,,10.454,,THORTON RD/STAR ST,-121.39274116421433,38.11593974491872,15000.0,1600,16700,Back,State,True,36.02816684623672,379
401,10,132,,SJ,,7.108,,SAN JOAQUIN/STANISLAUS COUNTY,-121.27372279190966,37.63829079186214,15000.0,2350,22900,Back,State,True,36.02816684623672,379
407,10,132,,STA,,0,,SAN JOAQUIN/STANISLAUS COUNTY,-121.27372279190966,37.63829079186214,15000.0,3650,22900,Ahead,State,True,36.02816684623672,379
425,10,132,,STA,,20.103,,"EMPIRE, SANTA FE DRIVE/ E STREET",-120.90314484813693,37.638276326366515,14900.0,1500,17000,Back,State,True,35.801138987224874,383
571,10,165,,MER,,36.722,,MERCED / STANISLAUS COUNTY LINE,-120.84907941218216,37.452911816669996,14900.0,1950,27500,Back,State,True,35.801138987224874,383
327,10,120,,TUO,,8.19,,LA GRANGE ROAD,-120.5080811285079,37.843350165613145,14900.0,1550,17800,Ahead,State,True,35.801138987224874,383
569,10,165,,MER,,36.445,,BRADBURY ROAD,-120.8491252523128,37.44892450936499,14900.0,1950,27500,Ahead,State,True,35.801138987224874,383
583,10,165,,STA,,0,,MERCED / STANISLAUS COUNTY LINE,-120.84907941218216,37.452911816669996,14900.0,1950,27500,Ahead,State,True,35.801138987224874,383
232,10,108,,TUO,R,4.498,,PEACEFUL OAK RD,-120.31727800545512,37.98047016479828,14800.0,1550,17800,Back,State,True,35.597198707095586,388
415,10,132,,STA,,15.34,,"MODESTO, 14TH/D STREETS",-120.98962461490014,37.63762335089023,14800.0,1400,16700,Back,State,True,35.597198707095586,388
1110,10,88,,SJ,,2.22,,FAIRCHILD LANE,-121.21932825006574,38.00540829116339,14800.0,1300,16600,Back,State,True,35.597198707095586,388
757,10,49,,AMA,,6.98,,"SUTER CREEK, JCT. RTE. 104 WEST",-120.80233473105834,38.37843042381435,14800.0,1600,15000,Ahead,State,True,35.597198707095586,388
897,10,4,,SJ,,10.49,,INLAND DRIVE,-121.39705033771648,37.926855948230525,14800.0,1550,16800,Ahead,State,True,35.597198707095586,388
1098,10,88,,SJ,,1.77,,WHITE LANE,-121.22491163079782,38.000929900102484,14800.0,1300,16600,Ahead,State,True,35.597198707095586,388
569,10,165,,MER,,36.445,,BRADBURY ROAD,-120.8491252523128,37.44892450936499,14700.0,1700,24700,Back,State,True,35.470217023241496,394
581,10,165,,MER,,9.947,,"LOS BANOS, OVERLAND AVENUE",-120.8350869694491,37.07376815960085,14700.0,1250,15200,Ahead,State,True,35.470217023241496,394
891,10,4,,SJ,T,13.533,,"JOHN TURK RD,LT",-121.3413170285198,37.92694913381335,14600.0,1350,16200,Back,State,True,35.34708326920117,396
1100,10,88,,SJ,,13.6,,JACKTONE ROAD,-121.15432234186015,38.157292474310964,14600.0,1500,18000,Back,State,True,35.34708326920117,396
423,10,132,,STA,,19.13,,"MODESTO, CLAUS ROAD",-120.92099635541422,37.63820480766278,14600.0,1300,14700,Ahead,State,True,35.34708326920117,396
567,10,165,,MER,,33.864,,AMERICAN AVENUE,-120.84999888368957,37.41150158970532,14600.0,1700,24700,Ahead,State,True,35.34708326920117,396
395,10,132,,SJ,,0.243,,CHRISMAN ROAD,-121.39764533684495,37.6384846057569,14400.0,1550,17000,Back,State,True,35.096967831306756,400
405,10,132,,STA,L,15.711,,"MODESTO, 9TH/D STREETS",-120.99436955485841,37.63402741346453,14400.0,1350,16200,Back,State,True,35.096967831306756,400
413,10,132,,STA,,14.732,,"MODESTO, JCT. RTE. 99",-121.0068635043913,37.639218764415276,14300.0,1450,15100,Back,State,True,34.99692165614899,402
479,10,140,,MER,,35.78,,"MERCED, JCT. RTES. 99/59",-120.50058651822847,37.30316339687026,14200.0,1300,15000,Back,State,True,34.881483761736185,403
609,10,219,,STA,,4.858,,JCT. RTE. 108,-120.99494203861258,37.71109940322356,14200.0,1600,14900,Back,State,True,34.881483761736185,403
677,10,33,,MER,R,16.643,,JCT. RTE. 5,-121.01580089615364,37.10640102783268,14200.0,1350,15300,Ahead,State,True,34.881483761736185,403
280,10,120,,SJ,,6.83,,AUSTIN ROAD,-121.17985911515783,37.79755433273469,14100.0,1650,18500,Back,State,True,34.71987070955826,406
278,10,120,,SJ,,6.197,,"MANTECA, NORTH JCT. RTE. 99",-121.19128528492321,37.79750016047946,14100.0,1650,18500,Ahead,State,True,34.71987070955826,406
399,10,132,,SJ,,3.24,,JCT. RTE. 5,-121.34304373961622,37.63767134601593,14100.0,1450,15200,Ahead,State,True,34.71987070955826,406
415,10,132,,STA,,15.34,,"MODESTO, 14TH/D STREETS",-120.98962461490014,37.63762335089023,14100.0,1400,16100,Ahead,State,True,34.71987070955826,406
218,10,108,,STA,,38.236,,"OAKDALE, EAST JCT. RTE. 120",-120.84704097400407,37.766643058074244,14000.0,1200,15100,Back,State,True,34.54286593812529,410
274,10,120,,SJ,,17.885,,"ESCALON, DAVID AVENUE",-120.98408452128665,37.79420608448371,14000.0,900,16700,Back,State,True,34.54286593812529,410
897,10,4,,SJ,,10.49,,INLAND DRIVE,-121.39705033771648,37.926855948230525,14000.0,1500,15600,Back,State,True,34.54286593812529,410
949,10,59,,MER,,16.1,,"MERCED, WEST OLIVE AVENUE/SANTA FE DRIVE",-120.5049261239575,37.31909089278899,14000.0,1650,18600,Back,State,True,34.54286593812529,410
1068,10,88,,AMA,,12.68,,EAST JCT. RTE. 104,-120.82123725284498,38.35967487510584,13800.0,1300,14700,Back,State,True,34.285054640603356,414
887,10,4,,SJ,R,6.025,,TRACY BLVD,-121.46667368619546,37.902174602227,13600.0,1400,15200,Back,State,True,34.02724334308142,415
208,10,108,,STA,,29.15,,LADD ROAD/MC HENRY AVENUE,-120.99314114733492,37.732767855158855,13600.0,1400,14400,Ahead,State,True,34.02724334308142,415
895,10,4,,SJ,,0,,CONTRA COSTA/SAN JOAQUIN COUNTY LINE,-121.5699746545888,37.89090456894438,13600.0,1400,15200,Ahead,State,True,34.02724334308142,415
1108,10,88,,SJ,,19.174,,"CLEMENTS, JCT. RTE. 12 EAST",-121.06816405788265,38.19783514425007,13600.0,1600,15000,Ahead,State,True,34.02724334308142,415
579,10,165,,MER,,9.469,,EAST B STREET,-120.83519972059368,37.06682274156046,13500.0,1450,17100,Ahead,State,True,33.87717408034477,419
1102,10,88,,SJ,,14.08,,ELLIOTT/TULLY ROADS,-121.15003887275155,38.163361814195106,13500.0,1700,17400,Ahead,State,True,33.87717408034477,419
272,10,120,,SJ,,11.64,,FRENCH CAMP ROAD,-121.0919604980309,37.79806221920906,13400.0,1450,16300,Back,State,True,33.68092965984301,421
282,10,120,,SJ,,8.84,,JACKTONE ROAD,-121.14320139896708,37.797610970194356,13400.0,1450,16300,Ahead,State,True,33.68092965984301,421
445,10,132,,STA,,8.38,,HART ROAD,-121.12216508103828,37.63790452552765,13400.0,1200,14400,Ahead,State,True,33.68092965984301,421
208,10,108,,STA,,29.15,,LADD ROAD/MC HENRY AVENUE,-120.99314114733492,37.732767855158855,13300.0,1600,20100,Back,State,True,33.48853316915499,424
212,10,108,,STA,,33.38,,CLAUS ROAD,-120.9222469971393,37.737096151996234,13300.0,1250,16000,Back,State,True,33.48853316915499,424
423,10,132,,STA,,19.13,,"MODESTO, CLAUS ROAD",-120.92099635541422,37.63820480766278,13300.0,1500,16200,Back,State,True,33.48853316915499,424
839,10,49,,TUO,,20.4,,COLUMBIA WYE,-120.39600138028872,38.01395207735328,13300.0,1350,15200,Back,State,True,33.48853316915499,424
200,10,108,,STA,R,32.446,,"RIVERBANK, FIRST STREET",-120.93913693605836,37.73798765590029,13300.0,1250,16000,Ahead,State,True,33.48853316915499,424
581,10,165,,MER,,9.947,,"LOS BANOS, OVERLAND AVENUE",-120.8350869694491,37.07376815960085,13200.0,1450,18200,Back,State,True,33.33461597660459,429
280,10,120,,SJ,,6.83,,AUSTIN ROAD,-121.17985911515783,37.79755433273469,13200.0,1600,17800,Ahead,State,True,33.33461597660459,429
309,10,120,,TUO,R,5.982,,KISTLER RANCH UC,-120.5466875771125,37.84426828565273,13200.0,1750,16000,Ahead,State,True,33.33461597660459,429
397,10,132,,SJ,,0,,JCT. RTE. 580,-121.40205952789539,37.63873215707246,13200.0,1550,17000,Ahead,State,True,33.33461597660459,429
409,10,132,,STA,,11.39,,DAKOTA AVENUE,-121.0673348257388,37.638231012036194,13200.0,1150,14800,Ahead,State,True,33.33461597660459,429
445,10,132,,STA,,8.38,,HART ROAD,-121.12216508103828,37.63790452552765,13000.0,2200,14000,Back,State,True,33.09219639833769,434
677,10,33,,MER,R,16.643,,JCT. RTE. 5,-121.01580089615364,37.10640102783268,12900.0,1200,14200,Back,State,True,32.930583346159764,435
288,10,120,,STA,,3.16,,VALLEY HOME ROAD,-120.86610331146966,37.79001956069687,12800.0,1650,14300,Back,State,True,32.7920578728644,436
409,10,132,,STA,,11.39,,DAKOTA AVENUE,-121.0673348257388,37.638231012036194,12800.0,1150,13600,Back,State,True,32.7920578728644,436
887,10,4,,SJ,R,6.025,,TRACY BLVD,-121.46667368619546,37.902174602227,12800.0,1350,14400,Ahead,State,True,32.7920578728644,436
1110,10,88,,SJ,,2.22,,FAIRCHILD LANE,-121.21932825006574,38.00540829116339,12800.0,1150,14300,Ahead,State,True,32.7920578728644,436
206,10,108,,STA,,27.618,,JCT. RTE. 219 WEST,-120.99494203861258,37.71109940322356,12700.0,1800,22800,Ahead,State,True,32.688163767892874,440
477,10,140,,MER,,35.552,,"MERCED, X STREET",-120.50441039845795,37.3027149873928,12700.0,950,14500,Ahead,State,True,32.688163767892874,440
1106,10,88,,SJ,,18.08,,MACKVILLE ROAD,-121.08633881044018,38.19124482730314,12600.0,1100,15100,Back,State,True,32.58042173310759,442
651,10,26,,SJ,,1.897,,CARDINAL AVENUE,-121.23206348169407,37.973979120809354,12600.0,1450,14000,Ahead,State,True,32.58042173310759,442
483,10,140,,MER,,36.7,,"MERCED, PARSONS AVENUE",-120.45153960505009,37.29518210322471,12500.0,1150,13500,Back,State,True,32.3957211020471,444
567,10,165,,MER,,33.864,,AMERICAN AVENUE,-120.84999888368957,37.41150158970532,12400.0,1500,24700,Back,State,True,32.21871633061413,445
411,10,132,,STA,,13.42,,"MODESTO, CARPENTER ROAD",-121.03043795196825,37.638669230563565,12200.0,1100,13100,Back,State,True,31.98399261197476,446
359,10,12,,SJ,,10.454,,THORTON RD/STAR ST,-121.39274116421433,38.11593974491872,12200.0,1300,14900,Ahead,State,True,31.98399261197476,446
481,10,140,,MER,,35.879,,"MERCED, GLEN AVENUE/ MOTEL DRIVE",-120.46599340903836,37.295225614281385,12200.0,1100,13000,Ahead,State,True,31.98399261197476,446
1104,10,88,,SJ,,16.27,,DISCH ROAD,-121.11520049833605,38.17847887927186,12100.0,1550,15600,Back,State,True,31.857010928120673,449
577,10,165,,MER,,8.786,,"LOS BANOS, JCT. RTE. 152",-120.83535685749642,37.0568663465497,12000.0,990,13000,Back,State,True,31.660766507618902,450
579,10,165,,MER,,9.469,,EAST B STREET,-120.83519972059368,37.06682274156046,12000.0,1450,14500,Back,State,True,31.660766507618902,450
1076,10,88,,AMA,,22.69,,"PINE GROVE, RIDGE ROAD",-120.66736320636907,38.4128237452287,12000.0,1450,14300,Back,State,True,31.660766507618902,450
1078,10,88,,AMA,,23.36,,VOLCANO ROAD,-120.65528920575677,38.41309051765735,12000.0,1900,21700,Back,State,True,31.660766507618902,450
405,10,132,,STA,L,15.711,,"MODESTO, 9TH/D STREETS",-120.99436955485841,37.63402741346453,12000.0,1200,13700,Ahead,State,True,31.660766507618902,450
949,10,59,,MER,,16.1,,"MERCED, WEST OLIVE AVENUE/SANTA FE DRIVE",-120.5049261239575,37.31909089278899,12000.0,650,12400,Ahead,State,True,31.660766507618902,450
1076,10,88,,AMA,,22.69,,"PINE GROVE, RIDGE ROAD",-120.66736320636907,38.4128237452287,12000.0,1900,21700,Ahead,State,True,31.660766507618902,450
1078,10,88,,AMA,,23.36,,VOLCANO ROAD,-120.65528920575677,38.41309051765735,12000.0,1400,14500,Ahead,State,True,31.660766507618902,450
296,10,120,,STA,,8.86,,ORANGE BLOSSOM ROAD,-120.78169242768786,37.77649252834012,11900.0,1650,13500,Ahead,State,True,31.445282438048327,458
643,10,26,,CAL,,8.53,,LA CONTENTA COUNTRY CLUB ENTRANCE,-120.83767115931512,38.17044739729695,11900.0,1200,12100,Ahead,State,True,31.445282438048327,458
503,10,140,,MPA,,21.224,,"MARIPOSA, SOUTH JCT. RTE. 49",-119.9638156376379,37.48315466385746,11800.0,940,13400,Back,State,True,31.25673387717408,460
643,10,26,,CAL,,8.53,,LA CONTENTA COUNTRY CLUB ENTRANCE,-120.83767115931512,38.17044739729695,11800.0,850,12000,Back,State,True,31.25673387717408,460
565,10,165,,MER,,33.616,,"FIRST ST, HILMAR",-120.85004412194894,37.407905159141585,11800.0,1500,24700,Ahead,State,True,31.25673387717408,460
361,10,12,,SJ,,11.66,,RAY RD,-121.37066152943981,38.116113871668546,11700.0,1100,12900,Back,State,True,31.06818531629983,463
411,10,132,,STA,,13.42,,"MODESTO, CARPENTER ROAD",-121.03043795196825,37.638669230563565,11700.0,950,12600,Ahead,State,True,31.06818531629983,463
1086,10,88,,AMA,,7.389,,WEST JCT. RTE. 104,-120.90704405030635,38.33007810378636,11700.0,1100,12400,Ahead,State,True,31.06818531629983,463
1106,10,88,,SJ,,18.08,,MACKVILLE ROAD,-121.08633881044018,38.19124482730314,11700.0,1050,16000,Ahead,State,True,31.06818531629983,463
753,10,49,,AMA,,5.934,,"MARTELL, NORTH JCT. RTE. 88 WEST",-120.79475634120055,38.36531271579548,11600.0,1250,11700,Ahead,State,True,30.941203632445745,467
276,10,120,,SJ,,21.184,,SAN JOAQUIN/STANISLAUS COUNTY,-120.92340421946471,37.79357781526174,11500.0,1150,13700,Back,State,True,30.77959058026782,468
645,10,26,,CAL,,9.859,,HOGAN DAM ROAD,-120.82565007037137,38.18548674170772,11500.0,1150,13000,Back,State,True,30.77959058026782,468
833,10,49,,TUO,,17.965,,"SONORA, JCT. RTE. 108U; WASHINGTON STREET",-120.38221452149998,37.98290647201159,11500.0,1250,12600,Back,State,True,30.77959058026782,468
943,10,59,,MER,,14.78,,"MERCED, JCT. RTE. 99; JCT. RTE. 140",-120.50058651822847,37.30316339687026,11500.0,1200,13200,Back,State,True,30.77959058026782,468
286,10,120,,STA,,0,,SAN JOAQUIN/STANISLAUS COUNTY,-120.92340421946471,37.79357781526174,11500.0,1150,13700,Ahead,State,True,30.77959058026782,468
941,10,59,,MER,,14.126,,"MERCED, CHILDS AVENUE",-120.48740070872161,37.28823175749782,11500.0,1200,13200,Ahead,State,True,30.77959058026782,468
483,10,140,,MER,,36.7,,"MERCED, PARSONS AVENUE",-120.45153960505009,37.29518210322471,11400.0,1000,12200,Ahead,State,True,30.61412959827613,474
282,10,120,,SJ,,8.84,,JACKTONE ROAD,-121.14320139896708,37.797610970194356,11200.0,1250,13800,Back,State,True,30.425581037401876,475
733,10,49,,AMA,,14.723,,"CENTRAL HOUSE, JCT. RTE. 16 WEST",-120.86767934275359,38.45488203507226,11200.0,1050,11600,Back,State,True,30.425581037401876,475
769,10,49,,CAL,,19.412,,"SAN ANDREAS, MAIN STREET",-120.68093140353956,38.19625038924999,11100.0,1100,11700,Back,State,True,30.29090349392027,477
363,10,12,,SJ,,15.155,,LOWER SACRAMENTO ROAD,-121.30652824739619,38.11552302653288,11100.0,2350,15700,Ahead,State,True,30.29090349392027,477
589,10,16,,AMA,,9.093,,JCT. RTE. 124 SOUTH,-120.87265061594263,38.45384716916546,11100.0,920,12500,Ahead,State,True,30.29090349392027,477
769,10,49,,CAL,,19.412,,"SAN ANDREAS, MAIN STREET",-120.68093140353956,38.19625038924999,10900.0,1050,11500,Ahead,State,True,29.93304602124057,480
831,10,49,,TUO,,17.481,,"SONORA, SOUTHGATE DRIVE",-120.38918999088513,37.979709808473814,10900.0,1000,11500,Ahead,State,True,29.93304602124057,480
1104,10,88,,SJ,,16.27,,DISCH ROAD,-121.11520049833605,38.17847887927186,10900.0,1050,13600,Ahead,State,True,29.93304602124057,480
565,10,165,,MER,,33.616,,"FIRST ST, HILMAR",-120.85004412194894,37.407905159141585,10800.0,1600,21100,Back,State,True,29.759889179621364,483
625,10,26,,CAL,,10.435,,"VALLEY SPRINGS, JCT. RTE. 12",-120.7644150121491,38.21188153219897,10800.0,1100,12600,Back,State,True,29.759889179621364,483
941,10,59,,MER,,14.126,,"MERCED, CHILDS AVENUE",-120.48740070872161,37.28823175749782,10800.0,1100,13000,Back,State,True,29.759889179621364,483
1092,10,88,,SJ,L,12.24,,"LOCKEFORD, JCT RTE 12 WEST",-121.1627901339178,38.137632428634156,10800.0,980,11600,Back,State,True,29.759889179621364,483
563,10,165,,MER,,33.365,,"BLOSS AVENUE, HILMAR",-120.85008310254408,37.404265169410685,10800.0,1600,21100,Ahead,State,True,29.759889179621364,483
645,10,26,,CAL,,9.859,,HOGAN DAM ROAD,-120.82565007037137,38.18548674170772,10800.0,1100,12600,Ahead,State,True,29.759889179621364,483
831,10,49,,TUO,,17.481,,"SONORA, SOUTHGATE DRIVE",-120.38918999088513,37.979709808473814,10700.0,1000,11500,Back,State,True,29.544405110050793,489
429,10,132,,STA,,23.144,,GEER/ALBERS ROADS,-120.84769862792861,37.63872802836664,10700.0,1150,11400,Ahead,State,True,29.544405110050793,489
829,10,49,,TUO,,17.35,,"SONORA, FAIRVIEW LANE",-120.39048688057598,37.97812943660939,10700.0,1000,11500,Ahead,State,True,29.544405110050793,489
1120,10,88,,SJ,,9.61,,HARNEY LANE,-121.1782407840038,38.101714159258734,10700.0,1000,12000,Ahead,State,True,29.544405110050793,489
252,10,108,,TUO,,7.511,,SOULSBYVILLE ROAD,-120.26727617324826,37.99650816472773,10500.0,1350,13800,Back,State,True,29.298137601970144,493
673,10,33,,MER,R,15.6,,VERA CRUZ DRIVE,-121.01600142437954,37.091019624265954,10500.0,1200,11700,Back,State,True,29.298137601970144,493
232,10,108,,TUO,R,4.498,,PEACEFUL OAK RD,-120.31727800545512,37.98047016479828,10500.0,1350,13800,Ahead,State,True,29.298137601970144,493
671,10,33,,MER,R,13.238,,WEST JCT. RTE 152,-121.01634419633912,37.05686968725503,10500.0,1100,11700,Ahead,State,True,29.298137601970144,493
375,10,12,,SJ,,18.36,,"LODI, CLUFF AVENUE",-121.25257078804026,38.137594233154424,10400.0,1100,12500,Back,State,True,29.11343697090965,497
403,10,132,,STA,L,14.983,,JCT. RTE. 108 WEST,-121.0035678748714,37.641693893760035,10400.0,1000,12000,Back,State,True,29.11343697090965,497
675,10,33,,MER,R,16.258,,"CENTINELLA, HENRY MILLER ROAD",-121.01577408323902,37.10069844787517,10400.0,1050,13300,Back,State,True,29.11343697090965,497
373,10,12,,SJ,,18.07,,"LODI, JCT. RTE. 99",-121.25790770249942,38.116245781912795,10400.0,1100,12500,Ahead,State,True,29.11343697090965,497
413,10,132,,STA,,14.732,,"MODESTO, JCT. RTE. 99",-121.0068635043913,37.639218764415276,10400.0,1000,12000,Ahead,State,True,29.11343697090965,497
673,10,33,,MER,R,15.6,,VERA CRUZ DRIVE,-121.01600142437954,37.091019624265954,10400.0,910,12700,Ahead,State,True,29.11343697090965,497
375,10,12,,SJ,,18.36,,"LODI, CLUFF AVENUE",-121.25257078804026,38.137594233154424,10300.0,950,11500,Ahead,State,True,28.9248884100354,503
563,10,165,,MER,,33.365,,"BLOSS AVENUE, HILMAR",-120.85008310254408,37.404265169410685,10200.0,1550,19400,Back,State,True,28.778667077112512,504
591,10,16,,AMA,,9.373,,"CENTRAL HOUSE, JCT. RTE. 49",-120.86768004793109,38.45488644793322,10200.0,810,10500,Back,State,True,28.778667077112512,504
651,10,26,,SJ,,1.897,,CARDINAL AVENUE,-121.23206348169407,37.973979120809354,10200.0,1300,16500,Back,State,True,28.778667077112512,504
427,10,132,,STA,,20.352,,I ST LT,-120.89860105175055,37.63828315541816,10100.0,990,11300,Back,State,True,28.659381252885947,507
675,10,33,,MER,R,16.258,,"CENTINELLA, HENRY MILLER ROAD",-121.01577408323902,37.10069844787517,10100.0,1200,12700,Ahead,State,True,28.659381252885947,507
1116,10,88,,SJ,,4.94,,"WATERLOO, FERGUSON/ COMSTOCK ROADS",-121.1871525728822,38.035512783939595,10000.0,890,11200,Back,State,True,28.532399569031863,509
7,10,5,,SJ,,0.053,L," SB ON FR RTE 580, BEGIN LEFT ALIGN",-121.33471605150524,37.59140326088843,10000.0,,,Ahead,Interstate,True,28.532399569031863,509
485,10,140,,MER,,37.4,,"MERCED, SANTA FE AVENUE",-120.4390156814311,37.295115676744196,9800.0,850,10300,Back,State,True,28.101431429890717,511
1112,10,88,,SJ,,22.093,,LIBERTY ROAD,-121.05108000111551,38.236043157918886,9800.0,1000,10700,Back,State,True,28.101431429890717,511
505,10,140,,MPA,,21.38,,"MARIPOSA, SIXTH ST",-119.96545825923718,37.48494377508625,9800.0,550,11100,Ahead,State,True,28.101431429890717,511
1058,10,88,,AMA,R,26.791,,"JCT RTE 26, RED CORRAL RD",-120.6100781662152,38.41562531689737,9700.0,1050,10700,Back,State,True,27.94751423734031,514
589,10,16,,AMA,,9.093,,JCT. RTE. 124 SOUTH,-120.87265061594263,38.45384716916546,9600.0,740,10500,Back,State,True,27.797444974603664,515
785,10,49,,CAL,,8.667,,NORTH JCT. RTE. 4,-120.55882268113042,38.08251598879431,9600.0,1200,10900,Back,State,True,27.797444974603664,515
503,10,140,,MPA,,21.224,,"MARIPOSA, SOUTH JCT. RTE. 49",-119.9638156376379,37.48315466385746,9600.0,960,11500,Ahead,State,True,27.797444974603664,515
1118,10,88,,SJ,,6.518,,EIGHT MILE ROAD,-121.18869796712335,38.058030874580886,9600.0,1150,10400,Ahead,State,True,27.797444974603664,515
327,10,120,,TUO,,8.19,,LA GRANGE ROAD,-120.5080811285079,37.843350165613145,9500.0,1150,12000,Back,State,True,27.60889641372941,519
431,10,132,,STA,,27.22,,REINWAY AVE,-120.7736730350942,37.63821462229972,9300.0,910,10900,Back,State,True,27.32414960751116,520
505,10,140,,MPA,,21.38,,"MARIPOSA, SIXTH ST",-119.96545825923718,37.48494377508625,9300.0,900,11500,Back,State,True,27.32414960751116,520
761,10,49,,CAL,R,20.496,,JCT. RTE. 12 WEST,-120.69737410900788,38.2048561738877,9300.0,1050,10800,Back,State,True,27.32414960751116,520
781,10,49,,CAL,,7.21,,"ANGELS CAMP, SOUTH JCT. RTE. 4",-120.53911123990514,38.06824724626205,9300.0,840,10900,Back,State,True,27.32414960751116,520
425,10,132,,STA,,20.103,,"EMPIRE, SANTA FE DRIVE/ E STREET",-120.90314484813693,37.638276326366515,9300.0,900,10000,Ahead,State,True,27.32414960751116,520
555,10,165,,MER,,26.872,,JCT. RTE. 140,-120.85123992332255,37.313164008159646,9250.0,840,11100,Ahead,State,True,27.22795136216715,525
182,10,104,,AMA,R,5.766,,"IONE, JCT. RTE. 124 NORTH",-120.93578705638014,38.35412710174796,9200.0,720,10000,Back,State,True,27.13175311682315,526
331,10,124,,AMA,R,2.291,,"IONE, WEST JCT RTE 104",-120.93578705638014,38.35412710174796,9200.0,390,9700,Back,State,True,27.13175311682315,526
351,10,12,,CAL,,9.927,,"VALLEY SPRINGS, JCT. RTE. 26 SOUTH",-120.82904640372959,38.191558895844146,9200.0,980,10500,Ahead,State,True,27.13175311682315,526
561,10,165,,MER,,32.366,,WILLIAMS AVE,-120.85030807842045,37.389777915154546,9200.0,1200,14700,Ahead,State,True,27.13175311682315,526
939,10,59,,MER,,13.13,,DICKENSON AND MISSION ROADS,-120.48784448455683,37.273730464661824,9200.0,900,9900,Ahead,State,True,27.13175311682315,526
699,10,33,,STA,,0.95,,"NEWMAN, DRISKELL ROAD/KERN STREET",-121.02205427635718,37.31748750680616,9100.0,710,9200,Back,State,True,26.96629213483146,531
767,10,49,,CAL,,18.794,,MOUNTAIN RANCH ROAD,-120.6744845226305,38.189141391632894,9100.0,1100,11600,Ahead,State,True,26.96629213483146,531
377,10,12,,SJ,,20.9,,VICTOR BRUELLA ROAD,-121.20600183625062,38.13793888482961,9000.0,890,10700,Back,State,True,26.78928736339849,533
477,10,140,,MER,,35.552,,"MERCED, X STREET",-120.50441039845795,37.3027149873928,9000.0,590,9600,Back,State,True,26.78928736339849,533
697,10,33,,STA,,0.68,,"NEWMAN, MERCED STREET",-121.02060213802233,37.31370252970184,9000.0,780,9600,Back,State,True,26.78928736339849,533
939,10,59,,MER,,13.13,,DICKENSON AND MISSION ROADS,-120.48784448455683,37.273730464661824,9000.0,940,9600,Back,State,True,26.78928736339849,533
685,10,33,,MER,,27.111,,NORTH JCT. RTE. 140 EAST,-120.99976203460945,37.26015625567044,8900.0,800,9900,Ahead,State,True,26.646913960289364,537
1074,10,88,,AMA,,14.9,,"JACKSON, COURT STREET",-120.76514458878856,38.352818152172254,8900.0,950,10000,Ahead,State,True,26.646913960289364,537
1070,10,88,,AMA,,14.25,,JCT. RTE. 49,-120.79475634120055,38.36531271579548,8800.0,1200,9300,Back,,False,26.512236416807756,539
274,10,120,,SJ,,17.885,,"ESCALON, DAVID AVENUE",-120.98408452128665,37.79420608448371,8700.0,1200,13200,Ahead,State,True,26.300600277050947,540
377,10,12,,SJ,,20.9,,VICTOR BRUELLA ROAD,-121.20600183625062,38.13793888482961,8700.0,890,9600,Ahead,State,True,26.300600277050947,540
403,10,132,,STA,L,14.983,,JCT. RTE. 108 WEST,-121.0035678748714,37.641693893760035,8700.0,1000,8700,Ahead,State,True,26.300600277050947,540
431,10,132,,STA,,27.22,,REINWAY AVE,-120.7736730350942,37.63821462229972,8700.0,820,10100,Ahead,State,True,26.300600277050947,540
485,10,140,,MER,,37.4,,"MERCED, SANTA FE AVENUE",-120.4390156814311,37.295115676744196,8700.0,730,8800,Ahead,State,True,26.300600277050947,540
741,10,49,,AMA,,2.843,,"JACKSON, SCOTTSVILLE BOULEVARD",-120.75742693670556,38.33581481676774,8700.0,800,8900,Ahead,State,True,26.300600277050947,540
1112,10,88,,SJ,,22.093,,LIBERTY ROAD,-121.05108000111551,38.236043157918886,8700.0,1000,9400,Ahead,State,True,26.300600277050947,540
321,10,120,,TUO,,32.184,,GROVELAND,-120.23164732540017,37.83829346208546,8600.0,1050,10700,Back,State,True,26.069724488225333,547
561,10,165,,MER,,32.366,,WILLIAMS AVE,-120.85030807842045,37.389777915154546,8600.0,860,10800,Back,State,True,26.069724488225333,547
745,10,49,,AMA,,3.12,,"JACKSON, BROADWAY AND FULLER LANE",-120.76088590689358,38.338375486427026,8600.0,810,8800,Back,State,True,26.069724488225333,547
1120,10,88,,SJ,,9.61,,HARNEY LANE,-121.1782407840038,38.101714159258734,8600.0,910,10300,Back,State,True,26.069724488225333,547
319,10,120,,TUO,,30.47,,BIG OAK FLAT,-120.2565778203227,37.82464474987733,8600.0,1050,10700,Ahead,State,True,26.069724488225333,547
489,10,140,,MER,,43.7,,PLANADA ROAD,-120.3248371821456,37.2953642490614,8500.0,760,8600,Back,State,True,25.892719716792367,552
1074,10,88,,AMA,,14.9,,"JACKSON, COURT STREET",-120.76514458878856,38.352818152172254,8500.0,950,8700,Back,State,True,25.892719716792367,552
641,10,26,,CAL,,7.62,,SILVER RAPIDS RD,-120.84642455454767,38.159138814686905,8500.0,760,9000,Ahead,State,True,25.892719716792367,552
507,10,140,,MPA,,22.001,,"MARIPOSA, JCT RTE 49 NORTH",-119.97216303927779,37.492095236329206,8400.0,870,9100,Back,State,True,25.73880252424196,555
721,10,33,,STA,,2.06,,STUHR ROAD,-121.02738860007507,37.332981241398386,8400.0,780,8900,Back,State,True,25.73880252424196,555
697,10,33,,STA,,0.68,,"NEWMAN, MERCED STREET",-121.02060213802233,37.31370252970184,8400.0,720,9200,Ahead,State,True,25.73880252424196,555
747,10,49,,AMA,,3.62,,"JACKSON, FRENCH BAR RD",-120.76742612276065,38.34296262171926,8300.0,1350,14300,Back,State,True,25.573341542250272,558
795,10,49,,MPA,,18.51,,"MARIPOSA, JCT. RTE. 140",-119.97272009985683,37.49311577674112,8300.0,1150,9000,Back,State,True,25.573341542250272,558
793,10,49,,MPA,,16.7,,"MORMON BAR, BEN HUR ROAD",-119.94740816589162,37.462550301932225,8300.0,1150,9000,Ahead,State,True,25.573341542250272,558
1068,10,88,,AMA,,12.68,,EAST JCT. RTE. 104,-120.82123725284498,38.35967487510584,8300.0,1150,9000,Ahead,State,True,25.573341542250272,558
184,10,104,,AMA,R,5.96,,"IONE, JCT. RTE. 124 SOUTH",-120.93337905668403,38.35273510156532,8200.0,620,9800,Ahead,State,True,25.407880560258583,562
785,10,49,,CAL,,8.667,,NORTH JCT. RTE. 4,-120.55882268113042,38.08251598879431,8200.0,990,9200,Ahead,State,True,25.407880560258583,562
234,10,108,,TUO,R,9.58,,WEST CONNECTION TO TWAIN HART/ LAIN VIEW ROAD,-120.24669459958429,38.01967040803723,8100.0,1400,9000,Back,State,True,25.20009235031553,564
647,10,26,,SJ,R,4.217,,ALPINE RD,-121.1945470533468,37.988014053057746,8100.0,1050,10000,Back,State,True,25.20009235031553,564
1086,10,88,,AMA,,7.389,,WEST JCT. RTE. 104,-120.90704405030635,38.33007810378636,8100.0,860,8700,Back,State,True,25.20009235031553,564
1114,10,88,,SJ,,25.365,,SAN JOAQUIN/AMADOR COUNTY,-121.01638827667014,38.27439994276363,8100.0,1000,8700,Back,State,True,25.20009235031553,564
224,10,108,,TUO,R,11.752,,EAST CONNECTION TO TWAIN HART/CEDAR SPRINGS ROAD,-120.21766885146977,38.03914763874703,8100.0,1100,11300,Ahead,State,True,25.20009235031553,564
647,10,26,,SJ,R,4.217,,ALPINE RD,-121.1945470533468,37.988014053057746,8100.0,970,9300,Ahead,State,True,25.20009235031553,564
1058,10,88,,AMA,R,26.791,,"JCT RTE 26, RED CORRAL RD",-120.6100781662152,38.41562531689737,8100.0,1000,9200,Ahead,State,True,25.20009235031553,564
1066,10,88,,AMA,,0,,SAN JOAQUIN/AMADOR COUNTY,-121.01638827667014,38.27439994276363,8100.0,950,8700,Ahead,State,True,25.20009235031553,564
224,10,108,,TUO,R,11.752,,EAST CONNECTION TO TWAIN HART/CEDAR SPRINGS ROAD,-120.21766885146977,38.03914763874703,8000.0,900,9400,Back,State,True,24.930737263352317,572
341,10,12,,CAL,,10.4,,WEST JUNCTION LIME CREEK ROAD,-120.82077572809642,38.193513827452804,8000.0,770,9800,Back,State,True,24.930737263352317,572
343,10,12,,CAL,,13.872,,"TOYON, JCT. RTE. 26 NORTH",-120.76436419445346,38.21186000643599,8000.0,950,11000,Back,State,True,24.930737263352317,572
234,10,108,,TUO,R,9.58,,WEST CONNECTION TO TWAIN HART/ LAIN VIEW ROAD,-120.24669459958429,38.01967040803723,8000.0,900,9400,Ahead,State,True,24.930737263352317,572
341,10,12,,CAL,,10.4,,WEST JUNCTION LIME CREEK ROAD,-120.82077572809642,38.193513827452804,8000.0,870,10600,Ahead,State,True,24.930737263352317,572
489,10,140,,MER,,43.7,,PLANADA ROAD,-120.3248371821456,37.2953642490614,8000.0,620,8100,Ahead,State,True,24.930737263352317,572
435,10,132,,STA,,28,,HICKMAN ROAD/F STREET,-120.75955335498426,37.63831755675627,7900.0,560,8000,Back,State,True,24.672925965830384,578
867,10,4,,CAL,,26.22,,VALLECITO,-120.47132093250951,38.097150731645606,7900.0,500,9500,Back,State,True,24.672925965830384,578
1118,10,88,,SJ,,6.518,,EIGHT MILE ROAD,-121.18869796712335,38.058030874580886,7900.0,700,8800,Back,State,True,24.672925965830384,578
252,10,108,,TUO,,7.511,,SOULSBYVILLE ROAD,-120.26727617324826,37.99650816472773,7900.0,1350,8800,Ahead,State,True,24.672925965830384,578
435,10,132,,STA,,28,,HICKMAN ROAD/F STREET,-120.75955335498426,37.63831755675627,7900.0,410,8500,Ahead,State,True,24.672925965830384,578
553,10,165,,MER,,11.733,,HENRY MILLER AVENUE,-120.83487520329898,37.09968061131337,7900.0,710,8400,Ahead,State,True,24.672925965830384,578
555,10,165,,MER,,26.872,,JCT. RTE. 140,-120.85123992332255,37.313164008159646,7850.0,720,9600,Back,State,True,24.545944281976297,584
429,10,132,,STA,,23.144,,GEER/ALBERS ROADS,-120.84769862792861,37.63872802836664,7800.0,640,8300,Back,State,True,24.43820224719101,585
749,10,49,,AMA,,4.029,,"JACKSON, SOUTH JCT. RTE. 88",-120.77308603995495,38.34693814844088,7800.0,2050,8300,Back,State,True,24.43820224719101,585
1072,10,88,,AMA,,14.561,,MIDDLE FORK JACKSON CREEK BRIDGE,-120.77039574018922,38.35023681754388,7800.0,820,8300,Back,State,True,24.43820224719101,585
867,10,4,,CAL,,26.22,,VALLECITO,-120.47132093250951,38.097150731645606,7800.0,860,9700,Ahead,State,True,24.43820224719101,585
1070,10,88,,AMA,,14.25,,JCT. RTE. 49,-120.79475634120055,38.36531271579548,7800.0,820,8300,Ahead,,False,24.43820224719101,585
1072,10,88,,AMA,,14.561,,MIDDLE FORK JACKSON CREEK BRIDGE,-120.77039574018922,38.35023681754388,7800.0,820,8300,Ahead,State,True,24.43820224719101,585
735,10,49,,AMA,,16.53,,"PLYMOUTH, BUSH ST",-120.8509564392734,38.473386677288474,7700.0,1100,8200,Back,State,True,24.22271817762044,591
737,10,49,,AMA,,17.22,,"PLYMOUTH, MAIN STREET/ FIDDLETOWN ROAD",-120.84484422482512,38.481806103047475,7700.0,700,8200,Back,State,True,24.22271817762044,591
787,10,49,,CAL,,9.42,,"NORTH ANGELS CAMP, COPELLO DRIVE",-120.57103038519301,38.087694367006996,7700.0,810,8100,Back,State,True,24.22271817762044,591
1084,10,88,,AMA,,5.527,,JCT. RTE. 124 NORTH,-120.93776387102804,38.31988870705846,7700.0,920,9300,Back,State,True,24.22271817762044,591
735,10,49,,AMA,,16.53,,"PLYMOUTH, BUSH ST",-120.8509564392734,38.473386677288474,7700.0,900,8200,Ahead,State,True,24.22271817762044,591
1116,10,88,,SJ,,4.94,,"WATERLOO, FERGUSON/ COMSTOCK ROADS",-121.1871525728822,38.035512783939595,7700.0,680,8700,Ahead,State,True,24.22271817762044,591
669,10,33,,MER,R,1.17,,"DOS PALOS, BLOSSOM STREET (MILEPOST EQUATION)",-120.6355826387902,36.986088938386835,7600.0,730,9500,Back,State,True,23.972602739726025,597
915,10,4,,STA,R,8.885,,STANISLAUS/CALAVERAS COUNTY LINE,-120.77090951185305,37.93881630040657,7600.0,1000,8800,Back,State,True,23.972602739726025,597
427,10,132,,STA,,20.352,,I ST LT,-120.89860105175055,37.63828315541816,7600.0,740,8600,Ahead,State,True,23.972602739726025,597
575,10,165,,MER,,8.24,,SCRIPPS DR,-120.83552498977826,37.04918668928538,7600.0,960,10600,Ahead,State,True,23.972602739726025,597
655,10,26,,SJ,,10,,DUNCAN ROAD,-121.09561043208204,38.01731977426852,7600.0,1000,8900,Ahead,State,True,23.972602739726025,597
853,10,4,,CAL,R,0,,STANISLAUS/CALAVERAS COUNTY LINE,-120.77090951185305,37.93881630040657,7600.0,1100,9300,Ahead,State,True,23.972602739726025,597
741,10,49,,AMA,,2.843,,"JACKSON, SCOTTSVILLE BOULEVARD",-120.75742693670556,38.33581481676774,7500.0,760,7800,Back,State,True,23.691703863321536,603
871,10,4,,CAL,,37.35,,"AVERY, MORAN ROAD WEST JUNCTION",-120.36978193139255,38.20297653158795,7500.0,850,9300,Back,State,True,23.691703863321536,603
192,10,104,,AMA,,10.072,,"SUTTER CREEK, JCT. RTE. 49",-120.80244639613973,38.37844790380767,7400.0,490,8100,Back,State,True,23.445436355240883,605
641,10,26,,CAL,,7.62,,SILVER RAPIDS RD,-120.84642455454767,38.159138814686905,7400.0,760,10000,Back,State,True,23.445436355240883,605
873,10,4,,CAL,,41.52,,WHITE PINES ROAD,-120.34923627147528,38.25621175989627,7400.0,900,9300,Back,State,True,23.445436355240883,605
188,10,104,,AMA,R,8.201,,JCT. RTE. 88,-120.90704405030635,38.33007810378636,7400.0,490,8100,Ahead,State,True,23.445436355240883,605
653,10,26,,SJ,,10.7,,MILL STREET (LINDEN),-121.0838157599124,38.021091927767436,7400.0,1000,8900,Ahead,State,True,23.445436355240883,605
749,10,49,,AMA,,4.029,,"JACKSON, SOUTH JCT. RTE. 88",-120.77308603995495,38.34693814844088,7400.0,2150,7600,Ahead,State,True,23.445436355240883,605
653,10,26,,SJ,,10.7,,MILL STREET (LINDEN),-121.0838157599124,38.021091927767436,7300.0,1000,8900,Back,State,True,23.19916884716023,611
699,10,33,,STA,,0.95,,"NEWMAN, DRISKELL ROAD/KERN STREET",-121.02205427635718,37.31748750680616,7300.0,750,7300,Ahead,State,True,23.19916884716023,611
747,10,49,,AMA,,3.62,,"JACKSON, FRENCH BAR RD",-120.76742612276065,38.34296262171926,7300.0,1400,14800,Ahead,State,True,23.19916884716023,611
491,10,140,,MER,,5.79,,"GUSTINE, FOURTH AVENUE",-120.99832749157605,37.25635652458823,7200.0,680,8600,Ahead,State,True,22.937509619824535,614
303,10,120,,TUO,R,38.9,,HELLS HOLLOW ROAD,-120.12971950917371,37.81713942350922,7100.0,1100,9800,Back,State,True,22.741265199322765,615
497,10,140,,MER,,6.06,,"GUSTINE, EAST JCT. RTE. 33",-120.99971862801493,37.26016026018574,7100.0,550,8000,Back,State,True,22.741265199322765,615
775,10,49,,CAL,,30.865,,CALAVERAS/AMADOR COUNTY LINE,-120.72030876925297,38.31253018454435,7100.0,570,7300,Back,State,True,22.741265199322765,615
965,10,59,,MER,,7.07,,SANDY MUSH RD,-120.48821578072162,37.1858278768447,7100.0,690,7200,Back,State,True,22.741265199322765,615
473,10,140,,MER,,33.55,,FRANKLIN ROAD,-120.54110652391532,37.30264998168054,7100.0,590,7100,Ahead,State,True,22.741265199322765,615
731,10,49,,AMA,,0,,CALAVERAS/AMADOR COUNTY LINE,-120.72030876925297,38.31253018454435,7100.0,580,7300,Ahead,State,True,22.741265199322765,615
787,10,49,,CAL,,9.42,,"NORTH ANGELS CAMP, COPELLO DRIVE",-120.57103038519301,38.087694367006996,7100.0,720,7500,Ahead,State,True,22.741265199322765,615
345,10,12,,CAL,,18.201,,"SAN ANDREAS, JCT. RTE. 49",-120.69737410900788,38.2048561738877,7000.0,1000,7400,Back,State,True,22.506541480683392,622
433,10,132,,STA,,28.242,,TIM BELL ST / BAKER ST,-120.75583329035724,37.63934488747295,7000.0,460,7400,Back,State,True,22.506541480683392,622
869,10,4,,CAL,,29.62,,BIG TREES/TOMBELL ROADS,-120.4561411190918,38.13905896556675,7000.0,890,8200,Back,State,True,22.506541480683392,622
663,10,26,,SJ,,6.85,,JACKTONE ROAD,-121.14951185722548,38.00076166324254,7000.0,780,7700,Ahead,State,True,22.506541480683392,622
779,10,49,,CAL,,6.66,,"ANGELS CAMP, CENTENNIAL RD",-120.5367786681502,38.06098831452401,7000.0,660,8900,Ahead,State,True,22.506541480683392,622
707,10,33,,STA,,13.1,,SALADO AVENUE/EL CIRCULO,-121.12816111187924,37.470955863519286,6900.0,810,8800,Back,State,True,22.24103432353394,627
905,10,4,,SJ,,20.69,,WALKER LANE,-121.21780783168444,37.94490493390784,6900.0,1100,8100,Back,State,True,22.24103432353394,627
733,10,49,,AMA,,14.723,,"CENTRAL HOUSE, JCT. RTE. 16 WEST",-120.86767934275359,38.45488203507226,6900.0,740,7500,Ahead,State,True,22.24103432353394,627
889,10,4,,SJ,S,19.986,,SOUTH JCT. RTE. 99,-121.23054441437895,37.94174059832859,6900.0,1100,8100,Ahead,State,True,22.24103432353394,627
965,10,59,,MER,,7.07,,SANDY MUSH RD,-120.48821578072162,37.1858278768447,6900.0,700,6900,Ahead,State,True,22.24103432353394,627
655,10,26,,SJ,,10,,DUNCAN ROAD,-121.09561043208204,38.01731977426852,6800.0,970,7700,Back,State,True,22.02555025396337,632
765,10,49,,CAL,,14.2,,FRICOT ROAD,-120.6349709678284,38.1325592574618,6800.0,780,7500,Back,State,True,22.02555025396337,632
471,10,140,,MER,,31.51,,BUHACH ROAD,-120.57773510504647,37.30230255926971,6800.0,510,6900,Ahead,State,True,22.02555025396337,632
869,10,4,,CAL,,29.62,,BIG TREES/TOMBELL ROADS,-120.4561411190918,38.13905896556675,6800.0,810,8300,Ahead,State,True,22.02555025396337,632
873,10,4,,CAL,,41.52,,WHITE PINES ROAD,-120.34923627147528,38.25621175989627,6800.0,930,8500,Ahead,State,True,22.02555025396337,632
957,10,59,,MER,,3.53,,EL NIDO RD,-120.49217321797596,37.13487541379835,6800.0,530,6800,Ahead,State,True,22.02555025396337,632
575,10,165,,MER,,8.24,,SCRIPPS DR,-120.83552498977826,37.04918668928538,6700.0,660,7200,Back,State,True,21.825457903647838,638
767,10,49,,CAL,,18.794,,MOUNTAIN RANCH ROAD,-120.6744845226305,38.189141391632894,6700.0,770,10900,Back,State,True,21.825457903647838,638
347,10,12,,CAL,,6.3,,"BURSON, BURSON ROAD",-120.89043074308745,38.18354356457083,6700.0,660,7300,Ahead,State,True,21.825457903647838,638
707,10,33,,STA,,13.1,,SALADO AVENUE/EL CIRCULO,-121.12816111187924,37.470955863519286,6700.0,850,9600,Ahead,State,True,21.825457903647838,638
871,10,4,,CAL,,37.35,,"AVERY, MORAN ROAD WEST JUNCTION",-120.36978193139255,38.20297653158795,6700.0,820,8400,Ahead,State,True,21.825457903647838,638
553,10,165,,MER,,11.733,,HENRY MILLER AVENUE,-120.83487520329898,37.09968061131337,6600.0,1300,13700,Back,State,True,21.61382176389103,643
765,10,49,,CAL,,14.2,,FRICOT ROAD,-120.6349709678284,38.1325592574618,6600.0,700,6900,Ahead,State,True,21.61382176389103,643
771,10,49,,CAL,,27.614,,"MOKELUMNE HILL, JCT. RTE. 26",-120.7046755087377,38.297844529042294,6600.0,680,7100,Ahead,State,True,21.61382176389103,643
184,10,104,,AMA,R,5.96,,"IONE, JCT. RTE. 124 SOUTH",-120.93337905668403,38.35273510156532,6500.0,970,9200,Back,State,True,21.367554255810376,646
663,10,26,,SJ,,6.85,,JACKTONE ROAD,-121.14951185722548,38.00076166324254,6500.0,670,7700,Back,State,True,21.367554255810376,646
671,10,33,,MER,R,13.238,,WEST JCT. RTE 152,-121.01634419633912,37.05686968725503,6500.0,680,8200,Back,State,True,21.367554255810376,646
679,10,33,,MER,R,5.635,,EAST JCT. RTE. 152,-120.63556022043397,37.05052648105472,6500.0,680,8200,Back,State,True,21.367554255810376,646
779,10,49,,CAL,,6.66,,"ANGELS CAMP, CENTENNIAL RD",-120.5367786681502,38.06098831452401,6500.0,830,6900,Back,State,True,21.367554255810376,646
467,10,140,,MER,,29.47,,APPLEGATE ROAD,-120.6148726707193,37.30210307628663,6500.0,740,7500,Ahead,State,True,21.367554255810376,646
679,10,33,,MER,R,5.635,,EAST JCT. RTE. 152,-120.63556022043397,37.05052648105472,6500.0,680,8200,Ahead,State,True,21.367554255810376,646
777,10,49,,CAL,,6.52,,"ANGELS CAMP, SOUTH CITY LIMITS",-120.5359921086773,38.05905218253325,6500.0,830,6900,Ahead,State,True,21.367554255810376,646
687,10,33,,MER,,30.302,,MERCED/STANISLAUS COUNTY LINE,-121.01616585380579,37.30379744325384,6400.0,590,6400,Back,State,True,21.10589502847468,654
723,10,33,,STA,,27.086,,STANISLAUS/SAN JOAQUIN COUNTY LINE,-121.28555487531767,37.629028138237885,6400.0,610,6400,Back,State,True,21.10589502847468,654
957,10,59,,MER,,3.53,,EL NIDO RD,-120.49217321797596,37.13487541379835,6400.0,490,6500,Back,State,True,21.10589502847468,654
573,10,165,,MER,,7.782,,PIONEER ROAD,-120.83577911598563,37.04238466602489,6400.0,660,7200,Ahead,State,True,21.10589502847468,654
691,10,33,,SJ,,0,,STANISLAUS/SAN JOAQUIN COUNTY LINE,-121.28555487531767,37.629028138237885,6400.0,610,6400,Ahead,State,True,21.10589502847468,654
701,10,33,,STA,,0,,MERCED/STANISLAUS COUNTY LINE,-121.01616585380579,37.30379744325384,6400.0,590,6400,Ahead,State,True,21.10589502847468,654
705,10,33,,STA,,13.18,,LAS PALMAS AVENUE,-121.12898723136061,37.47208261614754,6400.0,510,6500,Ahead,State,True,21.10589502847468,654
745,10,49,,AMA,,3.12,,"JACKSON, BROADWAY AND FULLER LANE",-120.76088590689358,38.338375486427026,6400.0,810,7000,Ahead,State,True,21.10589502847468,654
827,10,49,,TUO,,16.48,,"SONORA, EAST JCT. RTE. 108",-120.39397653272253,37.96517660502335,6400.0,740,7700,Ahead,State,True,21.10589502847468,654
88,10,120,,TUO,R,0,L,"STANISLAUS/TUOLUMNE COUNTY LINE, END LEFT ALIGN",-120.64031010202464,37.823406187511374,6300.0,720,7300,Back,State,True,20.794212713560103,663
285,10,120,,STA,T,18.168,R,"STANISLAUS/TUOLUME COUNTY LINE, RIGHT ALIGN",-120.64010481901592,37.82324970364037,6300.0,1300,7300,Back,State,True,20.794212713560103,663
298,10,120,,TUO,R,0,R,"STANISLAUS/TUOLUME COUNTY LINE, END RIGHT ALIGN",-120.64010481901592,37.82324970364037,6300.0,1300,7300,Back,State,True,20.794212713560103,663
773,10,49,,CAL,,28.06,,CAMPO SECO RD/STOCKTON HILL RD,-120.71158595985922,38.299732235542436,6300.0,560,6500,Back,State,True,20.794212713560103,663
1060,10,88,,AMA,R,32.053,,TIGER CREEK ROAD,-120.53234390747637,38.4446257811505,6300.0,940,7500,Back,State,True,20.794212713560103,663
87,10,120,,STA,T,18.017,L,BEGIN LEFT ALIGN,-120.64244111428772,37.82224599046701,6300.0,720,7300,Ahead,State,True,20.794212713560103,663
284,10,120,,STA,T,18.017,R,BEGIN RIGHT ALIGN IN STA CO.,-120.64244111428772,37.82224598975741,6300.0,1300,7300,Ahead,State,True,20.794212713560103,663
285,10,120,,STA,T,18.168,R,"STANISLAUS/TUOLUME COUNTY LINE, RIGHT ALIGN",-120.64010481901592,37.82324970364037,6300.0,1300,7300,Ahead,State,True,20.794212713560103,663
343,10,12,,CAL,,13.872,,"TOYON, JCT. RTE. 26 NORTH",-120.76436419445346,38.21186000643599,6300.0,720,7100,Ahead,State,True,20.794212713560103,663
623,10,26,,CAL,R,4.379,,JENNY LIND ROAD,-120.87755106056481,38.122716741986665,6300.0,710,6600,Ahead,State,True,20.794212713560103,663
773,10,49,,CAL,,28.06,,CAMPO SECO RD/STOCKTON HILL RD,-120.71158595985922,38.299732235542436,6300.0,560,6500,Ahead,State,True,20.794212713560103,663
258,10,120,,MPA,,43.749,,MARIPOSA/TUOLUMNE COUNTY LINE,-120.05572247378215,37.8180797399864,6200.0,1400,9000,Back,State,True,20.49407418808681,674
254,10,120,,MPA,R,41.522,,TUOLUMNE/MARIPOSA COUNTY LINE,-120.08951696541334,37.82279694028594,6200.0,1400,12300,Ahead,State,True,20.49407418808681,674
256,10,120,,MPA,,43.09,,BUCK MEADOWS,-120.0660129709075,37.81383401274965,6200.0,1400,9000,Ahead,State,True,20.49407418808681,674
349,10,12,,CAL,,9.78,,"VALLEY SPRINGS, PINE STREET",-120.8303898522033,38.18979418228138,6200.0,1000,6800,Ahead,State,True,20.49407418808681,674
557,10,165,,MER,,27.88,,THIRD AVE,-120.851122924045,37.32766312075105,6200.0,810,10600,Ahead,State,True,20.49407418808681,674
907,10,4,,SJ,,24.87,,JACKTONE ROAD,-121.1480592373936,37.94211907298651,6200.0,780,7600,Ahead,State,True,20.49407418808681,674
909,10,4,,SJ,,33.1,,FARMINGTON/ESCALON-BELLOTA RD,-120.99986330438638,37.93004436866069,6200.0,910,8900,Ahead,State,True,20.49407418808681,674
1084,10,88,,AMA,,5.527,,JCT. RTE. 124 NORTH,-120.93776387102804,38.31988870705846,6200.0,830,7800,Ahead,State,True,20.49407418808681,674
705,10,33,,STA,,13.18,,LAS PALMAS AVENUE,-121.12898723136061,37.47208261614754,6100.0,90,6200,Back,State,True,20.28628597814376,682
763,10,49,,CAL,R,22.21,,GOLD STRIKE ROAD,-120.7041660220378,38.22851828088991,6100.0,650,7100,Back,State,True,20.28628597814376,682
669,10,33,,MER,R,1.17,,"DOS PALOS, BLOSSOM STREET (MILEPOST EQUATION)",-120.6355826387902,36.986088938386835,6100.0,810,7600,Ahead,State,True,20.28628597814376,682
349,10,12,,CAL,,9.78,,"VALLEY SPRINGS, PINE STREET",-120.8303898522033,38.18979418228138,6000.0,950,6700,Back,State,True,20.055410189318145,685
475,10,140,,MER,,35.03,,"MERCED, MASSACIO STREET",-120.51386098786062,37.30272925144198,6000.0,580,7500,Back,State,True,20.055410189318145,685
681,10,33,,MER,,1.888,,CARMELLIA AVENUE,-120.63564885181317,36.996329471773876,6000.0,620,6600,Back,State,True,20.055410189318145,685
727,10,33,,STA,,6.838,,"CROWS LANDING, CROWS LANDING/FINK ROADS",-121.07119332614103,37.39259796120466,6000.0,560,6200,Back,State,True,20.055410189318145,685
855,10,4,,CAL,R,42.62,,MORAN ROAD EAST JUNCTION,-120.33374626440006,38.26498269080558,6000.0,900,7600,Back,State,True,20.055410189318145,685
475,10,140,,MER,,35.03,,"MERCED, MASSACIO STREET",-120.51386098786062,37.30272925144198,6000.0,600,7700,Ahead,State,True,20.055410189318145,685
781,10,49,,CAL,,7.21,,"ANGELS CAMP, SOUTH JCT. RTE. 4",-120.53911123990514,38.06824724626205,6000.0,1300,7100,Ahead,State,True,20.055410189318145,685
557,10,165,,MER,,27.88,,THIRD AVE,-120.851122924045,37.32766312075105,5900.0,620,8400,Back,State,True,19.797598891796213,692
681,10,33,,MER,,1.888,,CARMELLIA AVENUE,-120.63564885181317,36.996329471773876,5900.0,520,6600,Ahead,State,True,19.797598891796213,692
761,10,49,,CAL,R,20.496,,JCT. RTE. 12 WEST,-120.69737410900788,38.2048561738877,5900.0,680,7000,Ahead,State,True,19.797598891796213,692
351,10,12,,CAL,,9.927,,"VALLEY SPRINGS, JCT. RTE. 26 SOUTH",-120.82904640372959,38.191558895844146,5800.0,600,6700,Back,State,True,19.54363552408804,695
353,10,12,,SJ,L,23.286,,"LOCKEFORD, JCT. RTE. 88",-121.16234606523183,38.138696067104156,5800.0,670,6300,Back,State,True,19.54363552408804,695
661,10,26,,SJ,,20.3,,WIMER RD,-120.94499519767413,38.09440082096823,5800.0,580,6200,Back,State,True,19.54363552408804,695
713,10,33,,STA,,14.52,,WARD AVENUE,-121.14080496058868,37.488988992262804,5800.0,600,6400,Back,State,True,19.54363552408804,695
783,10,49,,CAL,,8.33,,MURPHYS GRADE ROAD,-120.5543554634271,38.079429726596814,5800.0,1350,6800,Back,State,True,19.54363552408804,695
793,10,49,,MPA,,16.7,,"MORMON BAR, BEN HUR ROAD",-119.94740816589162,37.462550301932225,5800.0,880,6500,Back,State,True,19.54363552408804,695
907,10,4,,SJ,,24.87,,JACKTONE ROAD,-121.1480592373936,37.94211907298651,5800.0,750,7700,Back,State,True,19.54363552408804,695
711,10,33,,STA,,14.185,,"PATTERSON, NORTH OLIVE AVENUE",-121.13782776856563,37.484758327700916,5800.0,600,6400,Ahead,State,True,19.54363552408804,695
307,10,120,,TUO,R,41.522,,TUOLUMNE/MARIPOSA COUNTY LINE,-120.08951696541334,37.82279694028594,5700.0,1400,11100,Back,State,True,19.270432507311067,703
683,10,33,,MER,,17.27,,MC CABE ROAD,-121.01561193104202,37.11524338558456,5700.0,470,5800,Back,State,True,19.270432507311067,703
791,10,49,,MPA,,12.549,,BOOTJACK ROAD,-119.8959845646947,37.462934631665526,5700.0,870,6400,Back,State,True,19.270432507311067,703
1054,10,88,,ALP,,19.223,,"WOODFORDS, EAST JCT. RTE. 89",-119.8237748164941,38.77561395652459,5700.0,880,7900,Back,State,True,19.270432507311067,703
305,10,120,,TUO,R,39.459,,SMITHS STATION ROAD,-120.12056769134972,37.81355149115563,5700.0,1400,11100,Ahead,State,True,19.270432507311067,703
587,10,16,,AMA,R,0,,SACRAMENTO/AMADOR COUNTY LINE,-121.02728887989203,38.48085151160734,5700.0,610,6900,Ahead,State,True,19.270432507311067,703
783,10,49,,CAL,,8.33,,MURPHYS GRADE ROAD,-120.5543554634271,38.079429726596814,5700.0,1650,6700,Ahead,State,True,19.270432507311067,703
935,10,59,,MER,R,0,,JCT RTE 152,-120.4924253624998,37.083951846967295,5700.0,450,6300,Ahead,State,True,19.270432507311067,703
797,10,49,,MPA,,18.61,,JOE HOWARD ROAD,-119.97468547715457,37.49292427702148,5650.0,780,6000,Back,State,True,19.151146683084498,711
795,10,49,,MPA,,18.51,,"MARIPOSA, JCT. RTE. 140",-119.97272009985683,37.49311577674112,5650.0,780,6000,Ahead,State,True,19.151146683084498,711
617,10,26,,CAL,R,1.193,,WARREN RD-LT,-120.92201271202161,38.102875739473006,5600.0,560,6000,Back,State,True,19.024164999230415,713
777,10,49,,CAL,,6.52,,"ANGELS CAMP, SOUTH CITY LIMITS",-120.5359921086773,38.05905218253325,5600.0,620,6500,Back,State,True,19.024164999230415,713
495,10,140,,MER,,5,,"GUSTINE, LINDEN AVE",-121.00814347341547,37.253002887685284,5600.0,410,6000,Ahead,State,True,19.024164999230415,713
467,10,140,,MER,,29.47,,APPLEGATE ROAD,-120.6148726707193,37.30210307628663,5550.0,610,6100,Back,State,True,18.89333538556257,716
347,10,12,,CAL,,6.3,,"BURSON, BURSON ROAD",-120.89043074308745,38.18354356457083,5500.0,570,6200,Back,State,True,18.716330614129596,717
473,10,140,,MER,,33.55,,FRANKLIN ROAD,-120.54110652391532,37.30264998168054,5500.0,500,6300,Back,State,True,18.716330614129596,717
491,10,140,,MER,,5.79,,"GUSTINE, FOURTH AVENUE",-120.99832749157605,37.25635652458823,5500.0,420,8100,Back,State,True,18.716330614129596,717
619,10,26,,CAL,R,1.953,,MILTON RD-RT,-120.90917702898159,38.10579141589614,5500.0,550,5900,Back,State,True,18.716330614129596,717
657,10,26,,SJ,,11.08,,"LINDEN, FLOOD ROAD/FRONT STREET",-121.07724995912773,38.023226397165935,5500.0,590,6200,Back,State,True,18.716330614129596,717
659,10,26,,SJ,,15.06,,ESCALON/BELLOTA ROAD,-121.01471311449797,38.04994212392863,5500.0,660,6600,Back,State,True,18.716330614129596,717
685,10,33,,MER,,27.111,,NORTH JCT. RTE. 140 EAST,-120.99976203460945,37.26015625567044,5500.0,450,5600,Back,State,True,18.716330614129596,717
725,10,33,,STA,,4.82,,J.T. CROW RD RT,-121.0507694310639,37.367954014371946,5500.0,470,5800,Back,State,True,18.716330614129596,717
323,10,120,,TUO,,43.749,,MARIPOSA/TUOLUMNE COUNTY LINE,-120.05572247378215,37.8180797399864,5500.0,1400,9000,Ahead,State,True,18.716330614129596,717
433,10,132,,STA,,28.242,,TIM BELL ST / BAKER ST,-120.75583329035724,37.63934488747295,5500.0,460,6300,Ahead,State,True,18.716330614129596,717
615,10,26,,CAL,R,0,,SJ/CAL COUNTY LINE,-120.94202878992606,38.096372122038886,5500.0,550,6000,Ahead,State,True,18.716330614129596,717
659,10,26,,SJ,,15.06,,ESCALON/BELLOTA ROAD,-121.01471311449797,38.04994212392863,5500.0,780,5900,Ahead,State,True,18.716330614129596,717
683,10,33,,MER,,17.27,,MC CABE ROAD,-121.01561193104202,37.11524338558456,5500.0,450,5600,Ahead,State,True,18.716330614129596,717
703,10,33,,STA,,12.571,,"PATTERSON, SPERRY ROAD",-121.12322675855006,37.46429578251303,5500.0,570,6600,Ahead,State,True,18.716330614129596,717
713,10,33,,STA,,14.52,,WARD AVENUE,-121.14080496058868,37.488988992262804,5500.0,560,5600,Ahead,State,True,18.716330614129596,717
725,10,33,,STA,,4.82,,J.T. CROW RD RT,-121.0507694310639,37.367954014371946,5500.0,510,5800,Ahead,State,True,18.716330614129596,717
763,10,49,,CAL,R,22.21,,GOLD STRIKE ROAD,-120.7041660220378,38.22851828088991,5500.0,600,5900,Ahead,State,True,18.716330614129596,717
1060,10,88,,AMA,R,32.053,,TIGER CREEK ROAD,-120.53234390747637,38.4446257811505,5500.0,700,6700,Ahead,State,True,18.716330614129596,717
337,10,12,,CAL,,0.63,,"WALLIS, COMANCHE PARKWAY",-120.980618961956,38.197691725247374,5400.0,730,7400,Back,State,True,18.3969524395875,735
379,10,12,,SJ,,27.642,,SAN JOAQUIN/CALAVERAS COUNTY LINE,-120.98709619963347,38.20479838111181,5400.0,760,7300,Back,State,True,18.3969524395875,735
711,10,33,,STA,,14.185,,"PATTERSON, NORTH OLIVE AVENUE",-121.13782776856563,37.484758327700916,5400.0,650,7200,Back,State,True,18.3969524395875,735
863,10,4,,CAL,R,7.323,,HODSON ROAD/REEDS TURNPIKE,-120.6538569390543,37.974155773629846,5400.0,1050,9100,Back,State,True,18.3969524395875,735
339,10,12,,CAL,,0,,SAN JOAQUIN/CALAVERAS COUNTY LINE,-120.98709619963347,38.20479838111181,5400.0,730,7400,Ahead,State,True,18.3969524395875,735
353,10,12,,SJ,L,23.286,,"LOCKEFORD, JCT. RTE. 88",-121.16234606523183,38.138696067104156,5400.0,760,7300,Ahead,State,True,18.3969524395875,735
657,10,26,,SJ,,11.08,,"LINDEN, FLOOD ROAD/FRONT STREET",-121.07724995912773,38.023226397165935,5400.0,670,6000,Ahead,State,True,18.3969524395875,735
709,10,33,,STA,,13.26,,DEL PUERTO AVENUE/EL CIRCULO,-121.12967258843022,37.47332814697204,5400.0,650,7200,Ahead,State,True,18.3969524395875,735
841,10,49,,TUO,,23.709,,RAWHIDE ROAD,-120.4417429378876,37.9884916526491,5400.0,460,6000,Ahead,State,True,18.3969524395875,735
471,10,140,,MER,,31.51,,BUHACH ROAD,-120.57773510504647,37.30230255926971,5300.0,440,5400,Back,State,True,18.15068493150685,744
771,10,49,,CAL,,27.614,,"MOKELUMNE HILL, JCT. RTE. 26",-120.7046755087377,38.297844529042294,5300.0,580,5700,Back,State,True,18.15068493150685,744
919,10,4,,STA,,4.54,,MILTON ROAD,-120.84380999623515,37.94476315683366,5300.0,1000,8800,Ahead,State,True,18.15068493150685,744
319,10,120,,TUO,,30.47,,BIG OAK FLAT,-120.2565778203227,37.82464474987733,5200.0,860,5300,Back,State,True,17.954440511005078,747
317,10,120,,TUO,,30.32,,WARDS FERRY/BIG OAK ROADS,-120.25873218968148,37.82326623625586,5200.0,860,5300,Ahead,State,True,17.954440511005078,747
523,10,140,,MPA,,9.5,,HORNITOS ROAD,-120.09850171276418,37.432011304194816,5200.0,680,7000,Ahead,State,True,17.954440511005078,747
617,10,26,,CAL,R,1.193,,WARREN RD-LT,-120.92201271202161,38.102875739473006,5200.0,550,5500,Ahead,State,True,17.954440511005078,747
737,10,49,,AMA,,17.22,,"PLYMOUTH, MAIN STREET/ FIDDLETOWN ROAD",-120.84484422482512,38.481806103047475,5200.0,250,7300,Ahead,State,True,17.954440511005078,747
299,10,120,,TUO,R,21.803,,JACKSONVILLE ROAD,-120.34534877345573,37.829241534026785,5100.0,670,5100,Ahead,State,True,17.723564722179468,752
495,10,140,,MER,,5,,"GUSTINE, LINDEN AVE",-121.00814347341547,37.253002887685284,5000.0,390,5100,Back,State,True,17.477297214098815,753
909,10,4,,SJ,,33.1,,FARMINGTON/ESCALON-BELLOTA RD,-120.99986330438638,37.93004436866069,5000.0,900,6800,Back,State,True,17.477297214098815,753
337,10,12,,CAL,,0.63,,"WALLIS, COMANCHE PARKWAY",-120.980618961956,38.197691725247374,5000.0,660,6800,Ahead,State,True,17.477297214098815,753
487,10,140,,MER,,4.194,,"GUSTINE, WEST JCT. RTE. 33",-121.01283166769555,37.24580701993621,5000.0,390,5100,Ahead,State,True,17.477297214098815,753
317,10,120,,TUO,,30.32,,WARDS FERRY/BIG OAK ROADS,-120.25873218968148,37.82326623625586,4950.0,680,5000,Back,State,True,17.319532091734647,757
463,10,140,,MER,,16.22,,JCT. RTE. 165,-120.85129433068604,37.31316438610947,4900.0,500,5800,Back,State,True,17.22333384639064,758
703,10,33,,STA,,12.571,,"PATTERSON, SPERRY ROAD",-121.12322675855006,37.46429578251303,4900.0,610,6700,Back,State,True,17.22333384639064,758
182,10,104,,AMA,R,5.766,,"IONE, JCT. RTE. 124 NORTH",-120.93578705638014,38.35412710174796,4900.0,980,5500,Ahead,State,True,17.22333384639064,758
195,10,108,,STA,R,22.439,L,"JCT ST 132 AT 9TH AND L, LEFT ALIGN",-121.00355428785272,37.64170418096829,4850.0,480,5900,Back,State,True,17.127135601046636,761
70,10,108,,STA,R,22.438,L,"JCT 132 9TH ST VIA L ST, LEFT ALIGN",-121.0035678748714,37.641693893760035,4850.0,480,5900,Ahead,State,True,17.127135601046636,761
695,10,33,,SJ,,4.826,,JCT. RTE. 5,-121.34320900986555,37.68171113585908,4800.0,980,5400,Back,State,True,17.01554563644759,763
715,10,33,,STA,,16.43,,BALDWIN RD-LT,-121.15846416191982,37.51277136626614,4800.0,450,4850,Back,State,True,17.01554563644759,763
1080,10,88,,AMA,,32.98,,MEADOW DR,-120.53116758606971,38.455895518567544,4800.0,750,6900,Back,State,True,17.01554563644759,763
236,10,108,,TUO,,15.17,,CHIEF FULLER ROAD,-120.1903457647549,38.06629123412222,4800.0,740,6800,Ahead,State,True,17.01554563644759,763
693,10,33,,SJ,,3.51,,"NEW JERUSALEM, DURHAM FERRY ROAD",-121.32748694100297,37.66730966422946,4800.0,980,5400,Ahead,State,True,17.01554563644759,763
839,10,49,,TUO,,20.4,,COLUMBIA WYE,-120.39600138028872,38.01395207735328,4800.0,570,5100,Ahead,State,True,17.01554563644759,763
186,10,104,,AMA,R,6.364,,"IONE, FOOTHILL BOULEVARD",-120.92835390883243,38.34967867970581,4700.0,610,5200,Back,State,True,16.715407110974294,769
188,10,104,,AMA,R,8.201,,JCT. RTE. 88,-120.90704405030635,38.33007810378636,4700.0,480,5100,Back,State,True,16.715407110974294,769
301,10,120,,TUO,R,23.897,,SOUTH JCT. RTE. 49,-120.31183014366852,37.81479941686988,4700.0,900,7100,Back,State,True,16.715407110974294,769
843,10,49,,TUO,,24.81,,TUTTLETOWN,-120.46175022937021,37.99092745565478,4700.0,460,4800,Back,State,True,16.715407110974294,769
919,10,4,,STA,,4.54,,MILTON ROAD,-120.84380999623515,37.94476315683366,4700.0,1250,11000,Back,State,True,16.715407110974294,769
186,10,104,,AMA,R,6.364,,"IONE, FOOTHILL BOULEVARD",-120.92835390883243,38.34967867970581,4700.0,480,5100,Ahead,State,True,16.715407110974294,769
197,10,108,,STA,R,22.921,R,"MODESTO, K STREET AT NEEDHAM AVENUE, END RIGHT ALIGN",-120.99595665069168,37.64568285716,4650.0,480,5800,Back,State,True,16.492227181776205,775
178,10,104,,AMA,R,2.407,,MICHIGAN BAR ROAD,-120.98620214416042,38.37932779299087,4650.0,490,5100,Ahead,State,True,16.492227181776205,775
194,10,108,,STA,R,22.438,R,"JCT. RTE. 132, RIGHT ALIGN",-121.00245709724281,37.64076289124506,4650.0,480,5800,Ahead,State,True,16.492227181776205,775
797,10,49,,MPA,,18.61,,JOE HOWARD ROAD,-119.97468547715457,37.49292427702148,4650.0,660,8700,Ahead,State,True,16.492227181776205,775
228,10,108,,TUO,R,19.03,,EAST LONG BARN CONNECTION,-120.12311019399668,38.10098556171616,4600.0,900,7100,Ahead,State,True,16.346005848853316,779
727,10,33,,STA,,6.838,,"CROWS LANDING, CROWS LANDING/FINK ROADS",-121.07119332614103,37.39259796120466,4600.0,330,4900,Ahead,State,True,16.346005848853316,779
463,10,140,,MER,,16.22,,JCT. RTE. 165,-120.85129433068604,37.31316438610947,4550.0,470,5100,Ahead,State,True,16.23056795444051,781
709,10,33,,STA,,13.26,,DEL PUERTO AVENUE/EL CIRCULO,-121.12967258843022,37.47332814697204,4500.0,540,6000,Back,State,True,16.095890410958905,782
817,10,49,,TUO,R,27.521,,TUOLUMNE/CALAVERAS COUNTY LINE,-120.50025592922076,38.00440158238409,4500.0,570,4950,Back,State,True,16.095890410958905,782
759,10,49,,CAL,R,0,,TUOLUMNE/CALAVERAS COUNTY LINE,-120.50025592922076,38.00440158238409,4500.0,570,4950,Ahead,State,True,16.095890410958905,782
791,10,49,,MPA,,12.549,,BOOTJACK ROAD,-119.8959845646947,37.462934631665526,4500.0,700,5100,Ahead,State,True,16.095890410958905,782
811,10,49,,MPA,,9.737,,WOODLAND/HIRSCH ROADS,-119.85274832847313,37.44947190066363,4500.0,510,4950,Ahead,State,True,16.095890410958905,782
905,10,4,,SJ,,20.69,,WALKER LANE,-121.21780783168444,37.94490493390784,4500.0,720,5200,Ahead,State,True,16.095890410958905,782
196,10,108,,STA,R,22.836,L,"MODESTO, L STREET AT NEEDHAM AVENUE, END LEFT ALIGN",-120.99816656198615,37.645746375210045,4450.0,460,5600,Back,State,True,15.945821148222256,788
865,10,4,,CAL,R,8.143,,O' BYRNES FERRY ROAD,-120.64543770722595,37.98335800923262,4450.0,810,7900,Back,State,True,15.945821148222256,788
1056,10,88,,ALP,,25.283,,NEVADA STATE LINE,-119.77902801730822,38.84712300372112,4450.0,630,6000,Back,State,True,15.945821148222256,788
195,10,108,,STA,R,22.439,L,"JCT ST 132 AT 9TH AND L, LEFT ALIGN",-121.00355428785272,37.64170418096829,4450.0,460,5600,Ahead,State,True,15.945821148222256,788
507,10,140,,MPA,,22.001,,"MARIPOSA, JCT RTE 49 NORTH",-119.97216303927779,37.492095236329206,4450.0,490,5200,Ahead,State,True,15.945821148222256,788
180,10,104,,AMA,R,5.36,,PRESTON RD,-120.93966312603266,38.35902363873172,4400.0,380,4500,Back,State,True,15.757272587348007,793
299,10,120,,TUO,R,21.803,,JACKSONVILLE ROAD,-120.34534877345573,37.829241534026785,4400.0,590,4450,Back,State,True,15.757272587348007,793
721,10,33,,STA,,2.06,,STUHR ROAD,-121.02738860007507,37.332981241398386,4400.0,430,4500,Ahead,State,True,15.757272587348007,793
619,10,26,,CAL,R,1.953,,MILTON RD-RT,-120.90917702898159,38.10579141589614,4350.0,460,4800,Ahead,State,True,15.564876096659997,796
863,10,4,,CAL,R,7.323,,HODSON ROAD/REEDS TURNPIKE,-120.6538569390543,37.974155773629846,4350.0,790,7600,Ahead,State,True,15.564876096659997,796
1080,10,88,,AMA,,32.98,,MEADOW DR,-120.53116758606971,38.455895518567544,4350.0,690,5800,Ahead,State,True,15.564876096659997,796
240,10,108,,TUO,,30.164,,MC COY SADDLE,-120.00840120450162,38.187105736790215,4300.0,920,6400,Back,State,True,15.445590272433432,799
573,10,165,,MER,,7.782,,PIONEER ROAD,-120.83577911598563,37.04238466602489,4300.0,420,6000,Back,State,True,15.445590272433432,799
180,10,104,,AMA,R,5.36,,PRESTON RD,-120.93966312603266,38.35902363873172,4300.0,740,5000,Ahead,State,True,15.445590272433432,799
811,10,49,,MPA,,9.737,,WOODLAND/HIRSCH ROADS,-119.85274832847313,37.44947190066363,4250.0,480,4700,Back,State,True,15.337848237648144,802
911,10,4,,SJ,,34.14,,SONORA ROAD (TO VALLEY HOME),-120.9808265698047,37.93019468883978,4250.0,1250,6100,Back,State,True,15.337848237648144,802
335,10,124,,AMA,,0,,JCT. RTE. 88,-120.93783805210757,38.319835099106285,4250.0,480,5000,Ahead,State,True,15.337848237648144,802
315,10,120,,TUO,,15.516,,"CHINESE CAMP, NORTH JCT. RTE. 49",-120.43479268960235,37.87472500757555,4150.0,850,6800,Ahead,State,True,15.068493150684931,805
497,10,140,,MER,,6.06,,"GUSTINE, EAST JCT. RTE. 33",-120.99971862801493,37.26016026018574,4100.0,480,4800,Ahead,State,True,14.910728028320763,806
843,10,49,,TUO,,24.81,,TUTTLETOWN,-120.46175022937021,37.99092745565478,4050.0,590,4400,Ahead,State,True,14.749114976142835,807
325,10,120,,TUO,,47.25,,CHERRY VALLEY ROAD,-120.01064575932503,37.82480265915471,4000.0,1050,6400,Back,State,True,14.618285362474989,808
499,10,140,,MER,,6.83,,KNIEBES ROAD,-120.98531315518557,37.26035299716382,4000.0,470,4050,Ahead,State,True,14.618285362474989,808
865,10,4,,CAL,R,8.143,,O' BYRNES FERRY ROAD,-120.64543770722595,37.98335800923262,4000.0,680,4150,Ahead,State,True,14.618285362474989,808
913,10,4,,SJ,,38.059,,SAN JOAQUIN COUNTY/STANISLAUS COUNTY,-120.92639370942402,37.94486079476891,3950.0,1050,12700,Back,State,True,14.506695397875943,811
729,10,33,,STA,,7.04,,"CROWS LANDING, 4TH STREET",-121.07302571414915,37.39486383415767,3950.0,430,4550,Ahead,State,True,14.506695397875943,811
917,10,4,,STA,,0,,SAN JOAQUIN COUNTY/STANISLAUS COUNTY,-120.92639370942402,37.94486079476891,3950.0,1050,12700,Ahead,State,True,14.506695397875943,811
311,10,120,,TUO,R,56.15,,YOSEMITE NATIONAL PARK  (WEST BOUNDARY),-119.87521735956712,37.81515045165493,3900.0,1000,6300,Back,State,True,14.375865784208097,814
493,10,140,,MER,,50.301,,MERCED/MARIPOSA COUNTY LINE,-120.22047261294742,37.3420633701407,3900.0,590,4650,Back,State,True,14.375865784208097,814
313,10,120,,TUO,,12.077,,EAST JCT. RTE. 108,-120.48830050442933,37.89122902741799,3900.0,450,4900,Ahead,State,True,14.375865784208097,814
325,10,120,,TUO,,47.25,,CHERRY VALLEY ROAD,-120.01064575932503,37.82480265915471,3900.0,1000,6300,Ahead,State,True,14.375865784208097,814
501,10,140,,MPA,,0,,MERCED/MARIPOSA COUNTY LINE,-120.22047261294742,37.3420633701407,3900.0,590,4650,Ahead,State,True,14.375865784208097,814
715,10,33,,STA,,16.43,,BALDWIN RD-LT,-121.15846416191982,37.51277136626614,3900.0,420,4500,Ahead,State,True,14.375865784208097,814
959,10,59,,MER,,32.25,,SNELLING ROAD,-120.45294155001845,37.51592492274844,3900.0,430,3950,Ahead,State,True,14.375865784208097,814
465,10,140,,MER,,23.435,,LINCOLN BOULEVARD,-120.7239113189695,37.2997851092105,3850.0,380,3900,Back,State,True,14.24503617054025,821
321,10,120,,TUO,,32.184,,GROVELAND,-120.23164732540017,37.83829346208546,3850.0,790,3900,Ahead,State,True,14.24503617054025,821
911,10,4,,SJ,,34.14,,SONORA ROAD (TO VALLEY HOME),-120.9808265698047,37.93019468883978,3850.0,1050,12700,Ahead,State,True,14.24503617054025,821
717,10,33,,STA,,19.55,,"WESTLEY, GRAYSON/HOWARD ROADS",-121.19603833217693,37.54639038597013,3800.0,400,4200,Back,State,True,14.091118977989842,824
809,10,49,,MPA,,6.099,,TRIANGLE RD RT,-119.79391230565874,37.46173822200489,3800.0,430,4200,Back,State,True,14.091118977989842,824
951,10,59,,MER,,19,,BELLEVUE RD,-120.50338467871035,37.36095843850402,3800.0,480,5500,Back,State,True,14.091118977989842,824
256,10,120,,MPA,,43.09,,BUCK MEADOWS,-120.0660129709075,37.81383401274965,3750.0,1400,3900,Back,State,True,13.87563490841927,827
729,10,33,,STA,,7.04,,"CROWS LANDING, 4TH STREET",-121.07302571414915,37.39486383415767,3750.0,390,4250,Back,State,True,13.87563490841927,827
301,10,120,,TUO,R,23.897,,SOUTH JCT. RTE. 49,-120.31183014366852,37.81479941686988,3750.0,520,4850,Ahead,State,True,13.87563490841927,827
465,10,140,,MER,,23.435,,LINCOLN BOULEVARD,-120.7239113189695,37.2997851092105,3700.0,440,3750,Ahead,State,True,13.6793904879175,830
951,10,59,,MER,,19,,BELLEVUE RD,-120.50338467871035,37.36095843850402,3700.0,420,3750,Ahead,State,True,13.6793904879175,830
499,10,140,,MER,,6.83,,KNIEBES ROAD,-120.98531315518557,37.26035299716382,3650.0,340,4050,Back,State,True,13.548560874249654,832
228,10,108,,TUO,R,19.03,,EAST LONG BARN CONNECTION,-120.12311019399668,38.10098556171616,3600.0,560,4800,Back,State,True,13.406187471140527,833
329,10,124,,AMA,R,10.335,,"WAITES STATION, JCT. RTE. 16",-120.8726610579595,38.45383811749937,3600.0,440,3750,Back,State,True,13.406187471140527,833
509,10,140,,MPA,,26.29,,TRIANGLE ROAD,-119.92238550831252,37.523940052654666,3600.0,220,3650,Back,State,True,13.406187471140527,833
841,10,49,,TUO,,23.709,,RAWHIDE ROAD,-120.4417429378876,37.9884916526491,3600.0,510,5000,Back,State,True,13.406187471140527,833
226,10,108,,TUO,R,17.7,,WEST LONG BARN CONNECTION,-120.14120644278155,38.08955095315402,3600.0,560,4800,Ahead,State,True,13.406187471140527,833
689,10,33,,SJ,,0.818,,"VERNALIS, JCT. RTE. 132",-121.29528830737235,37.637925715609775,3600.0,290,3650,Ahead,State,True,13.406187471140527,833
303,10,120,,TUO,R,38.9,,HELLS HOLLOW ROAD,-120.12971950917371,37.81713942350922,3500.0,1000,5800,Ahead,State,True,13.109896875480992,839
809,10,49,,MPA,,6.099,,TRIANGLE RD RT,-119.79391230565874,37.46173822200489,3500.0,430,3800,Ahead,State,True,13.109896875480992,839
1082,10,88,,AMA,,34.54,,INSPIRATION DR,-120.52563556651401,38.475264658993765,3500.0,440,4650,Ahead,State,True,13.109896875480992,839
523,10,140,,MPA,,9.5,,HORNITOS ROAD,-120.09850171276418,37.432011304194816,3450.0,620,6200,Back,State,True,12.948283823303065,842
665,10,33,,MER,L,1.232,,FRESNO/MERCED COUNTY LINE,-120.63562782764227,36.9691177155502,3400.0,310,4150,Back,State,True,12.771279051870094,843
693,10,33,,SJ,,3.51,,"NEW JERUSALEM, DURHAM FERRY ROAD",-121.32748694100297,37.66730966422946,3400.0,270,3450,Back,State,True,12.771279051870094,843
240,10,108,,TUO,,30.164,,MC COY SADDLE,-120.00840120450162,38.187105736790215,3400.0,920,6000,Ahead,State,True,12.771279051870094,843
667,10,33,,MER,R,0,,FRESNO/MERCED COUNTY LINE,-120.63562782764227,36.9691177155502,3400.0,310,4150,Ahead,State,True,12.771279051870094,843
437,10,132,,STA,,29.105,,SKYLINE BOULEVARD,-120.74049793095308,37.63980084677843,3300.0,360,4750,Back,State,True,12.467292596583038,847
509,10,140,,MPA,,26.29,,TRIANGLE ROAD,-119.92238550831252,37.523940052654666,3300.0,410,3350,Ahead,State,True,12.467292596583038,847
226,10,108,,TUO,R,17.7,,WEST LONG BARN CONNECTION,-120.14120644278155,38.08955095315402,3250.0,680,5400,Back,State,True,12.30952747421887,849
855,10,4,,CAL,R,42.62,,MORAN ROAD EAST JUNCTION,-120.33374626440006,38.26498269080558,3250.0,690,4500,Ahead,State,True,12.30952747421887,849
1130,10,89,,ALP,,23.972,,ALPINE/EL DORADO COUNTY LINE; LUTHER PASS (ELEV. 7740),-119.94561486358151,38.787613393895015,3200.0,1000,4750,Back,State,True,12.136370632599663,851
1128,10,89,,ALP,,21.376,,"PICKETTS, JCT. RTE. 88",-119.91893651391574,38.7763759984138,3200.0,390,3600,Ahead,State,True,12.136370632599663,851
236,10,108,,TUO,,15.17,,CHIEF FULLER ROAD,-120.1903457647549,38.06629123412222,3150.0,1000,7400,Back,State,True,12.024780668000616,853
305,10,120,,TUO,R,39.459,,SMITHS STATION ROAD,-120.12056769134972,37.81355149115563,3100.0,850,5500,Back,State,True,11.824688317685085,854
511,10,140,,MPA,,28.95,,OAK ROAD,-119.93134384429568,37.55652846598988,3100.0,360,3150,Back,State,True,11.824688317685085,854
953,10,59,,MER,,22.99,,OAKDALE ROAD,-120.51159969472853,37.415243797045115,3100.0,340,3150,Back,State,True,11.824688317685085,854
511,10,140,,MPA,,28.95,,OAK ROAD,-119.93134384429568,37.55652846598988,3100.0,380,3150,Ahead,State,True,11.824688317685085,854
717,10,33,,STA,,19.55,,"WESTLEY, GRAYSON/HOWARD ROADS",-121.19603833217693,37.54639038597013,3100.0,310,3200,Ahead,State,True,11.824688317685085,854
315,10,120,,TUO,,15.516,,"CHINESE CAMP, NORTH JCT. RTE. 49",-120.43479268960235,37.87472500757555,3000.0,450,3350,Back,State,True,11.370632599661382,859
333,10,124,,AMA,R,2.42,,"IONE, RAYMOND DRIVE",-120.93423701245904,38.3555223747527,3000.0,320,5300,Back,State,True,11.370632599661382,859
719,10,33,,STA,,19.92,,"WESTLEY, E STREET",-121.20059512449052,37.550246704015336,3000.0,270,3200,Back,State,True,11.370632599661382,859
789,10,49,,MPA,,0.332,,MADERA/MARIPOSA COUNTY LINE,-119.7303967016112,37.41704763829792,3000.0,320,3250,Ahead,State,True,11.370632599661382,859
1052,10,88,,ALP,,13.4,,"PICKETTS, WEST JCT. RTE. 89",-119.91893651391574,38.7763759984138,2950.0,390,3800,Ahead,State,True,11.193627828228413,863
517,10,140,,MPA,,48.17,,FORESTA RD LT,-119.81738638896059,37.66898347078193,2900.0,130,2950,Back,State,True,11.039710635678006,864
519,10,140,,MPA,,50.32,,EL PORTAL ROAD,-119.78547640828526,37.67305645650875,2900.0,380,3000,Back,State,True,11.039710635678006,864
689,10,33,,SJ,,0.818,,"VERNALIS, JCT. RTE. 132",-121.29528830737235,37.637925715609775,2900.0,240,3600,Back,State,True,11.039710635678006,864
437,10,132,,STA,,29.105,,SKYLINE BOULEVARD,-120.74049793095308,37.63980084677843,2900.0,290,3750,Ahead,State,True,11.039710635678006,864
517,10,140,,MPA,,48.17,,FORESTA RD LT,-119.81738638896059,37.66898347078193,2900.0,120,2950,Ahead,State,True,11.039710635678006,864
521,10,140,,MPA,,51.803,,YOSEMITE NATIONAL PARK,-119.76023440636828,37.679220260094155,2800.0,230,4050,Back,State,True,10.731876250577189,869
1062,10,88,,AMA,R,38.305,,DEW DROP ROAD,-120.4831409784927,38.51423607452772,2800.0,450,3700,Ahead,State,True,10.731876250577189,869
857,10,4,,CAL,R,47.14,,DORRINGTON,-120.2767098455775,38.30122888321315,2750.0,800,4450,Back,State,True,10.562567338771741,871
799,10,49,,MPA,,20.51,,WHITLOCK RD RT,-120.00313037280974,37.5069888194161,2700.0,330,3200,Back,State,True,10.331691549946129,872
875,10,4,,CAL,,44.497,,BIG TREES STATE PARK,-120.30995440296476,38.277281501043404,2700.0,690,4500,Back,State,True,10.331691549946129,872
963,10,59,,MER,,33,,MONTGOMERY ST-LT,-120.44009818907772,37.51892353111533,2700.0,430,4300,Back,State,True,10.331691549946129,872
331,10,124,,AMA,R,2.291,,"IONE, WEST JCT RTE 104",-120.93578705638014,38.35412710174796,2700.0,290,3100,Ahead,State,True,10.331691549946129,872
513,10,140,,MPA,,29.689,,COLORADO ROAD,-119.93981512451157,37.56449897093618,2650.0,310,3700,Back,State,True,10.112359550561797,876
963,10,59,,MER,,33,,MONTGOMERY ST-LT,-120.44009818907772,37.51892353111533,2600.0,370,3400,Ahead,State,True,9.96229028782515,877
613,10,26,,AMA,,4.644,,JCT. RTE. 88,-120.61017701143918,38.415605131837914,2550.0,650,2700,Back,State,True,9.75835000769586,878
875,10,4,,CAL,,44.497,,BIG TREES STATE PARK,-120.30995440296476,38.277281501043404,2550.0,680,3900,Ahead,State,True,9.75835000769586,878
515,10,140,,MPA,,34.07,,BRICEBURG STATION,-119.96609139005282,37.60462919159592,2500.0,120,3800,Back,State,True,9.500538710173927,880
623,10,26,,CAL,R,4.379,,JENNY LIND ROAD,-120.87755106056481,38.122716741986665,2500.0,440,4450,Back,State,True,9.500538710173927,880
739,10,49,,AMA,,17.4,,HALKS VIEW RD,-120.84537599603229,38.484311438373034,2500.0,250,2650,Back,State,True,9.500538710173927,880
815,10,49,,TUO,R,11.587,,SOUTH JCT. RTE. 108; MONTEZUMA ROAD,-120.45239205594906,37.9094770619016,2500.0,240,2650,Back,State,True,9.500538710173927,880
1046,10,88,,ALP,R,5.23,,CARSON PASS SUMMIT (ELEV. 8573 FEET),-119.99256058137772,38.69573026054483,2500.0,390,3750,Back,State,True,9.500538710173927,880
1090,10,88,,AMA,,71.649,,AMADOR/ALPINE COUNTY LINE,-120.07246777585563,38.70267847100489,2500.0,370,3600,Back,State,True,9.500538710173927,880
439,10,132,,STA,,35.98,,ROBERTS FERRY ROAD (LAKE RD),-120.61875499803611,37.63868074243385,2500.0,320,2550,Ahead,State,True,9.500538710173927,880
515,10,140,,MPA,,34.07,,BRICEBURG STATION,-119.96609139005282,37.60462919159592,2500.0,160,3800,Ahead,State,True,9.500538710173927,880
719,10,33,,STA,,19.92,,"WESTLEY, E STREET",-121.20059512449052,37.550246704015336,2500.0,220,2750,Ahead,State,True,9.500538710173927,880
1048,10,88,,ALP,,0,,AMADOR/ALPINE COUNTY LINE,-120.07246777585563,38.70267847100489,2500.0,370,3600,Ahead,State,True,9.500538710173927,880
1046,10,88,,ALP,R,5.23,,CARSON PASS SUMMIT (ELEV. 8573 FEET),-119.99256058137772,38.69573026054483,2450.0,380,3700,Ahead,State,True,9.296598430044636,890
1050,10,88,,ALP,,1.25,,CAPLES LAKE,-120.05093228478471,38.70499600770892,2450.0,380,3700,Ahead,State,True,9.296598430044636,890
629,10,26,,CAL,,18.069,,"MOKELUMNE HILL, JCT. RTE. 49",-120.70466764398739,38.29781774618034,2350.0,310,2550,Ahead,State,True,9.004155764198861,892
1062,10,88,,AMA,R,38.305,,DEW DROP ROAD,-120.4831409784927,38.51423607452772,2300.0,500,3350,Back,State,True,8.79636755425581,893
333,10,124,,AMA,R,2.42,,"IONE, RAYMOND DRIVE",-120.93423701245904,38.3555223747527,2300.0,250,4000,Ahead,State,True,8.79636755425581,893
799,10,49,,MPA,,20.51,,WHITLOCK RD RT,-120.00313037280974,37.5069888194161,2300.0,340,3350,Ahead,State,True,8.79636755425581,893
178,10,104,,AMA,R,2.407,,MICHIGAN BAR ROAD,-120.98620214416042,38.37932779299087,2200.0,250,2400,Back,State,True,8.426966292134832,896
1052,10,88,,ALP,,13.4,,"PICKETTS, WEST JCT. RTE. 89",-119.91893651391574,38.7763759984138,2200.0,340,3000,Back,State,True,8.426966292134832,896
190,10,104,,AMA,,0,,SACRAMENTO/ AMADOR COUNTY LINE,-121.02728855380357,38.386475348227044,2200.0,250,2400,Ahead,State,True,8.426966292134832,896
1054,10,88,,ALP,,19.223,,"WOODFORDS, EAST JCT. RTE. 89",-119.8237748164941,38.77561395652459,2200.0,350,2850,Ahead,State,True,8.426966292134832,896
961,10,59,,MER,,33.709,,LA GRANGE ROAD,-120.42983652607639,37.523348373158704,2100.0,300,2500,Back,State,True,8.146067415730338,900
1082,10,88,,AMA,,34.54,,INSPIRATION DR,-120.52563556651401,38.475264658993765,2100.0,470,4350,Back,State,True,8.146067415730338,900
739,10,49,,AMA,,17.4,,HALKS VIEW RD,-120.84537599603229,38.484311438373034,2100.0,220,2200,Ahead,State,True,8.146067415730338,900
955,10,59,,MER,,26.55,,YOUD RD,-120.49411899133926,37.46282954805077,2100.0,270,2150,Ahead,State,True,8.146067415730338,900
242,10,108,,TUO,,31.93,,"STRAWBERRY, EAST",-120.01481836644614,38.2001694988548,2050.0,780,4500,Back,State,True,7.980606433738649,904
559,10,165,,MER,,3.749,,CHARLESTON AVE,-120.83731096722555,36.98393305301896,2050.0,290,2950,Ahead,State,True,7.980606433738649,904
959,10,59,,MER,,32.25,,SNELLING ROAD,-120.45294155001845,37.51592492274844,2000.0,270,2100,Back,State,True,7.795905802678159,906
743,10,49,,AMA,,22.116,,AMADOR/EL DORADO COUNTY LINE,-120.84967015688942,38.55067929114442,1950.0,180,2100,Back,State,True,7.545790364783746,907
1050,10,88,,ALP,,1.25,,CAPLES LAKE,-120.05093228478471,38.70499600770892,1950.0,390,3750,Back,State,True,7.545790364783746,907
953,10,59,,MER,,22.99,,OAKDALE ROAD,-120.51159969472853,37.415243797045115,1950.0,260,2000,Ahead,State,True,7.545790364783746,907
627,10,26,,CAL,,14.28,,PALOMA RD LT,-120.74372140689108,38.259731663288086,1900.0,210,2600,Ahead,State,True,7.287979067261813,910
457,10,132,,TUO,,5.96,,LAS PALMAS WAY RT,-120.33108095396892,37.683570526291156,1850.0,330,2500,Back,State,True,7.099430506387564,911
955,10,59,,MER,,26.55,,YOUD RD,-120.49411899133926,37.46282954805077,1850.0,290,1900,Back,State,True,7.099430506387564,911
1064,10,88,,AMA,R,58.67,,MORMAN EMIGRANT TRAIL,-120.2087090332664,38.628151546976525,1850.0,340,2550,Back,State,True,7.099430506387564,911
455,10,132,,TUO,,4.02,,BONDS FLAT RD LT,-120.36187989380926,37.67911342508206,1850.0,330,2500,Ahead,State,True,7.099430506387564,911
457,10,132,,TUO,,5.96,,LAS PALMAS WAY RT,-120.33108095396892,37.683570526291156,1850.0,320,2500,Ahead,State,True,7.099430506387564,911
635,10,26,,CAL,,34.77,,WINTON ROAD,-120.52513803818714,38.40247646881868,1800.0,200,2150,Ahead,State,True,6.907034015699553,916
459,10,132,,TUO,,6.32,,MERCED FALLS RD RT,-120.33057252997597,37.688731679294214,1750.0,270,2650,Ahead,State,True,6.737725103894104,917
389,10,132,,MPA,,3.774,,MARIPOSA/TUOLUMNE COUNTY LINE,-120.36482657635031,37.67688634925254,1700.0,320,1750,Back,State,True,6.506849315068493,918
439,10,132,,STA,,35.98,,ROBERTS FERRY ROAD (LAKE RD),-120.61875499803611,37.63868074243385,1700.0,250,2300,Back,State,True,6.506849315068493,918
441,10,132,,STA,,45.81,,"LA GRANGE,  LA GRANGE RD/COUNTY ROAD J59",-120.47168281433015,37.66311002958809,1700.0,270,2800,Back,State,True,6.506849315068493,918
449,10,132,,TUO,R,7.636,,TUOLUMNE/MARIPOSA COUNTY LINE,-120.3339259463215,37.70689442834281,1700.0,320,1750,Back,State,True,6.506849315068493,918
487,10,140,,MER,,4.194,,"GUSTINE, WEST JCT. RTE. 33",-121.01283166769555,37.24580701993621,1700.0,180,1750,Back,State,True,6.506849315068493,918
627,10,26,,CAL,,14.28,,PALOMA RD LT,-120.74372140689108,38.259731663288086,1700.0,200,2100,Back,State,True,6.506849315068493,918
629,10,26,,CAL,,18.069,,"MOKELUMNE HILL, JCT. RTE. 49",-120.70466764398739,38.29781774618034,1700.0,200,1850,Back,State,True,6.506849315068493,918
1128,10,89,,ALP,,21.376,,"PICKETTS, JCT. RTE. 88",-119.91893651391574,38.7763759984138,1700.0,320,2700,Back,State,True,6.506849315068493,918
385,10,132,,MPA,R,7.636,,TUOLUMNE/MARIPOSA COUNTY LINE,-120.3339259463215,37.70689442834281,1700.0,320,1750,Ahead,State,True,6.506849315068493,918
625,10,26,,CAL,,10.435,,"VALLEY SPRINGS, JCT. RTE. 12",-120.7644150121491,38.21188153219897,1700.0,200,2200,Ahead,State,True,6.506849315068493,918
1064,10,88,,AMA,R,58.67,,MORMAN EMIGRANT TRAIL,-120.2087090332664,38.628151546976525,1700.0,370,3000,Ahead,State,True,6.506849315068493,918
1126,10,89,,ALP,,14.9,,"MARKLEEVILLE, WEBSTER STREET",-119.78081439450581,38.695457611351806,1700.0,320,2700,Ahead,State,True,6.506849315068493,918
637,10,26,,CAL,,34.885,,MAIN ST,-120.52698010554246,38.40344813589017,1650.0,230,1800,Ahead,State,True,6.275973526242881,930
857,10,4,,CAL,R,47.14,,DORRINGTON,-120.2767098455775,38.30122888321315,1650.0,470,2500,Ahead,State,True,6.275973526242881,930
559,10,165,,MER,,3.749,,CHARLESTON AVE,-120.83731096722555,36.98393305301896,1550.0,330,2600,Back,State,True,5.837309527474218,932
639,10,26,,CAL,,38.325,,CALAVERAS/AMADOR COUNTY LINE,-120.54125758281687,38.42283114377999,1550.0,180,1950,Back,State,True,5.837309527474218,932
1088,10,88,,AMA,,71.36,,KIRKWOOD MEADOWS DRIVE,-120.07743313363858,38.700713607510245,1550.0,360,3250,Back,State,True,5.837309527474218,932
242,10,108,,TUO,,31.93,,"STRAWBERRY, EAST",-120.01481836644614,38.2001694988548,1550.0,650,3900,Ahead,State,True,5.837309527474218,932
611,10,26,,AMA,,0,,CALAVERAS/AMADOR COUNTY LINE,-120.54125758281687,38.42283114377999,1550.0,180,1950,Ahead,State,True,5.837309527474218,932
621,10,26,,CAL,R,33.564,,RAILROAD FLAT ROAD,-120.52740775033011,38.389059420213336,1550.0,200,1700,Ahead,State,True,5.837309527474218,932
238,10,108,,TUO,,30.14,,PINECREST LAKE ROAD,-120.00858893712467,38.18677970507632,1500.0,240,1900,Back,State,True,5.610281668462367,938
459,10,132,,TUO,,6.32,,MERCED FALLS RD RT,-120.33057252997597,37.688731679294214,1500.0,320,2500,Back,State,True,5.610281668462367,938
801,10,49,,MPA,,22.99,,"MOUNT BULLION, CATHAY WAY",-120.04374480311103,37.50708748869781,1500.0,240,1900,Back,State,True,5.610281668462367,938
937,10,59,,MER,R,28.808,,TURLOCK ROAD,-120.50142589864006,37.49319347326564,1500.0,270,2450,Back,State,True,5.610281668462367,938
238,10,108,,TUO,,30.14,,PINECREST LAKE ROAD,-120.00858893712467,38.18677970507632,1500.0,290,2000,Ahead,State,True,5.610281668462367,938
877,10,4,,CAL,,49.57,,MEKO DRIVE,-120.25262166316764,38.32224099381793,1500.0,380,2600,Ahead,State,True,5.610281668462367,938
937,10,59,,MER,R,28.808,,TURLOCK ROAD,-120.50142589864006,37.49319347326564,1500.0,270,2450,Ahead,State,True,5.610281668462367,938
447,10,132,,TUO,R,7.58,,LOZAND ST/DON PEDRO BAR,-120.33402651092094,37.70627609931422,1450.0,310,2450,Back,State,True,5.364014160381714,945
1088,10,88,,AMA,,71.36,,KIRKWOOD MEADOWS DRIVE,-120.07743313363858,38.700713607510245,1450.0,370,3600,Ahead,State,True,5.364014160381714,945
455,10,132,,TUO,,4.02,,BONDS FLAT RD LT,-120.36187989380926,37.67911342508206,1400.0,250,1950,Back,State,True,5.121594582114822,947
635,10,26,,CAL,,34.77,,WINTON ROAD,-120.52513803818714,38.40247646881868,1400.0,210,1600,Back,State,True,5.121594582114822,947
877,10,4,,CAL,,49.57,,MEKO DRIVE,-120.25262166316764,38.32224099381793,1400.0,360,2500,Back,State,True,5.121594582114822,947
441,10,132,,STA,,45.81,,"LA GRANGE,  LA GRANGE RD/COUNTY ROAD J59",-120.47168281433015,37.66311002958809,1400.0,310,1500,Ahead,State,True,5.121594582114822,947
461,10,140,,MER,,0,,JCT. RTE. 5,-121.08890489296505,37.24619242382505,1400.0,110,1900,Ahead,State,True,5.121594582114822,947
513,10,140,,MPA,,29.689,,COLORADO ROAD,-119.93981512451157,37.56449897093618,1400.0,150,1850,Ahead,State,True,5.121594582114822,947
551,10,165,,MER,L,0,,JCT. RTE. 5,-120.84097487906249,36.92995298408559,1400.0,150,1800,Ahead,State,True,5.121594582114822,947
813,10,49,,TUO,R,10.124,,SIMMS RD,-120.44552917780834,37.89131462225034,1400.0,260,2500,Ahead,State,True,5.121594582114822,947
443,10,132,,STA,,51.006,,STANISLAUS/TUOLUMNE COUNTY LINE,-120.39289358490144,37.63736901227279,1350.0,200,1400,Back,State,True,4.921502231799292,955
637,10,26,,CAL,,34.885,,MAIN ST,-120.52698010554246,38.40344813589017,1350.0,200,1600,Back,State,True,4.921502231799292,955
451,10,132,,TUO,,0,,STANISLAUS/TUOLUMNE COUNTY LINE,-120.39289358490144,37.63736901227279,1350.0,200,1400,Ahead,State,True,4.921502231799292,955
244,10,108,,TUO,,36.55,,COW CREEK ROAD,-119.99443285817776,38.241006039663276,1300.0,800,3250,Back,State,True,4.732953670925042,958
469,10,140,,MER,,3.199,,WHITWORTH RD,-121.03085943431304,37.245823031751044,1300.0,170,1950,Ahead,State,True,4.732953670925042,958
847,10,4,,ALP,R,2.896,,MOUNT REBA ROAD,-120.01972162010019,38.48254288520231,1250.0,290,1900,Back,State,True,4.559796829305833,960
453,10,132,,TUO,,3.774,,MARIPOSA/TUOLUMNE COUNTY LINE,-120.36482657635031,37.67688634925254,1250.0,250,1950,Ahead,State,True,4.559796829305833,960
851,10,4,,ALP,,3.89,,LAKE ALPINE,-120.00308238570555,38.47827725518484,1200.0,270,1600,Back,State,True,4.386639987686625,962
861,10,4,,CAL,R,65.865,,CALAVERAS/ALPINE COUNTY LINE,-120.05363297177006,38.455540878625946,1200.0,290,1650,Back,State,True,4.386639987686625,962
519,10,140,,MPA,,50.32,,EL PORTAL ROAD,-119.78547640828526,37.67305645650875,1200.0,120,1850,Ahead,State,True,4.386639987686625,962
845,10,4,,ALP,R,0,,CALAVERAS/ALPINE COUNTY LINE,-120.05363297177006,38.455540878625946,1200.0,290,1650,Ahead,State,True,4.386639987686625,962
847,10,4,,ALP,R,2.896,,MOUNT REBA ROAD,-120.01972162010019,38.48254288520231,1200.0,270,1600,Ahead,State,True,4.386639987686625,962
447,10,132,,TUO,R,7.58,,LOZAND ST/DON PEDRO BAR,-120.33402651092094,37.70627609931422,1150.0,260,1900,Ahead,State,True,4.194243496998615,967
631,10,26,,CAL,,26.797,,RIDGE ROAD,-120.58197887131448,38.346101830153614,1100.0,130,1400,Back,State,True,3.982607357241804,968
813,10,49,,TUO,R,10.124,,SIMMS RD,-120.44552917780834,37.89131462225034,1100.0,160,1900,Back,State,True,3.982607357241804,968
859,10,4,,CAL,R,62.84,,BIG MEADOWS,-120.08371039555395,38.42301624649882,1100.0,450,1950,Back,State,True,3.982607357241804,968
801,10,49,,MPA,,22.99,,"MOUNT BULLION, CATHAY WAY",-120.04374480311103,37.50708748869781,1100.0,190,1150,Ahead,State,True,3.982607357241804,968
819,10,49,,TUO,R,8.779,,JCT. RTE. 120,-120.43479268960235,37.87472500757555,1100.0,160,1900,Ahead,State,True,3.982607357241804,968
469,10,140,,MER,,3.199,,WHITWORTH RD,-121.03085943431304,37.245823031751044,1050.0,140,1800,Back,State,True,3.782515006926274,973
859,10,4,,CAL,R,62.84,,BIG MEADOWS,-120.08371039555395,38.42301624649882,1000.0,380,2100,Ahead,State,True,3.6093581653070648,974
1124,10,89,,ALP,,14.67,,LARAMIE ST,-119.77777670094837,38.69358477408261,950.0,110,1000,Back,State,True,3.4477451131291366,975
851,10,4,,ALP,,3.89,,LAKE ALPINE,-120.00308238570555,38.47827725518484,950.0,220,1250,Ahead,State,True,3.4477451131291366,975
244,10,108,,TUO,,36.55,,COW CREEK ROAD,-119.99443285817776,38.241006039663276,940.0,470,1450,Ahead,State,True,3.420809604432815,977
1124,10,89,,ALP,,14.67,,LARAMIE ST,-119.77777670094837,38.69358477408261,910.0,150,1450,Ahead,State,True,3.3361551485300907,978
1132,10,89,,ALP,,9.957,,"BULLION, JCT. RTE. 4 WEST",-119.7264397135145,38.66052294369961,890.0,120,1000,Ahead,State,True,3.2284131137448053,979
387,10,132,,MPA,,18.746,,"COULTERVILLE, JCT. RTE. 49",-120.19696251708417,37.710366433008666,870.0,110,970,Back,State,True,3.182237955979683,980
803,10,49,,MPA,,29.45,,"BEAR VALLEY, BEAR VALLEY ROAD",-120.11943264214045,37.56930923802154,860.0,120,870,Back,State,True,3.1553024472833617,981
807,10,49,,MPA,,48.835,,MARIPOSA/TUOLUMNE COUNTY LINE,-120.2454217236576,37.750606258285416,830.0,110,1050,Back,State,True,3.005233184546714,982
819,10,49,,TUO,R,8.779,,JCT. RTE. 120,-120.43479268960235,37.87472500757555,830.0,110,1050,Back,State,True,3.005233184546714,982
821,10,49,,TUO,,0,,MARIPOSA/TUOLUMNE COUNTY LINE,-120.2454217236576,37.750606258285416,830.0,110,1050,Ahead,State,True,3.005233184546714,982
246,10,108,,TUO,,49.269,,CLARKS FORK ROAD,-119.87806833649614,38.35522886988025,800.0,420,1550,Back,State,True,2.851315991996306,985
246,10,108,,TUO,,49.269,,CLARKS FORK ROAD,-119.87806833649614,38.35522886988025,770.0,160,1500,Ahead,State,True,2.7204863783284594,986
633,10,26,,CAL,,32.65,,"GLENCO, ASSOCIATED OFFICE ROAD",-120.53291210177505,38.3801738397509,750.0,160,1000,Back,State,True,2.639679852239495,987
603,10,207,,ALP,,0,,JCT. RTE. 4,-120.01946663959501,38.48256351636126,750.0,300,1100,Ahead,State,True,2.639679852239495,987
605,10,207,,ALP,,1.36,,MT. REBA SKI RESORT,-120.03459292959148,38.492165182368566,740.0,300,1100,Back,State,True,2.601200554101893,989
631,10,26,,CAL,,26.797,,RIDGE ROAD,-120.58197887131448,38.346101830153614,740.0,130,1000,Ahead,State,True,2.601200554101893,989
621,10,26,,CAL,R,33.564,,RAILROAD FLAT ROAD,-120.52740775033011,38.389059420213336,730.0,100,840,Back,State,True,2.5588733261505308,991
633,10,26,,CAL,,32.65,,"GLENCO, ASSOCIATED OFFICE ROAD",-120.53291210177505,38.3801738397509,730.0,100,840,Ahead,State,True,2.5588733261505308,991
1126,10,89,,ALP,,14.9,,"MARKLEEVILLE, WEBSTER STREET",-119.78081439450581,38.695457611351806,720.0,160,1300,Back,State,True,2.5088502385716485,993
805,10,49,,MPA,,44.67,,"COULTERVILLE, JCT. RTE. 132 WEST",-120.19696251708417,37.710366433008666,690.0,170,1200,Back,State,True,2.34338925657996,994
805,10,49,,MPA,,44.67,,"COULTERVILLE, JCT. RTE. 132 WEST",-120.19696251708417,37.710366433008666,670.0,90,840,Ahead,State,True,2.274126519932276,995
248,10,108,,TUO,,57.909,,KENNEDY MEADOWS ROAD,-119.75208902864928,38.32472754754267,660.0,110,670,Back,State,True,2.227951362167154,996
1132,10,89,,ALP,,9.957,,"BULLION, JCT. RTE. 4 WEST",-119.7264397135145,38.66052294369961,590.0,150,820,Back,State,True,1.9085731876250578,997
803,10,49,,MPA,,29.45,,"BEAR VALLEY, BEAR VALLEY ROAD",-120.11943264214045,37.56930923802154,510.0,130,770,Ahead,State,True,1.6199784515930429,998
248,10,108,,TUO,,57.909,,KENNEDY MEADOWS ROAD,-119.75208902864928,38.32472754754267,500.0,60,590,Ahead,State,True,1.5853470832692012,999
849,10,4,,ALP,,18.556,,EBBETTS PASS SUMMIT (ELEV. 8730 FEET),-119.81177451546432,38.544546847490494,490.0,120,710,Back,State,True,1.5507157149453594,1000
250,10,108,,TUO,,66.972,,TUOLUMNE/MONO COUNTY LINE,-119.63719090785429,38.32792314665308,440.0,110,520,Back,State,True,1.3621671540711098,1001
1122,10,89,,ALP,,0,,MONO/ALPINE COUNTY LINE,-119.5930752784618,38.680784081004,430.0,100,620,Ahead,State,True,1.292904417423426,1002
2099,11,805,,SD,,13.95,,"SAN DIEGO, HOME AVENUE",-117.10313177688094,32.72564872671153,335000.0,25500,355000,Ahead,Interstate,True,99.89225796521471,1
2095,11,805,,SD,,12.953,,"SAN DIEGO, MARKET STREET",-117.10046278156051,32.71146337495373,295000.0,21900,295000,Back,Interstate,True,99.342004001847,2
2093,11,805,,SD,,12.344,,"SAN DIEGO, IMPERIAL AVENUE",-117.09488689457454,32.704171838966225,295000.0,21900,295000,Ahead,Interstate,True,99.342004001847,2
1406,11,15,,SD,M,14.285,,"SAN DIEGO, MIRAMAR/ POMERADO ROADS",-117.11492398587009,32.89323706147252,290000.0,23800,295000,Back,Interstate,True,99.24965368631676,4
1404,11,15,,SD,M,13.334,,"SAN DIEGO, MIRAMAR WAY",-117.10825073130607,32.880610595661565,290000.0,23800,295000,Ahead,Interstate,True,99.24965368631676,4
1404,11,15,,SD,M,13.334,,"SAN DIEGO, MIRAMAR WAY",-117.10825073130607,32.880610595661565,275000.0,24800,290000,Back,Interstate,True,98.67246421425273,6
1402,11,15,,SD,M,12.124,,JCT. RTE. 163,-117.11003724055603,32.86359180573941,275000.0,21800,290000,Ahead,Interstate,True,98.67246421425273,6
2093,11,805,,SD,,12.344,,"SAN DIEGO, IMPERIAL AVENUE",-117.09488689457454,32.704171838966225,270000.0,19800,270000,Back,Interstate,True,98.40695705710328,8
1406,11,15,,SD,M,14.285,,"SAN DIEGO, MIRAMAR/ POMERADO ROADS",-117.11492398587009,32.89323706147252,270000.0,21800,280000,Ahead,Interstate,True,98.40695705710328,8
2091,11,805,,SD,,11.096,,"SAN DIEGO, 47TH STREET",-117.0920274123964,32.6868055653558,270000.0,19800,270000,Ahead,Interstate,True,98.40695705710328,8
1418,11,15,,SD,M,20.574,,CARMEL MOUNTAIN ROAD,-117.08617388759714,32.97884277398119,260000.0,19600,290000,Back,Interstate,True,97.90672618131445,11
1452,11,15,,SD,R,31.517,,JCT. RTE. 78,-117.10468728705052,33.1271114056662,260000.0,20500,265000,Back,Interstate,True,97.90672618131445,11
1476,11,15,,SD,R,8.366,,"SAN DIEGO, AERO DRIVE",-117.11386780694615,32.8104821902452,260000.0,20900,285000,Back,Interstate,True,97.90672618131445,11
1450,11,15,,SD,R,30.627,,VALLEY PARKWAY,-117.0987832194401,33.11526143704127,260000.0,20500,265000,Ahead,Interstate,True,97.90672618131445,11
1474,11,15,,SD,R,6.817,,"SAN DIEGO, FRIARS ROAD",-117.1138035944713,32.788346967560855,260000.0,20900,285000,Ahead,Interstate,True,97.90672618131445,11
1408,11,15,,SD,M,15.924,,MIRA MESA BOULEVARD,-117.11587128359172,32.91694479661003,255000.0,20000,270000,Back,Interstate,True,97.67585039248884,16
1412,11,15,,SD,M,17.311,,"SAN DIEGO, MERCY ROAD",-117.11115455612327,32.936516556239,255000.0,20000,260000,Back,Interstate,True,97.67585039248884,16
2145,11,805,,SD,,8.854,,JCT. RTE. 54,-117.07441375654848,32.65843769629583,255000.0,20700,270000,Back,Interstate,True,97.67585039248884,16
1408,11,15,,SD,M,15.924,,MIRA MESA BOULEVARD,-117.11587128359172,32.91694479661003,255000.0,20000,260000,Ahead,Interstate,True,97.67585039248884,16
1474,11,15,,SD,R,6.817,,"SAN DIEGO, FRIARS ROAD",-117.1138035944713,32.788346967560855,250000.0,28500,270000,Back,Interstate,True,97.38725565645683,20
2099,11,805,,SD,,13.95,,"SAN DIEGO, HOME AVENUE",-117.10313177688094,32.72564872671153,250000.0,19700,255000,Back,Interstate,True,97.38725565645683,20
2143,11,805,,SD,,7.756,,"CHULA VISTA, BONITA ROAD",-117.06061703605458,32.64786179739016,250000.0,17500,255000,Back,Interstate,True,97.38725565645683,20
1472,11,15,,SD,R,6.132,,JCT. RTE. 8,-117.1122378066766,32.778656962975894,250000.0,28500,270000,Ahead,Interstate,True,97.38725565645683,20
2097,11,805,,SD,,13.507,,"SAN DIEGO, JCT. RTE. 94",-117.102683143855,32.719065099279966,250000.0,19700,255000,Ahead,Interstate,True,97.38725565645683,20
2141,11,805,,SD,,7.163,,"CHULA VISTA, H STREET",-117.05528195505693,32.64058968030409,250000.0,17500,255000,Ahead,Interstate,True,97.38725565645683,20
1420,11,15,,SD,M,21.915,,"SAN DIEGO, CAMINO DEL NORTE",-117.08312475129964,32.9974717251343,247500.0,18300,250000,Back,Interstate,True,97.27181776204402,26
2348,11,8,,SD,,6.271,,"SAN DIEGO, FAIRMOUNT AVENUE",-117.10147798203613,32.77898288470887,247500.0,20700,260000,Back,State,True,97.27181776204402,26
1418,11,15,,SD,M,20.574,,CARMEL MOUNTAIN ROAD,-117.08617388759714,32.97884277398119,247500.0,18300,250000,Ahead,Interstate,True,97.27181776204402,26
2346,11,8,,SD,,5.638,,JCT. RTE. 15,-117.11232436204918,32.77851109583153,247500.0,20700,260000,Ahead,State,True,97.27181776204402,26
1707,11,5,,SD,R,34.134,,"SAN DIEGO, DEL MAR HEIGHTS ROAD",-117.24356975758492,32.95002616378294,245000.0,16200,255000,Back,Interstate,True,97.04478990303217,30
1705,11,5,,SD,R,32.901,,"SAN DIEGO, CARMEL VALLEY ROAD",-117.24105881904205,32.93230570006186,245000.0,16200,255000,Ahead,Interstate,True,97.04478990303217,30
1414,11,15,,SD,M,18.176,,"SAN DIEGO, POWAY ROAD",-117.10577777533011,32.948093526889686,242500.0,19400,248000,Back,Interstate,True,96.87548099122671,32
1410,11,15,,SD,M,15,,CARROLL CANYON ROAD,-117.11621557011088,32.903456029343765,242500.0,18900,275000,Ahead,Interstate,True,96.87548099122671,32
1412,11,15,,SD,M,17.311,,"SAN DIEGO, MERCY ROAD",-117.11115455612327,32.936516556239,242500.0,19400,248000,Ahead,Interstate,True,96.87548099122671,32
1410,11,15,,SD,M,15,,CARROLL CANYON ROAD,-117.11621557011088,32.903456029343765,240000.0,18700,255000,Back,Interstate,True,96.64845313221487,35
1422,11,15,,SD,M,22.935,,"SAN DIEGO, BERNARDO CENTER DRIVE",-117.07956928138883,33.01213240964311,240000.0,18200,248000,Back,Interstate,True,96.64845313221487,35
2322,11,8,,SD,,13.658,,"EL CAJON, EL CAJON BOULEVARD",-116.98133783402886,32.78213780047486,240000.0,17500,250000,Back,State,True,96.64845313221487,35
1416,11,15,,SD,M,19.468,,JCT. RTE. 56,-117.09506010952425,32.9647152864721,240000.0,18100,280000,Ahead,Interstate,True,96.64845313221487,35
1420,11,15,,SD,M,21.915,,"SAN DIEGO, CAMINO DEL NORTE",-117.08312475129964,32.9974717251343,240000.0,18200,248000,Ahead,Interstate,True,96.64845313221487,35
2320,11,8,,SD,,12.654,,"LA MESA, SEVERIN/ FUERTE DRIVES",-116.99715700268882,32.779202229103255,240000.0,17500,250000,Ahead,State,True,96.64845313221487,35
2137,11,805,,SD,,4.415,,"CHULA VISTA, ORANGE AVENUE",-117.03612562326988,32.60586194326377,237500.0,17800,245000,Ahead,Interstate,True,96.4906880098507,41
2101,11,805,,SD,,14.641,,"SAN DIEGO, JCT. RTE. 15",-117.11151492068936,32.73222461739444,235000.0,17200,248000,Back,Interstate,True,96.28289979990765,42
2346,11,8,,SD,,5.638,,JCT. RTE. 15,-117.11232436204918,32.77851109583153,235000.0,18000,243000,Back,State,True,96.28289979990765,42
2091,11,805,,SD,,11.096,,"SAN DIEGO, 47TH STREET",-117.0920274123964,32.6868055653558,232500.0,18000,240000,Back,Interstate,True,96.12898260735724,44
1424,11,15,,SD,M,23.687,,"SAN DIEGO, RANCHO BERNARDO ROAD",-117.0785813807147,33.02285972136145,230000.0,17500,240000,Back,Interstate,True,95.77112513467755,45
1448,11,15,,SD,R,30.09,,"ESCONDIDO, 9TH AVENUE",-117.09463222398811,33.10822170354436,230000.0,18400,235000,Back,Interstate,True,95.77112513467755,45
1478,11,15,,SD,R,9.238,,"SAN DIEGO, BALBOA AVENUE",-117.11628374146113,32.82299621625302,230000.0,17600,243000,Back,Interstate,True,95.77112513467755,45
1723,11,5,,SD,R,44.071,,"LEUCADIA, LA COSTA AVENUE",-117.29801186162987,33.08424323111831,230000.0,17000,240000,Back,Interstate,True,95.77112513467755,45
2111,11,805,,SD,,18.888,,MURRAY RIDGE,-117.14541456731108,32.7857087266389,230000.0,19400,243000,Back,Interstate,True,95.77112513467755,45
2141,11,805,,SD,,7.163,,"CHULA VISTA, H STREET",-117.05528195505693,32.64058968030409,230000.0,16200,233000,Back,Interstate,True,95.77112513467755,45
1422,11,15,,SD,M,22.935,,"SAN DIEGO, BERNARDO CENTER DRIVE",-117.07956928138883,33.01213240964311,230000.0,17500,240000,Ahead,Interstate,True,95.77112513467755,45
1444,11,15,,SD,R,28.765,,CITRACADO PARKWAY,-117.08221116465567,33.09220641325553,230000.0,18400,235000,Ahead,Interstate,True,95.77112513467755,45
1476,11,15,,SD,R,8.366,,"SAN DIEGO, AERO DRIVE",-117.11386780694615,32.8104821902452,230000.0,17600,243000,Ahead,Interstate,True,95.77112513467755,45
1721,11,5,,SD,R,42.712,,LEUCADIA BOULEVARD,-117.29212545040637,33.0651158048969,230000.0,15500,235000,Ahead,Interstate,True,95.77112513467755,45
2139,11,805,,SD,,6.059,,TELEGRAPH CANYON ROAD,-117.04348839859482,32.628691732519385,230000.0,16200,233000,Ahead,Interstate,True,95.77112513467755,45
1640,11,5,,SD,R,12.647,,JCT. RTE. 15 NORTH,-117.12166941467729,32.69301074922672,227500.0,18600,230000,Back,Interstate,True,95.36324457441896,56
2097,11,805,,SD,,13.507,,"SAN DIEGO, JCT. RTE. 94",-117.102683143855,32.719065099279966,227500.0,16800,235000,Back,Interstate,True,95.36324457441896,56
2115,11,805,,SD,,20.23,,"SAN DIEGO, KEARNY VILLA ROAD",-117.15076319310658,32.80402471531036,227500.0,19300,233000,Back,Interstate,True,95.36324457441896,56
2352,11,8,,SD,,8.336,,COLLEGE AVENUE,-117.06639815035372,32.77933912629271,227500.0,18000,235000,Back,State,True,95.36324457441896,56
1638,11,5,,SD,R,11.66,,"SAN DIEGO, DIVISION/MAIN STREETS",-117.11090947954406,32.68213056388824,227500.0,18600,230000,Ahead,Interstate,True,95.36324457441896,56
2089,11,805,,SD,,10.281,,"NATIONAL CITY, PLAZA BOULEVARD",-117.08434347678096,32.67705423440952,227500.0,18200,238000,Ahead,Interstate,True,95.36324457441896,56
2111,11,805,,SD,,18.888,,MURRAY RIDGE,-117.14541456731108,32.7857087266389,227500.0,19300,233000,Ahead,Interstate,True,95.36324457441896,56
2121,11,805,,SD,,22.561,,"SAN DIEGO, CLAIREMONT MESA DRIVE",-117.16947725193988,32.833514319046024,227500.0,20000,248000,Ahead,Interstate,True,95.36324457441896,56
2350,11,8,,SD,,7.06,,"SAN DIEGO, WARING ROAD",-117.08817761038112,32.780613380265635,227500.0,18000,235000,Ahead,State,True,95.36324457441896,56
2119,11,805,,SD,,21.654,,"SAN DIEGO, BALBOA AVENUE",-117.16236601657258,32.821800878595106,225000.0,19200,238000,Back,Interstate,True,95.03232261043559,65
2117,11,805,,SD,,20.6,,"SAN DIEGO, JCT. RTE. 163",-117.15289383526377,32.80901056500999,225000.0,19200,238000,Ahead,Interstate,True,95.03232261043559,65
2121,11,805,,SD,,22.561,,"SAN DIEGO, CLAIREMONT MESA DRIVE",-117.16947725193988,32.833514319046024,222500.0,18500,230000,Back,Interstate,True,94.7899030321687,67
2119,11,805,,SD,,21.654,,"SAN DIEGO, BALBOA AVENUE",-117.16236601657258,32.821800878595106,222500.0,18500,230000,Ahead,Interstate,True,94.7899030321687,67
2143,11,805,,SD,,7.756,,"CHULA VISTA, BONITA ROAD",-117.06061703605458,32.64786179739016,222500.0,18100,235000,Ahead,Interstate,True,94.7899030321687,67
1632,11,5,,SD,R,10.042,,"NATIONAL CITY, 24TH STREET",-117.10778174874402,32.65992176542648,220000.0,18500,223000,Back,Interstate,True,94.58211482222563,70
1634,11,5,,SD,R,10.749,,"NATIONAL CITY, 9TH STREET",-117.11127668208613,32.669531428480745,220000.0,18700,223000,Back,Interstate,True,94.58211482222563,70
1638,11,5,,SD,R,11.66,,"SAN DIEGO, DIVISION/MAIN STREETS",-117.11090947954406,32.68213056388824,220000.0,17100,230000,Back,Interstate,True,94.58211482222563,70
1632,11,5,,SD,R,10.042,,"NATIONAL CITY, 24TH STREET",-117.10778174874402,32.65992176542648,220000.0,18700,223000,Ahead,Interstate,True,94.58211482222563,70
1779,11,5,,SD,,9.396,,JCT. RTE. 54,-117.10411360853702,32.651258619282316,220000.0,18500,223000,Ahead,Interstate,True,94.58211482222563,70
2344,11,8,,SD,,4.378,,"SAN DIEGO, JCT. RTE. 805",-117.13179354650693,32.771740882316635,220000.0,18300,243000,Ahead,State,True,94.58211482222563,70
1428,11,15,,SD,M,26.97,,"ESCONDIDO, FELICITA ROAD , VIA RANCHO PARKWAY",-117.06924437788983,33.06922015224947,217500.0,17300,225000,Back,Interstate,True,94.19347391103587,76
2422,11,94,,SD,,4.632,,"SAN DIEGO, 47TH STREET",-117.09360203063041,32.718219047400304,217500.0,20800,223000,Back,State,True,94.19347391103587,76
1674,11,5,,SD,R,20.818,,"SAN DIEGO, MISSION BAY DRIVE/SEA WORLD DRIVE",-117.20651088253433,32.77001021686468,217500.0,16600,220000,Ahead,Interstate,True,94.19347391103587,76
2420,11,94,,SD,,4.086,,"SAN DIEGO, JCT. RTE. 805",-117.10277108083648,32.71895509460888,217500.0,20800,223000,Ahead,State,True,94.19347391103587,76
1711,11,5,,SD,R,37.384,,"SOLANA BEACH, LOMAS SANTA FE DRIVE",-117.25645165625137,32.99569387674035,215000.0,16100,218000,Back,Interstate,True,93.65476373710943,80
1713,11,5,,SD,R,38.624,,MANCHESTER AVENUE,-117.26550711359145,33.01126640710247,215000.0,15100,220000,Back,Interstate,True,93.65476373710943,80
1721,11,5,,SD,R,42.712,,LEUCADIA BOULEVARD,-117.29212545040637,33.0651158048969,215000.0,15700,220000,Back,Interstate,True,93.65476373710943,80
1733,11,5,,SD,R,50.106,,"CARLSBAD, CARLSBAD VILLAGE DRIVE",-117.34210150455785,33.16321457438329,215000.0,15800,220000,Back,Interstate,True,93.65476373710943,80
1737,11,5,,SD,R,51.201,,JCT. RTE. 78 EAST,-117.35118462911038,33.1770863212222,215000.0,14800,223000,Back,Interstate,True,93.65476373710943,80
2089,11,805,,SD,,10.281,,"NATIONAL CITY, PLAZA BOULEVARD",-117.08434347678096,32.67705423440952,215000.0,17500,228000,Back,Interstate,True,93.65476373710943,80
2354,11,8,,SD,,9.591,,"LA MESA, LAKE MURRAY BOULEVARD",-117.04606132448552,32.77412542843294,215000.0,20500,228000,Back,State,True,93.65476373710943,80
2426,11,94,,SD,,5.14,,"SAN DIEGO, EUCLID AVENUE",-117.08498764070492,32.717898567168255,215000.0,20700,223000,Back,State,True,93.65476373710943,80
1424,11,15,,SD,M,23.687,,"SAN DIEGO, RANCHO BERNARDO ROAD",-117.0785813807147,33.02285972136145,215000.0,16500,225000,Ahead,Interstate,True,93.65476373710943,80
1426,11,15,,SD,M,26.026,,POMERADO ROAD,-117.0712028291767,33.05589257809964,215000.0,16900,225000,Ahead,Interstate,True,93.65476373710943,80
1711,11,5,,SD,R,37.384,,"SOLANA BEACH, LOMAS SANTA FE DRIVE",-117.25645165625137,32.99569387674035,215000.0,15100,220000,Ahead,Interstate,True,93.65476373710943,80
1719,11,5,,SD,R,41.509,,ENCINITAS BOULEVARD,-117.28703420990605,33.04820893930511,215000.0,15700,220000,Ahead,Interstate,True,93.65476373710943,80
1731,11,5,,SD,R,49.278,,TAMARACK AVENUE,-117.33629755238924,33.15222159766758,215000.0,15800,220000,Ahead,Interstate,True,93.65476373710943,80
1735,11,5,,SD,R,50.684,,"CARLSBAD, LAS FLORES DRIVE",-117.34636926482708,33.17068182872856,215000.0,14800,223000,Ahead,Interstate,True,93.65476373710943,80
2352,11,8,,SD,,8.336,,COLLEGE AVENUE,-117.06639815035372,32.77933912629271,215000.0,20500,228000,Ahead,State,True,93.65476373710943,80
2422,11,94,,SD,,4.632,,"SAN DIEGO, 47TH STREET",-117.09360203063041,32.718219047400304,215000.0,20700,223000,Ahead,State,True,93.65476373710943,80
1416,11,15,,SD,M,19.468,,JCT. RTE. 56,-117.09506010952425,32.9647152864721,212500.0,17500,223000,Back,Interstate,True,93.3199938433123,96
2109,11,805,,SD,,17.645,,JCT. RTE. 8,-117.13178329403459,32.771988468288846,212500.0,17800,220000,Back,Interstate,True,93.3199938433123,96
1414,11,15,,SD,M,18.176,,"SAN DIEGO, POWAY ROAD",-117.10577777533011,32.948093526889686,212500.0,17500,223000,Ahead,Interstate,True,93.3199938433123,96
1478,11,15,,SD,R,9.238,,"SAN DIEGO, BALBOA AVENUE",-117.11628374146113,32.82299621625302,212500.0,16500,228000,Ahead,Interstate,True,93.3199938433123,96
2107,11,805,,SD,,16.989,,"SAN DIEGO, ADAMS AVENUE",-117.12735144120735,32.763255792034556,212500.0,17800,220000,Ahead,Interstate,True,93.3199938433123,96
1729,11,5,,SD,R,47.975,,"CARLSBAD, CANNON ROAD",-117.32918928775057,33.13447128294551,210000.0,14800,215000,Back,Interstate,True,92.95059258119132,101
1735,11,5,,SD,R,50.684,,"CARLSBAD, LAS FLORES DRIVE",-117.34636926482708,33.17068182872856,210000.0,15700,213000,Back,Interstate,True,92.95059258119132,101
2125,11,805,,SD,,24.44,,GOVERNOR DRIVE,-117.18429093091245,32.857874317053934,210000.0,16500,225000,Back,Interstate,True,92.95059258119132,101
1636,11,5,,SD,R,11.129,,8TH STREET,-117.1096086327744,32.67483503529609,210000.0,23400,223000,Ahead,Interstate,True,92.95059258119132,101
1709,11,5,,SD,R,36.266,,VIA DE LA VALLE,-117.25293414644953,32.97983659316225,210000.0,16300,220000,Ahead,Interstate,True,92.95059258119132,101
1727,11,5,,SD,R,47.032,,"CARLSBAD, PALOMAR AIRPORT ROAD",-117.32196535513759,33.12219702881325,210000.0,14800,215000,Ahead,Interstate,True,92.95059258119132,101
1733,11,5,,SD,R,50.106,,"CARLSBAD, CARLSBAD VILLAGE DRIVE",-117.34210150455785,33.16321457438329,210000.0,15700,213000,Ahead,Interstate,True,92.95059258119132,101
2123,11,805,,SD,,23.651,,JCT. RTE. 52,-117.17792459115515,32.847601619422925,210000.0,16500,225000,Ahead,Interstate,True,92.95059258119132,101
2145,11,805,,SD,,8.854,,JCT. RTE. 54,-117.07441375654848,32.65843769629583,210000.0,17100,225000,Ahead,Interstate,True,92.95059258119132,101
1426,11,15,,SD,M,26.026,,POMERADO ROAD,-117.0712028291767,33.05589257809964,207500.0,15900,218000,Back,Interstate,True,92.63891026627674,110
1430,11,15,,SD,M,27.65,,"ESCONDIDO, SOUTH JUNCTION OF CENTRE CITY PARKWAY",-117.07134375867513,33.07915286791665,207500.0,16600,210000,Back,Interstate,True,92.63891026627674,110
1636,11,5,,SD,R,11.129,,8TH STREET,-117.1096086327744,32.67483503529609,207500.0,17500,213000,Back,Interstate,True,92.63891026627674,110
1725,11,5,,SD,R,45.571,,"CARLSBAD, POINSETTIA LANE",-117.31044793270902,33.103441407134184,207500.0,15300,218000,Back,Interstate,True,92.63891026627674,110
1428,11,15,,SD,M,26.97,,"ESCONDIDO, FELICITA ROAD , VIA RANCHO PARKWAY",-117.06924437788983,33.06922015224947,207500.0,16600,210000,Ahead,Interstate,True,92.63891026627674,110
1634,11,5,,SD,R,10.749,,"NATIONAL CITY, 9TH STREET",-117.11127668208613,32.669531428480745,207500.0,17500,213000,Ahead,Interstate,True,92.63891026627674,110
1650,11,5,,SD,R,15.405,,"SAN DIEGO, PERSHING DRIVE",-117.14772733929884,32.71909133619509,205000.0,15800,218000,Back,Interstate,True,92.23487763583192,116
1652,11,5,,SD,R,16.069,,"SAN DIEGO, JCT. RTE. 163",-117.15545846880605,32.72419484493275,205000.0,15800,218000,Back,Interstate,True,92.23487763583192,116
1678,11,5,,SD,R,22.872,,"SAN DIEGO, DE ANZA ROAD",-117.21052894529058,32.79877250723656,205000.0,17000,208000,Back,Interstate,True,92.23487763583192,116
1727,11,5,,SD,R,47.032,,"CARLSBAD, PALOMAR AIRPORT ROAD",-117.32196535513759,33.12219702881325,205000.0,15200,215000,Back,Interstate,True,92.23487763583192,116
2127,11,805,,SD,,25.476,,"SAN DIEGO, NOBEL DRIVE",-117.19492360531264,32.86990749197414,205000.0,16100,220000,Back,Interstate,True,92.23487763583192,116
1648,11,5,,SD,R,15.036,,"SAN DIEGO, JCT. RTE. 94",-117.14755559938283,32.71369920035129,205000.0,15800,218000,Ahead,Interstate,True,92.23487763583192,116
1650,11,5,,SD,R,15.405,,"SAN DIEGO, PERSHING DRIVE",-117.14772733929884,32.71909133619509,205000.0,15800,218000,Ahead,Interstate,True,92.23487763583192,116
1676,11,5,,SD,R,22.262,,CLAIREMONT DRIVE,-117.20697522439964,32.790678614351506,205000.0,17000,208000,Ahead,Interstate,True,92.23487763583192,116
1725,11,5,,SD,R,45.571,,"CARLSBAD, POINSETTIA LANE",-117.31044793270902,33.103441407134184,205000.0,15200,215000,Ahead,Interstate,True,92.23487763583192,116
2125,11,805,,SD,,24.44,,GOVERNOR DRIVE,-117.18429093091245,32.857874317053934,205000.0,16100,220000,Ahead,Interstate,True,92.23487763583192,116
1703,11,5,,SD,R,32.841,,JCT RTE 56,-117.24097747299983,32.93167096218667,202500.0,16000,230000,Back,Interstate,True,91.84623672464214,126
1705,11,5,,SD,R,32.901,,"SAN DIEGO, CARMEL VALLEY ROAD",-117.24105881904205,32.93230570006186,202500.0,14600,223000,Back,Interstate,True,91.84623672464214,126
1709,11,5,,SD,R,36.266,,VIA DE LA VALLE,-117.25293414644953,32.97983659316225,202500.0,14300,218000,Back,Interstate,True,91.84623672464214,126
1701,11,5,,SD,R,31.805,,"SAN DIEGO, CARMEL MOUNTAIN ROAD",-117.23424762996281,32.91780916783242,202500.0,16000,230000,Ahead,Interstate,True,91.84623672464214,126
1703,11,5,,SD,R,32.841,,JCT RTE 56,-117.24097747299983,32.93167096218667,202500.0,14600,223000,Ahead,Interstate,True,91.84623672464214,126
1707,11,5,,SD,R,34.134,,"SAN DIEGO, DEL MAR HEIGHTS ROAD",-117.24356975758492,32.95002616378294,202500.0,14300,218000,Ahead,Interstate,True,91.84623672464214,126
1717,11,5,,SD,R,40.597,,"ENCINITAS, SANTA FE DRIVE",-117.28116452800808,33.03605901656952,202500.0,13800,205000,Ahead,Interstate,True,91.84623672464214,126
2095,11,805,,SD,,12.953,,"SAN DIEGO, MARKET STREET",-117.10046278156051,32.71146337495373,202500.0,14900,215000,Ahead,Interstate,True,91.84623672464214,126
1676,11,5,,SD,R,22.262,,CLAIREMONT DRIVE,-117.20697522439964,32.790678614351506,200000.0,15800,208000,Back,Interstate,True,91.511466830845,134
1701,11,5,,SD,R,31.805,,"SAN DIEGO, CARMEL MOUNTAIN ROAD",-117.23424762996281,32.91780916783242,200000.0,15000,213000,Back,Interstate,True,91.511466830845,134
2117,11,805,,SD,,20.6,,"SAN DIEGO, JCT. RTE. 163",-117.15289383526377,32.80901056500999,200000.0,17000,205000,Back,Interstate,True,91.511466830845,134
1775,11,5,,SD,,7.812,,"CHULA VISTA, H STREET",-117.09576840687126,32.62921903025269,200000.0,15000,205000,Ahead,Interstate,True,91.511466830845,134
2115,11,805,,SD,,20.23,,"SAN DIEGO, KEARNY VILLA ROAD",-117.15076319310658,32.80402471531036,200000.0,17000,205000,Ahead,Interstate,True,91.511466830845,134
1654,11,5,,SD,R,16.311,,"SAN DIEGO, SIXTH AVENUE",-117.15937473177935,32.72314429479335,197500.0,15300,210000,Back,Interstate,True,91.18054486686162,139
1656,11,5,,SD,R,16.589,,"SAN DIEGO, FIRST AVENUE",-117.16390459349904,32.723489265677784,197500.0,15300,210000,Back,Interstate,True,91.18054486686162,139
1670,11,5,,SD,R,19.033,,"SAN DIEGO, OLD TOWN AVENUE",-117.19334288212801,32.74774659606412,197500.0,15800,203000,Back,Interstate,True,91.18054486686162,139
1717,11,5,,SD,R,40.597,,"ENCINITAS, SANTA FE DRIVE",-117.28116452800808,33.03605901656952,197500.0,13400,200000,Back,Interstate,True,91.18054486686162,139
1731,11,5,,SD,R,49.278,,TAMARACK AVENUE,-117.33629755238924,33.15222159766758,197500.0,20900,218000,Back,Interstate,True,91.18054486686162,139
2139,11,805,,SD,,6.059,,TELEGRAPH CANYON ROAD,-117.04348839859482,32.628691732519385,197500.0,14800,203000,Back,Interstate,True,91.18054486686162,139
2320,11,8,,SD,,12.654,,"LA MESA, SEVERIN/ FUERTE DRIVES",-116.99715700268882,32.779202229103255,197500.0,16000,215000,Back,State,True,91.18054486686162,139
1652,11,5,,SD,R,16.069,,"SAN DIEGO, JCT. RTE. 163",-117.15545846880605,32.72419484493275,197500.0,15300,210000,Ahead,Interstate,True,91.18054486686162,139
1654,11,5,,SD,R,16.311,,"SAN DIEGO, SIXTH AVENUE",-117.15937473177935,32.72314429479335,197500.0,15300,210000,Ahead,Interstate,True,91.18054486686162,139
1668,11,5,,SD,R,18.283,,"SAN DIEGO, WASHINGTON STREET",-117.18205033316787,32.742407489088386,197500.0,15800,203000,Ahead,Interstate,True,91.18054486686162,139
1715,11,5,,SD,R,39.83,,BIRMINGHAM DRIVE,-117.27470194454787,33.026384467183,197500.0,13400,200000,Ahead,Interstate,True,91.18054486686162,139
2109,11,805,,SD,,17.645,,JCT. RTE. 8,-117.13178329403459,32.771988468288846,197500.0,15500,208000,Ahead,Interstate,True,91.18054486686162,139
2318,11,8,,SD,,12.24,,"LA MESA, JCT. RTE. 125 SOUTH",-117.00365145927363,32.777497075752244,197500.0,16000,215000,Ahead,State,True,91.18054486686162,139
1719,11,5,,SD,R,41.509,,ENCINITAS BOULEVARD,-117.28703420990605,33.04820893930511,195000.0,13600,200000,Back,Interstate,True,90.85731876250577,152
2350,11,8,,SD,,7.06,,"SAN DIEGO, WARING ROAD",-117.08817761038112,32.780613380265635,195000.0,17600,213000,Back,State,True,90.85731876250577,152
1682,11,5,,SD,R,23.93,,"SAN DIEGO, MISSION BAY DRIVE",-117.22009610188114,32.812231514589726,195000.0,15900,198000,Ahead,Interstate,True,90.85731876250577,152
2348,11,8,,SD,,6.271,,"SAN DIEGO, FAIRMOUNT AVENUE",-117.10147798203613,32.77898288470887,195000.0,17600,213000,Ahead,State,True,90.85731876250577,152
2123,11,805,,SD,,23.651,,JCT. RTE. 52,-117.17792459115515,32.847601619422925,192500.0,16900,213000,Back,Interstate,True,90.52639679852238,156
2318,11,8,,SD,,12.24,,"LA MESA, JCT. RTE. 125 SOUTH",-117.00365145927363,32.777497075752244,192500.0,15600,210000,Back,State,True,90.52639679852238,156
2316,11,8,,SD,,11.764,,JACKSON DRIVE,-117.01116468354404,32.774812294290996,192500.0,15600,218000,Ahead,State,True,90.52639679852238,156
1715,11,5,,SD,R,39.83,,BIRMINGHAM DRIVE,-117.27470194454787,33.026384467183,190000.0,13300,195000,Back,Interstate,True,90.18393104509774,159
2107,11,805,,SD,,16.989,,"SAN DIEGO, ADAMS AVENUE",-117.12735144120735,32.763255792034556,190000.0,15800,198000,Back,Interstate,True,90.18393104509774,159
1713,11,5,,SD,R,38.624,,MANCHESTER AVENUE,-117.26550711359145,33.01126640710247,190000.0,13300,195000,Ahead,Interstate,True,90.18393104509774,159
1723,11,5,,SD,R,44.071,,"LEUCADIA, LA COSTA AVENUE",-117.29801186162987,33.08424323111831,190000.0,14400,213000,Ahead,Interstate,True,90.18393104509774,159
1737,11,5,,SD,R,51.201,,JCT. RTE. 78 EAST,-117.35118462911038,33.1770863212222,190000.0,13800,203000,Ahead,Interstate,True,90.18393104509774,159
2103,11,805,,SD,,15.95,,"SAN DIEGO, UNIVERSITY AVENUE",-117.12240209769101,32.74879109911948,190000.0,15500,203000,Ahead,Interstate,True,90.18393104509774,159
2105,11,805,,SD,,16.431,,EL CAJON BOULEVARD,-117.12484437260677,32.75539876934242,190000.0,15800,198000,Ahead,Interstate,True,90.18393104509774,159
1739,11,5,,SD,R,51.466,,"OCEANSIDE, CASSIDY STREET",-117.3537837822141,33.18023671334445,187500.0,13300,193000,Back,Interstate,True,89.88379251962444,166
2105,11,805,,SD,,16.431,,EL CAJON BOULEVARD,-117.12484437260677,32.75539876934242,187500.0,15300,208000,Back,Interstate,True,89.88379251962444,166
2326,11,8,,SD,,15.3,,"EL CAJON, JOHNSON AVENUE",-116.97113310175864,32.802730738286165,187500.0,18100,240000,Back,State,True,89.88379251962444,166
2330,11,8,,SD,,16.467,,"EL CAJON, MOLLISON AVENUE",-116.9511234575883,32.802958958847285,187500.0,14800,195000,Back,State,True,89.88379251962444,166
1448,11,15,,SD,R,30.09,,"ESCONDIDO, 9TH AVENUE",-117.09463222398811,33.10822170354436,187500.0,14600,200000,Ahead,Interstate,True,89.88379251962444,166
1729,11,5,,SD,R,47.975,,"CARLSBAD, CANNON ROAD",-117.32918928775057,33.13447128294551,187500.0,13200,198000,Ahead,Interstate,True,89.88379251962444,166
2324,11,8,,SD,,14.594,,WEST MAIN STREET,-116.97713123735235,32.794869704519854,187500.0,18100,240000,Ahead,State,True,89.88379251962444,166
2328,11,8,,SD,,15.8,,"EL CAJON, JCT. RTE. 67 NORTH",-116.96260107386999,32.80294323378526,187500.0,14800,195000,Ahead,State,True,89.88379251962444,166
1450,11,15,,SD,R,30.627,,VALLEY PARKWAY,-117.0987832194401,33.11526143704127,185000.0,13800,195000,Back,Interstate,True,89.33738648607049,174
1660,11,5,,SD,R,17.21,,"SAN DIEGO, LAUREL STREET",-117.1704096726621,32.730442918148384,185000.0,14700,200000,Back,Interstate,True,89.33738648607049,174
1662,11,5,,SD,R,17.25,,"SAN DIEGO, INDIA/SASSAFRAS STREETS",-117.17088231675726,32.73098089705641,185000.0,14700,200000,Back,Interstate,True,89.33738648607049,174
1674,11,5,,SD,R,20.818,,"SAN DIEGO, MISSION BAY DRIVE/SEA WORLD DRIVE",-117.20651088253433,32.77001021686468,185000.0,14300,188000,Back,Interstate,True,89.33738648607049,174
1741,11,5,,SD,R,51.847,,"OCEANSIDE, CALIFORNIA STREET",-117.35754779242484,33.18477072843984,185000.0,13700,190000,Back,Interstate,True,89.33738648607049,174
1743,11,5,,SD,R,52.298,,"OCEANSIDE, OCEANSIDE BOULEVARD",-117.36202719308008,33.19014144440216,185000.0,14300,200000,Back,Interstate,True,89.33738648607049,174
1777,11,5,,SD,,8.562,,E STREET,-117.09989691389843,32.639543546571204,185000.0,20300,193000,Back,Interstate,True,89.33738648607049,174
2103,11,805,,SD,,15.95,,"SAN DIEGO, UNIVERSITY AVENUE",-117.12240209769101,32.74879109911948,185000.0,14400,190000,Back,Interstate,True,89.33738648607049,174
2129,11,805,,SD,,25.935,,"SAN DIEGO, MIRAMAR ROAD",-117.1992279880994,32.87529835999172,185000.0,14800,200000,Back,Interstate,True,89.33738648607049,174
2131,11,805,,SD,,27.067,,"SAN DIEGO, MIRA MESA BOULEVARD",-117.20588604137215,32.89055495827775,185000.0,14600,200000,Back,Interstate,True,89.33738648607049,174
2137,11,805,,SD,,4.415,,"CHULA VISTA, ORANGE AVENUE",-117.03612562326988,32.60586194326377,185000.0,13400,190000,Back,Interstate,True,89.33738648607049,174
2336,11,8,,SD,,2.23,,"SAN DIEGO, HOTEL CIRCLE",-117.16656797255233,32.761202768925166,185000.0,14400,200000,Back,State,True,89.33738648607049,174
2340,11,8,,SD,,3.04,,"SAN DIEGO, MISSION CENTER ROAD",-117.15373972846116,32.76533421305532,185000.0,14800,193000,Back,State,True,89.33738648607049,174
1430,11,15,,SD,M,27.65,,"ESCONDIDO, SOUTH JUNCTION OF CENTRE CITY PARKWAY",-117.07134375867513,33.07915286791665,185000.0,14800,195000,Ahead,Interstate,True,89.33738648607049,174
1658,11,5,,SD,R,16.912,,"SAN DIEGO, HAWTHORN STREET",-117.16731791759256,32.72696075106516,185000.0,14700,200000,Ahead,Interstate,True,89.33738648607049,174
1660,11,5,,SD,R,17.21,,"SAN DIEGO, LAUREL STREET",-117.1704096726621,32.730442918148384,185000.0,14700,200000,Ahead,Interstate,True,89.33738648607049,174
1739,11,5,,SD,R,51.466,,"OCEANSIDE, CASSIDY STREET",-117.3537837822141,33.18023671334445,185000.0,13700,190000,Ahead,Interstate,True,89.33738648607049,174
1741,11,5,,SD,R,51.847,,"OCEANSIDE, CALIFORNIA STREET",-117.35754779242484,33.18477072843984,185000.0,14300,200000,Ahead,Interstate,True,89.33738648607049,174
1743,11,5,,SD,R,52.298,,"OCEANSIDE, OCEANSIDE BOULEVARD",-117.36202719308008,33.19014144440216,185000.0,14200,190000,Ahead,Interstate,True,89.33738648607049,174
2101,11,805,,SD,,14.641,,"SAN DIEGO, JCT. RTE. 15",-117.11151492068936,32.73222461739444,185000.0,14400,190000,Ahead,Interstate,True,89.33738648607049,174
2127,11,805,,SD,,25.476,,"SAN DIEGO, NOBEL DRIVE",-117.19492360531264,32.86990749197414,185000.0,14800,200000,Ahead,Interstate,True,89.33738648607049,174
2129,11,805,,SD,,25.935,,"SAN DIEGO, MIRAMAR ROAD",-117.1992279880994,32.87529835999172,185000.0,14600,200000,Ahead,Interstate,True,89.33738648607049,174
2135,11,805,,SD,,3.654,,"CHULA VISTA, AUTO PARKWAY DRIVE/MAIN STREET",-117.03612036363388,32.594658527647844,185000.0,13400,190000,Ahead,Interstate,True,89.33738648607049,174
2308,11,8,,SD,,0.946,,HOTEL CIRCLE/TAYLOR STREET,-117.1883276328125,32.75968053819438,185000.0,14400,200000,Ahead,State,True,89.33738648607049,174
2338,11,8,,SD,,2.41,,"SAN DIEGO, JCT. RTE. 163",-117.16378119192846,32.762335186376355,185000.0,14800,193000,Ahead,State,True,89.33738648607049,174
2426,11,94,,SD,,5.14,,"SAN DIEGO, EUCLID AVENUE",-117.08498764070492,32.717898567168255,185000.0,14800,188000,Ahead,State,True,89.33738648607049,174
1432,11,15,,SD,M,4.663,,"SAN DIEGO, UNIVERSITY AVENUE",-117.10859320502502,32.749693049709414,182500.0,17500,188000,Back,Interstate,True,88.79098045251655,200
1646,11,5,,SD,R,14.74,,J STREET,-117.14753059837017,32.70940356426472,182500.0,14200,188000,Back,Interstate,True,88.79098045251655,200
1684,11,5,,SD,R,25.947,,JCT. RTE. 52 EAST,-117.23441739448353,32.83751428593371,182500.0,15800,200000,Back,Interstate,True,88.79098045251655,200
1686,11,5,,SD,R,26.79,,"SAN DIEGO, GILMAN DRIVE",-117.23516453139018,32.849292388039515,182500.0,13500,185000,Back,Interstate,True,88.79098045251655,200
2332,11,8,,SD,,17.36,,"EL CAJON, JCT. RTE. 54 SOUTH",-116.93579591352713,32.80295415207987,182500.0,17100,210000,Back,State,True,88.79098045251655,200
2414,11,94,,SD,,3.172,,"SAN DIEGO, JCT. RTE. 15",-117.11815505796213,32.71635733935544,182500.0,16800,185000,Back,State,True,88.79098045251655,200
1644,11,5,,SD,R,14.077,,"SAN DIEGO, JCT. RTE. 75 SOUTH",-117.14296417881165,32.701538092796206,182500.0,14200,188000,Ahead,Interstate,True,88.79098045251655,200
1684,11,5,,SD,R,25.947,,JCT. RTE. 52 EAST,-117.23441739448353,32.83751428593371,182500.0,13500,185000,Ahead,Interstate,True,88.79098045251655,200
2330,11,8,,SD,,16.467,,"EL CAJON, MOLLISON AVENUE",-116.9511234575883,32.802958958847285,182500.0,17100,233000,Ahead,State,True,88.79098045251655,200
2404,11,94,,SD,,2.675,,"SAN DIEGO, 32ND STREET",-117.12620550441686,32.714586863617406,182500.0,16800,185000,Ahead,State,True,88.79098045251655,200
1434,11,15,,SD,M,5.042,,"SAN DIEGO, EL CAJON BOULEVARD",-117.1086105847308,32.75525093611292,180000.0,14500,198000,Back,Interstate,True,88.08680929659843,210
1644,11,5,,SD,R,14.077,,"SAN DIEGO, JCT. RTE. 75 SOUTH",-117.14296417881165,32.701538092796206,180000.0,14100,183000,Back,Interstate,True,88.08680929659843,210
1664,11,5,,SD,R,17.53,,PACIFIC HIGHWAY VIADUCT,-117.17369581237935,32.73418807226148,180000.0,14300,193000,Back,Interstate,True,88.08680929659843,210
1775,11,5,,SD,,7.812,,"CHULA VISTA, H STREET",-117.09576840687126,32.62921903025269,180000.0,15000,190000,Back,Interstate,True,88.08680929659843,210
2135,11,805,,SD,,3.654,,"CHULA VISTA, AUTO PARKWAY DRIVE/MAIN STREET",-117.03612036363388,32.594658527647844,180000.0,13400,183000,Back,Interstate,True,88.08680929659843,210
1432,11,15,,SD,M,4.663,,"SAN DIEGO, UNIVERSITY AVENUE",-117.10859320502502,32.749693049709414,180000.0,14500,198000,Ahead,Interstate,True,88.08680929659843,210
1642,11,5,,SD,R,13.386,,"SAN DIEGO, 28TH STREET",-117.13382214364108,32.695130125025166,180000.0,14100,183000,Ahead,Interstate,True,88.08680929659843,210
1662,11,5,,SD,R,17.25,,"SAN DIEGO, INDIA/SASSAFRAS STREETS",-117.17088231675726,32.73098089705641,180000.0,14300,193000,Ahead,Interstate,True,88.08680929659843,210
1773,11,5,,SD,,7.3,,"CHULA VISTA, J STREET",-117.09301465640212,32.622148059462276,180000.0,15000,190000,Ahead,Interstate,True,88.08680929659843,210
2113,11,805,,SD,,2.897,,"SAN DIEGO, PALM AVENUE",-117.03686654922464,32.583802477730295,180000.0,13400,183000,Ahead,Interstate,True,88.08680929659843,210
1436,11,15,,SD,M,5.6,,"SAN DIEGO, ADAMS AVENUE",-117.10912378865936,32.76330495307165,177500.0,14400,195000,Back,Interstate,True,87.55194705248577,220
1444,11,15,,SD,R,28.765,,CITRACADO PARKWAY,-117.08221116465567,33.09220641325553,177500.0,13500,190000,Back,Interstate,True,87.55194705248577,220
1672,11,5,,SD,R,20.056,,JCT. RTE. 8/CAMINO DEL RIO,-117.2037297082962,32.75911721830253,177500.0,14000,188000,Back,Interstate,True,87.55194705248577,220
1434,11,15,,SD,M,5.042,,"SAN DIEGO, EL CAJON BOULEVARD",-117.1086105847308,32.75525093611292,177500.0,14400,195000,Ahead,Interstate,True,87.55194705248577,220
1400,11,15,,SD,M,12.002,,ROUTE 15S HOV LANES,-117.11074560617499,32.86192408020834,175000.0,13500,178000,Back,Interstate,True,87.14791442204094,224
1442,11,15,,SD,R,10.58,,JCT. RTE. 52,-117.12040133575427,32.84193228797357,175000.0,13500,178000,Back,Interstate,True,87.14791442204094,224
1642,11,5,,SD,R,13.386,,"SAN DIEGO, 28TH STREET",-117.13382214364108,32.695130125025166,175000.0,13600,183000,Back,Interstate,True,87.14791442204094,224
1749,11,5,,SD,R,54.39,,HARBOR DRIVE/VANDERGRIFT,-117.38714216692767,33.21047262504406,175000.0,13500,178000,Back,Interstate,True,87.14791442204094,224
1773,11,5,,SD,,7.3,,"CHULA VISTA, J STREET",-117.09301465640212,32.622148059462276,175000.0,15000,178000,Back,Interstate,True,87.14791442204094,224
2416,11,94,,SD,,3.63,,"SAN DIEGO, HOME AVENUE",-117.1104443938737,32.71811101958428,175000.0,16600,175000,Back,State,True,87.14791442204094,224
2432,11,94,,SD,,6.161,,"SAN DIEGO, FEDERAL BOULEVARD",-117.07126029440543,32.72713289564443,175000.0,15200,178000,Back,State,True,87.14791442204094,224
1670,11,5,,SD,R,19.033,,"SAN DIEGO, OLD TOWN AVENUE",-117.19334288212801,32.74774659606412,175000.0,12800,180000,Ahead,Interstate,True,87.14791442204094,224
1672,11,5,,SD,R,20.056,,JCT. RTE. 8/CAMINO DEL RIO,-117.2037297082962,32.75911721830253,175000.0,17100,185000,Ahead,Interstate,True,87.14791442204094,224
1771,11,5,,SD,,6.807,,"CHULA VISTA, L STREET",-117.09113745593604,32.615201311625555,175000.0,15000,178000,Ahead,Interstate,True,87.14791442204094,224
2314,11,8,,SD,,11.101,,"LA MESA, EL CAJON BOULEVARD",-117.0216637793598,32.77085943217318,175000.0,15100,178000,Ahead,State,True,87.14791442204094,224
2414,11,94,,SD,,3.172,,"SAN DIEGO, JCT. RTE. 15",-117.11815505796213,32.71635733935544,175000.0,16600,175000,Ahead,State,True,87.14791442204094,224
2428,11,94,,SD,,5.789,,56TH STREET/ KELTON ROAD,-117.07613787241206,32.72363291794248,175000.0,15200,178000,Ahead,State,True,87.14791442204094,224
1370,11,125,,SD,,14.738,,LEMON AVENUE,-117.00198798059006,32.76826743572716,172500.0,12700,175000,Back,State,True,86.7169462828998,237
1513,11,163,,SD,,5.792,,"SAN DIEGO, GENESEE AVENUE",-117.15898521688227,32.791580502302914,172500.0,15600,183000,Back,State,True,86.7169462828998,237
2428,11,94,,SD,,5.789,,56TH STREET/ KELTON ROAD,-117.07613787241206,32.72363291794248,172500.0,14200,178000,Back,State,True,86.7169462828998,237
1446,11,15,,SD,R,3.367,,JCT. RTE. 805,-117.11148190670436,32.73205030253816,172500.0,13800,178000,Ahead,Interstate,True,86.7169462828998,237
1511,11,163,,SD,,4.371,,FRIARS ROAD,-117.16119580101488,32.7716389106919,172500.0,22300,188000,Ahead,State,True,86.7169462828998,237
1364,11,125,,SD,R,15.094,,"LA MESA, GROSSMONT BOULEVARD",-117.00218259520646,32.77338407758362,170000.0,14000,170000,Back,State,True,86.37063259966138,242
2328,11,8,,SD,,15.8,,"EL CAJON, JCT. RTE. 67 NORTH",-116.96260107386999,32.80294323378526,170000.0,13200,175000,Back,State,True,86.37063259966138,242
2342,11,8,,SD,,3.902,,"SAN DIEGO, TEXAS STREET",-117.13975276275637,32.769846626372086,170000.0,15900,193000,Back,State,True,86.37063259966138,242
1370,11,125,,SD,,14.738,,LEMON AVENUE,-117.00198798059006,32.76826743572716,170000.0,14000,170000,Ahead,State,True,86.37063259966138,242
2326,11,8,,SD,,15.3,,"EL CAJON, JOHNSON AVENUE",-116.97113310175864,32.802730738286165,170000.0,13200,175000,Ahead,State,True,86.37063259966138,242
2336,11,8,,SD,,2.23,,"SAN DIEGO, HOTEL CIRCLE",-117.16656797255233,32.761202768925166,170000.0,13500,178000,Ahead,State,True,86.37063259966138,242
2340,11,8,,SD,,3.04,,"SAN DIEGO, MISSION CENTER ROAD",-117.15373972846116,32.76533421305532,170000.0,15900,193000,Ahead,State,True,86.37063259966138,242
2344,11,8,,SD,,4.378,,"SAN DIEGO, JCT. RTE. 805",-117.13179354650693,32.771740882316635,167500.0,13700,175000,Back,State,True,85.91272895182391,249
1646,11,5,,SD,R,14.74,,J STREET,-117.14753059837017,32.70940356426472,167500.0,15600,180000,Ahead,Interstate,True,85.91272895182391,249
2342,11,8,,SD,,3.902,,"SAN DIEGO, TEXAS STREET",-117.13975276275637,32.769846626372086,167500.0,15800,175000,Ahead,State,True,85.91272895182391,249
1402,11,15,,SD,M,12.124,,JCT. RTE. 163,-117.11003724055603,32.86359180573941,165000.0,12800,168000,Back,Interstate,True,85.53178390026166,252
1747,11,5,,SD,R,53.932,,JCT. RTE. 76,-117.38308580719423,33.204859930509905,165000.0,12500,178000,Back,Interstate,True,85.53178390026166,252
1767,11,5,,SD,,5.404,,"SAN DIEGO, MAIN STREET",-117.08865892501541,32.59493576800619,165000.0,13400,168000,Back,Interstate,True,85.53178390026166,252
1769,11,5,,SD,,6.056,,"CHULA VISTA, PALOMAR STREET",-117.08986907158577,32.60435615070527,165000.0,14000,168000,Back,Interstate,True,85.53178390026166,252
1963,11,78,,SD,,12.911,,"SAN MARCOS, TWIN OAKS VALLEY ROAD",-117.16365864735066,33.13705719406073,165000.0,10900,180000,Back,State,True,85.53178390026166,252
1965,11,78,,SD,,14.241,,"SAN MARCOS, WOODLAND PARKWAY",-117.14131320557517,33.13866187945612,165000.0,12600,180000,Back,State,True,85.53178390026166,252
1967,11,78,,SD,,15.486,,NORDAHL ROAD,-117.12152597977757,33.1320188033152,165000.0,11000,178000,Back,State,True,85.53178390026166,252
2338,11,8,,SD,,2.41,,"SAN DIEGO, JCT. RTE. 163",-117.16378119192846,32.762335186376355,165000.0,13000,173000,Back,State,True,85.53178390026166,252
1400,11,15,,SD,M,12.002,,ROUTE 15S HOV LANES,-117.11074560617499,32.86192408020834,165000.0,12800,168000,Ahead,Interstate,True,85.53178390026166,252
1767,11,5,,SD,,5.404,,"SAN DIEGO, MAIN STREET",-117.08865892501541,32.59493576800619,165000.0,14000,168000,Ahead,Interstate,True,85.53178390026166,252
1961,11,78,,SD,,12.134,,"SAN MARCOS, SAN MARCOS BOULEVARD",-117.17697707154964,33.13795692351511,165000.0,10900,180000,Ahead,State,True,85.53178390026166,252
1963,11,78,,SD,,12.911,,"SAN MARCOS, TWIN OAKS VALLEY ROAD",-117.16365864735066,33.13705719406073,165000.0,12600,180000,Ahead,State,True,85.53178390026166,252
1965,11,78,,SD,,14.241,,"SAN MARCOS, WOODLAND PARKWAY",-117.14131320557517,33.13866187945612,165000.0,11000,178000,Ahead,State,True,85.53178390026166,252
1680,11,5,,SD,R,23.476,,"SAN DIEGO, BALBOA AVENUE",-117.21553434907054,32.80659082548145,162500.0,13600,168000,Back,Interstate,True,85.1700784977682,265
1688,11,5,,SD,R,28.159,,"SAN DIEGO, NOBEL DRIVE",-117.2294495510622,32.8682454399413,162500.0,12200,168000,Back,Interstate,True,85.1700784977682,265
1771,11,5,,SD,,6.807,,"CHULA VISTA, L STREET",-117.09113745593604,32.615201311625555,162500.0,13900,173000,Back,Interstate,True,85.1700784977682,265
2316,11,8,,SD,,11.764,,JACKSON DRIVE,-117.01116468354404,32.774812294290996,162500.0,14000,168000,Back,State,True,85.1700784977682,265
2420,11,94,,SD,,4.086,,"SAN DIEGO, JCT. RTE. 805",-117.10277108083648,32.71895509460888,162500.0,15500,165000,Back,State,True,85.1700784977682,265
2442,11,94,,SD,,7.292,,COLLEGE GROVE WAY,-117.05586082223948,32.73672014699517,162500.0,14000,178000,Back,State,True,85.1700784977682,265
2444,11,94,,SD,,7.758,,COLLEGE AVENUE,-117.05066256993096,32.741698847270555,162500.0,14000,178000,Back,State,True,85.1700784977682,265
1640,11,5,,SD,R,12.647,,JCT. RTE. 15 NORTH,-117.12166941467729,32.69301074922672,162500.0,12300,175000,Ahead,Interstate,True,85.1700784977682,265
1678,11,5,,SD,R,22.872,,"SAN DIEGO, DE ANZA ROAD",-117.21052894529058,32.79877250723656,162500.0,13600,168000,Ahead,Interstate,True,85.1700784977682,265
1686,11,5,,SD,R,26.79,,"SAN DIEGO, GILMAN DRIVE",-117.23516453139018,32.849292388039515,162500.0,12200,168000,Ahead,Interstate,True,85.1700784977682,265
1692,11,5,,SD,R,29.463,,"SAN DIEGO, GENESEE AVENUE",-117.22762652170273,32.88706522329261,162500.0,11700,170000,Ahead,Interstate,True,85.1700784977682,265
1769,11,5,,SD,,6.056,,"CHULA VISTA, PALOMAR STREET",-117.08986907158577,32.60435615070527,162500.0,13900,173000,Ahead,Interstate,True,85.1700784977682,265
2416,11,94,,SD,,3.63,,"SAN DIEGO, HOME AVENUE",-117.1104443938737,32.71811101958428,162500.0,15500,165000,Ahead,State,True,85.1700784977682,265
2432,11,94,,SD,,6.161,,"SAN DIEGO, FEDERAL BOULEVARD",-117.07126029440543,32.72713289564443,162500.0,14000,178000,Ahead,State,True,85.1700784977682,265
2442,11,94,,SD,,7.292,,COLLEGE GROVE WAY,-117.05586082223948,32.73672014699517,162500.0,14000,178000,Ahead,State,True,85.1700784977682,265
1648,11,5,,SD,R,15.036,,"SAN DIEGO, JCT. RTE. 94",-117.14755559938283,32.71369920035129,160000.0,13000,168000,Back,Interstate,True,84.75065414806834,280
2133,11,805,,SD,,28.502,,JCT. RTE. 5,-117.22375575211036,32.90436852016261,160000.0,12200,168000,Back,Interstate,True,84.75065414806834,280
2334,11,8,,SD,,17.829,,"EL CAJON, EAST MAIN STREET",-116.92785892429276,32.802941163386514,160000.0,15400,203000,Back,State,True,84.75065414806834,280
2332,11,8,,SD,,17.36,,"EL CAJON, JCT. RTE. 54 SOUTH",-116.93579591352713,32.80295415207987,160000.0,15400,203000,Ahead,State,True,84.75065414806834,280
1366,11,125,,SD,R,15.409,,JCT. RTE. 8,-117.00358007375127,32.777784617532596,157500.0,12800,160000,Back,State,True,84.30429428967216,284
1480,11,15,,SD,R,9.995,,CLAIREMONT MESA BOULEVARD,-117.11883858157023,32.83374750718455,157500.0,12800,170000,Back,Interstate,True,84.30429428967216,284
1658,11,5,,SD,R,16.912,,"SAN DIEGO, HAWTHORN STREET",-117.16731791759256,32.72696075106516,157500.0,12000,165000,Back,Interstate,True,84.30429428967216,284
1692,11,5,,SD,R,29.463,,"SAN DIEGO, GENESEE AVENUE",-117.22762652170273,32.88706522329261,157500.0,11400,165000,Back,Interstate,True,84.30429428967216,284
1929,11,78,,SD,R,16.539,,"ESCONDIDO, JCT. RTE. 15",-117.10487166895753,33.1269187232735,157500.0,11900,168000,Back,State,True,84.30429428967216,284
2308,11,8,,SD,,0.946,,HOTEL CIRCLE/TAYLOR STREET,-117.1883276328125,32.75968053819438,157500.0,12700,173000,Back,State,True,84.30429428967216,284
1364,11,125,,SD,R,15.094,,"LA MESA, GROSSMONT BOULEVARD",-117.00218259520646,32.77338407758362,157500.0,12800,160000,Ahead,State,True,84.30429428967216,284
1656,11,5,,SD,R,16.589,,"SAN DIEGO, FIRST AVENUE",-117.16390459349904,32.723489265677784,157500.0,12000,165000,Ahead,Interstate,True,84.30429428967216,284
1690,11,5,,SD,R,28.428,,"SAN DIEGO, LA JOLLA DRIVE",-117.22905999753759,32.87213579457622,157500.0,11400,165000,Ahead,Interstate,True,84.30429428967216,284
1967,11,78,,SD,,15.486,,NORDAHL ROAD,-117.12152597977757,33.1320188033152,157500.0,11600,165000,Ahead,State,True,84.30429428967216,284
2131,11,805,,SD,,27.067,,"SAN DIEGO, MIRA MESA BOULEVARD",-117.20588604137215,32.89055495827775,157500.0,13000,165000,Ahead,Interstate,True,84.30429428967216,284
2268,11,8,,SD,R,0.364,,"SAN DIEGO, MORENA BOULEVARD",-117.19814348709116,32.760057167610725,157500.0,13100,173000,Ahead,State,True,84.30429428967216,284
2113,11,805,,SD,,2.897,,"SAN DIEGO, PALM AVENUE",-117.03686654922464,32.583802477730295,155000.0,24000,173000,Back,Interstate,True,83.80021548406957,296
2324,11,8,,SD,,14.594,,WEST MAIN STREET,-116.97713123735235,32.794869704519854,155000.0,13200,165000,Back,State,True,83.80021548406957,296
2087,11,805,,SD,,1.805,,"SAN DIEGO, JCT. RTE. 905",-117.04046841801818,32.568071981049194,155000.0,24000,173000,Ahead,Interstate,True,83.80021548406957,296
2322,11,8,,SD,,13.658,,"EL CAJON, EL CAJON BOULEVARD",-116.98133783402886,32.78213780047486,155000.0,13200,165000,Ahead,State,True,83.80021548406957,296
1460,11,15,,SD,R,40.842,,GOPHER CANYON ROAD,-117.15553434949811,33.25264452176045,152500.0,12500,163000,Back,Interstate,True,83.36155148530091,300
1515,11,163,,SD,,6.54,,"SAN DIEGO, MESA COLLEGE DRIVE",-117.15521646895671,32.8019104756001,152500.0,13700,163000,Back,State,True,83.36155148530091,300
1666,11,5,,SD,R,17.77,,"SAN DIEGO, SASSAFRAS STREET",-117.17616085958754,32.73701059816161,152500.0,11900,158000,Back,Interstate,True,83.36155148530091,300
1745,11,5,,SD,R,53.43,,MISSION AVENUE,-117.37533483480073,33.20153138127473,152500.0,11200,158000,Back,Interstate,True,83.36155148530091,300
1755,11,5,,SD,R,72.281,,CHRISTIANITOS ROAD,-117.59293138889367,33.395398374736445,152500.0,12400,158000,Back,Interstate,True,83.36155148530091,300
1757,11,5,,SD,R,72.367,,SAN DIEGO/ORANGE COUNTY LINE,-117.59362916247714,33.39650070106985,152500.0,12400,158000,Back,Interstate,True,83.36155148530091,300
1779,11,5,,SD,,9.396,,JCT. RTE. 54,-117.10411360853702,32.651258619282316,152500.0,13100,175000,Back,Interstate,True,83.36155148530091,300
1452,11,15,,SD,R,31.517,,JCT. RTE. 78,-117.10468728705052,33.1271114056662,152500.0,20900,158000,Ahead,Interstate,True,83.36155148530091,300
1513,11,163,,SD,,5.792,,"SAN DIEGO, GENESEE AVENUE",-117.15898521688227,32.791580502302914,152500.0,13700,163000,Ahead,State,True,83.36155148530091,300
1745,11,5,,SD,R,53.43,,MISSION AVENUE,-117.37533483480073,33.20153138127473,152500.0,11700,160000,Ahead,Interstate,True,83.36155148530091,300
1753,11,5,,SD,R,71.377,,BASILONE ROAD,-117.58308648399704,33.385620010355304,152500.0,12400,158000,Ahead,Interstate,True,83.36155148530091,300
1755,11,5,,SD,R,72.281,,CHRISTIANITOS ROAD,-117.59293138889367,33.395398374736445,152500.0,12400,158000,Ahead,Interstate,True,83.36155148530091,300
1777,11,5,,SD,,8.562,,E STREET,-117.09989691389843,32.639543546571204,152500.0,13100,175000,Ahead,Interstate,True,83.36155148530091,300
1454,11,15,,SD,R,32.861,,"ESCONDIDO, EL NORTE PARKWAY",-117.10434692976239,33.14648026489586,150000.0,11900,155000,Back,Interstate,True,82.81899338156073,313
1468,11,15,,SD,R,54.07,,RAINBOW VALLEY BOULEVARD,-117.14538209680683,33.430472249821314,150000.0,12300,158000,Back,Interstate,True,82.81899338156073,313
1486,11,163,,SD,R,10.837,,"SAN DIEGO, KEARNEY VILLA ROAD",-117.11910202420539,32.85482248090355,150000.0,14100,160000,Back,State,True,82.81899338156073,313
1509,11,163,,SD,,3.742,,"SAN DIEGO, JCT. RTE. 8",-117.16333841412155,32.76265466908263,150000.0,12200,158000,Back,State,True,82.81899338156073,313
1668,11,5,,SD,R,18.283,,"SAN DIEGO, WASHINGTON STREET",-117.18205033316787,32.742407489088386,150000.0,12100,153000,Back,Interstate,True,82.81899338156073,313
2450,11,94,,SD,,8.983,,LEMON GROVE AVENUE,-117.03118078210974,32.74623493742864,150000.0,11600,155000,Back,State,True,82.81899338156073,313
1436,11,15,,SD,M,5.6,,"SAN DIEGO, ADAMS AVENUE",-117.10912378865936,32.76330495307165,150000.0,10400,168000,Ahead,Interstate,True,82.81899338156073,313
1468,11,15,,SD,R,54.07,,RAINBOW VALLEY BOULEVARD,-117.14538209680683,33.430472249821314,150000.0,12100,155000,Ahead,Interstate,True,82.81899338156073,313
1507,11,163,,SD,,2.984,,"SAN DIEGO, SIXTH STREET",-117.15767654309153,32.7531309339374,150000.0,12200,158000,Ahead,State,True,82.81899338156073,313
1666,11,5,,SD,R,17.77,,"SAN DIEGO, SASSAFRAS STREET",-117.17616085958754,32.73701059816161,150000.0,12100,153000,Ahead,Interstate,True,82.81899338156073,313
2448,11,94,,SD,,8.765,,WAITE DRIVE,-117.0346199579205,32.7453193646291,150000.0,11600,178000,Ahead,State,True,82.81899338156073,313
1386,11,125,,SD,,9.898,,JAMACHA BOULEVARD/PARADISE VALLEY ROAD,-117.01075343121373,32.70456206887835,147500.0,13400,150000,Back,State,True,82.33030629521318,324
1682,11,5,,SD,R,23.93,,"SAN DIEGO, MISSION BAY DRIVE",-117.22009610188114,32.812231514589726,147500.0,12700,153000,Back,Interstate,True,82.33030629521318,324
1751,11,5,,SD,R,62.078,,LAS PULGAS ROAD,-117.46436182036611,33.29878358737807,147500.0,12400,160000,Back,Interstate,True,82.33030629521318,324
1765,11,5,,SD,,4.632,,JCT. RTE. 75 WEST,-117.08726191449286,32.58384410479213,147500.0,11100,155000,Back,Interstate,True,82.33030629521318,324
2402,11,94,,SD,,2.214,,28TH STREET,-117.13399339577194,32.71313294434072,147500.0,13500,148000,Back,State,True,82.33030629521318,324
2448,11,94,,SD,,8.765,,WAITE DRIVE,-117.0346199579205,32.7453193646291,147500.0,13000,178000,Back,State,True,82.33030629521318,324
1464,11,15,,SD,R,46.491,,JCT. RTE. 76,-117.15910095043357,33.33139744062243,147500.0,14000,153000,Ahead,Interstate,True,82.33030629521318,324
1680,11,5,,SD,R,23.476,,"SAN DIEGO, BALBOA AVENUE",-117.21553434907054,32.80659082548145,147500.0,12700,153000,Ahead,Interstate,True,82.33030629521318,324
1747,11,5,,SD,R,53.932,,JCT. RTE. 76,-117.38308580719423,33.204859930509905,147500.0,11500,150000,Ahead,Interstate,True,82.33030629521318,324
1763,11,5,,SD,,4.042,,"SAN DIEGO, CORONADO AVENUE",-117.08229699059623,32.57649752112545,147500.0,11100,155000,Ahead,Interstate,True,82.33030629521318,324
1765,11,5,,SD,,4.632,,JCT. RTE. 75 WEST,-117.08726191449286,32.58384410479213,147500.0,12700,158000,Ahead,Interstate,True,82.33030629521318,324
2392,11,94,,SD,,1.848,,25TH STREET,-117.14030866181375,32.713096731726885,147500.0,13500,148000,Ahead,State,True,82.33030629521318,324
2446,11,94,,SD,,8.274,,MASSACHUSETTS AVENUE,-117.04301237952915,32.74473696660951,147500.0,13000,178000,Ahead,State,True,82.33030629521318,324
1462,11,15,,SD,R,43.279,,ESCONDIDO HIGHWAY,-117.14940371329831,33.28614153275209,145000.0,11400,150000,Back,Interstate,True,81.83392334923812,337
1464,11,15,,SD,R,46.491,,JCT. RTE. 76,-117.15910095043357,33.33139744062243,145000.0,11500,160000,Back,Interstate,True,81.83392334923812,337
1470,11,15,,SD,R,54.258,,SAN DIEGO/RIVERSIDE COUNTY LINE,-117.14316022534264,33.43256324947649,145000.0,11300,155000,Back,Interstate,True,81.83392334923812,337
1472,11,15,,SD,R,6.132,,JCT. RTE. 8,-117.1122378066766,32.778656962975894,145000.0,10000,148000,Back,Interstate,True,81.83392334923812,337
1753,11,5,,SD,R,71.377,,BASILONE ROAD,-117.58308648399704,33.385620010355304,145000.0,12000,160000,Back,Interstate,True,81.83392334923812,337
1442,11,15,,SD,R,10.58,,JCT. RTE. 52,-117.12040133575427,32.84193228797357,145000.0,12800,165000,Ahead,Interstate,True,81.83392334923812,337
1458,11,15,,SD,R,36.636,,DEER SPRINGS ROAD,-117.12559579357901,33.19737106081479,145000.0,12200,155000,Ahead,Interstate,True,81.83392334923812,337
1460,11,15,,SD,R,40.842,,GOPHER CANYON ROAD,-117.15553434949811,33.25264452176045,145000.0,11400,150000,Ahead,Interstate,True,81.83392334923812,337
1480,11,15,,SD,R,9.995,,CLAIREMONT MESA BOULEVARD,-117.11883858157023,32.83374750718455,145000.0,11500,158000,Ahead,Interstate,True,81.83392334923812,337
1751,11,5,,SD,R,62.078,,LAS PULGAS ROAD,-117.46436182036611,33.29878358737807,145000.0,12000,160000,Ahead,Interstate,True,81.83392334923812,337
1511,11,163,,SD,,4.371,,FRIARS ROAD,-117.16119580101488,32.7716389106919,142500.0,11200,145000,Back,State,True,81.5453286132061,347
1600,11,54,,SD,,2.968,,REO DRIVE,-117.05740926626103,32.66408888629877,142500.0,10800,145000,Back,State,True,81.5453286132061,347
1690,11,5,,SD,R,28.428,,"SAN DIEGO, LA JOLLA DRIVE",-117.22905999753759,32.87213579457622,142500.0,10700,148000,Back,Interstate,True,81.5453286132061,347
2404,11,94,,SD,,2.675,,"SAN DIEGO, 32ND STREET",-117.12620550441686,32.714586863617406,142500.0,13300,155000,Back,State,True,81.5453286132061,347
1509,11,163,,SD,,3.742,,"SAN DIEGO, JCT. RTE. 8",-117.16333841412155,32.76265466908263,142500.0,11200,145000,Ahead,State,True,81.5453286132061,347
1688,11,5,,SD,R,28.159,,"SAN DIEGO, NOBEL DRIVE",-117.2294495510622,32.8682454399413,142500.0,10700,148000,Ahead,Interstate,True,81.5453286132061,347
2402,11,94,,SD,,2.214,,28TH STREET,-117.13399339577194,32.71313294434072,142500.0,12400,148000,Ahead,State,True,81.5453286132061,347
1458,11,15,,SD,R,36.636,,DEER SPRINGS ROAD,-117.12559579357901,33.19737106081479,140000.0,11000,145000,Back,Interstate,True,81.14514391257504,354
1517,11,163,,SD,,7.043,,"SAN DIEGO, JCT. RTE. 805",-117.15279396596037,32.80869915456333,140000.0,12700,148000,Back,State,True,81.14514391257504,354
1957,11,78,,SD,,10.606,,"SAN MARCOS,RANCHO SANTA FE",-117.19836666993025,33.15007530002818,140000.0,11500,155000,Back,State,True,81.14514391257504,354
1959,11,78,,SD,,11.183,,"SAN MARCOS, LAS POSAS ROAD",-117.191358422817,33.144050964639284,140000.0,11400,160000,Back,State,True,81.14514391257504,354
2310,11,8,,SD,,10.57,,FLETCHER PARKWAY,-117.03008248567369,32.773290535709094,140000.0,11200,143000,Back,State,True,81.14514391257504,354
2380,11,94,,SD,R,10.461,R,"JCT. RTE. 125, RIGHT ALIGN",-117.01027238158244,32.75330915725968,140000.0,11300,145000,Back,State,True,81.14514391257504,354
2446,11,94,,SD,,8.274,,MASSACHUSETTS AVENUE,-117.04301237952915,32.74473696660951,140000.0,11600,178000,Back,State,True,81.14514391257504,354
1456,11,15,,SD,R,33.922,,CENTRE CITY PARKWAY,-117.10509826269974,33.161196090698255,140000.0,11000,145000,Ahead,Interstate,True,81.14514391257504,354
1515,11,163,,SD,,6.54,,"SAN DIEGO, MESA COLLEGE DRIVE",-117.15521646895671,32.8019104756001,140000.0,12700,148000,Ahead,State,True,81.14514391257504,354
1598,11,54,,SD,,1.88,,JCT. RTE. 805,-117.07436291280173,32.65822858988033,140000.0,11400,148000,Ahead,State,True,81.14514391257504,354
1664,11,5,,SD,R,17.53,,PACIFIC HIGHWAY VIADUCT,-117.17369581237935,32.73418807226148,140000.0,11400,158000,Ahead,Interstate,True,81.14514391257504,354
1957,11,78,,SD,,10.606,,"SAN MARCOS,RANCHO SANTA FE",-117.19836666993025,33.15007530002818,140000.0,11500,155000,Ahead,State,True,81.14514391257504,354
2354,11,8,,SD,,9.591,,"LA MESA, LAKE MURRAY BOULEVARD",-117.04606132448552,32.77412542843294,140000.0,11200,143000,Ahead,State,True,81.14514391257504,354
2444,11,94,,SD,,7.758,,COLLEGE AVENUE,-117.05066256993096,32.741698847270555,140000.0,11600,178000,Ahead,State,True,81.14514391257504,354
1961,11,78,,SD,,12.134,,"SAN MARCOS, SAN MARCOS BOULEVARD",-117.17697707154964,33.13795692351511,137500.0,9700,150000,Back,State,True,80.70263198399262,368
2452,11,94,,SD,,9.255,,GROVE STREET,-117.02670243787328,32.74704749993502,137500.0,12700,165000,Back,State,True,80.70263198399262,368
1462,11,15,,SD,R,43.279,,ESCONDIDO HIGHWAY,-117.14940371329831,33.28614153275209,137500.0,12700,158000,Ahead,Interstate,True,80.70263198399262,368
1482,11,15,,SD,,1.846,,"SAN DIEGO, MARKET STREET",-117.1187997114679,32.711646531854115,137500.0,12200,165000,Ahead,Interstate,True,80.70263198399262,368
1749,11,5,,SD,R,54.39,,HARBOR DRIVE/VANDERGRIFT,-117.38714216692767,33.21047262504406,137500.0,14800,150000,Ahead,Interstate,True,80.70263198399262,368
1959,11,78,,SD,,11.183,,"SAN MARCOS, LAS POSAS ROAD",-117.191358422817,33.144050964639284,137500.0,9700,150000,Ahead,State,True,80.70263198399262,368
2450,11,94,,SD,,8.983,,LEMON GROVE AVENUE,-117.03118078210974,32.74623493742864,137500.0,12000,150000,Ahead,State,True,80.70263198399262,368
2452,11,94,,SD,,9.255,,GROVE STREET,-117.02670243787328,32.74704749993502,137500.0,12700,165000,Ahead,State,True,80.70263198399262,368
1488,11,163,,SD,R,11.23,,JCT. RTE. 15S,-117.11351816736621,32.85761451629326,135000.0,13700,143000,Ahead,State,True,80.29090349392027,376
1456,11,15,,SD,R,33.922,,CENTRE CITY PARKWAY,-117.10509826269974,33.161196090698255,132500.0,10300,138000,Back,Interstate,True,79.93304602124057,377
1484,11,15,,SD,,2.226,,JCT. RTE. 94,-117.11781884550074,32.71684437623574,132500.0,11800,165000,Back,Interstate,True,79.93304602124057,377
1521,11,163,,SD,,8.807,,"SAN DIEGO, CLAIREMONT MESA BOULEVARD",-117.14089852257875,32.83232004533575,132500.0,12300,145000,Back,State,True,79.93304602124057,377
1523,11,163,,SD,,9.552,,JCT. RTE. 52,-117.13326279954461,32.84131624570326,132500.0,12400,145000,Back,State,True,79.93304602124057,377
1602,11,54,,SD,,4.207,,WOODMAN STREET,-117.03911005212086,32.67308931477339,132500.0,11100,143000,Back,State,True,79.93304602124057,377
1981,11,78,,SD,,3.315,,"OCEANSIDE, COLLEGE BOULEVARD",-117.29671946351544,33.1830384947677,132500.0,11100,150000,Back,State,True,79.93304602124057,377
1368,11,125,,SD,,10.622,,JAMACHA ROAD UNDERCROSSING,-117.0140166791626,32.71451264221776,132500.0,10300,135000,Ahead,State,True,79.93304602124057,377
1454,11,15,,SD,R,32.861,,"ESCONDIDO, EL NORTE PARKWAY",-117.10434692976239,33.14648026489586,132500.0,10300,138000,Ahead,Interstate,True,79.93304602124057,377
1466,11,15,,SD,R,50.585,,MISSION ROAD,-117.17449596156582,33.387193277599025,132500.0,10800,140000,Ahead,Interstate,True,79.93304602124057,377
1519,11,163,,SD,,8.01,,"SAN DIEGO, BALBOA AVENUE",-117.14658464632484,32.821800430179394,132500.0,12300,145000,Ahead,State,True,79.93304602124057,377
1521,11,163,,SD,,8.807,,"SAN DIEGO, CLAIREMONT MESA BOULEVARD",-117.14089852257875,32.83232004533575,132500.0,12400,145000,Ahead,State,True,79.93304602124057,377
1955,11,78,,SD,,1.498,,"OCEANSIDE, EL CAMINO REAL",-117.32692961697585,33.18158697346239,132500.0,10100,148000,Ahead,State,True,79.93304602124057,377
1604,11,54,,SD,,4.994,,BRIARWOOD ROAD,-117.02995063993946,32.68146884066244,130000.0,10800,135000,Back,State,True,79.55979682930582,389
1763,11,5,,SD,,4.042,,"SAN DIEGO, CORONADO AVENUE",-117.08229699059623,32.57649752112545,130000.0,10100,138000,Back,Interstate,True,79.55979682930582,389
2392,11,94,,SD,,1.848,,25TH STREET,-117.14030866181375,32.713096731726885,130000.0,11900,143000,Back,State,True,79.55979682930582,389
1602,11,54,,SD,,4.207,,WOODMAN STREET,-117.03911005212086,32.67308931477339,130000.0,11100,138000,Ahead,State,True,79.55979682930582,389
2390,11,94,,SD,,1.416,,"BEGIN RTE AT JCT RTE 5 and EB ON FRM """"G"""" ST / 17TH",-117.14767323107435,32.712775531675774,130000.0,11000,135000,Ahead,State,True,79.55979682930582,389
1446,11,15,,SD,R,3.367,,JCT. RTE. 805,-117.11148190670436,32.73205030253816,127500.0,11800,155000,Back,Interstate,True,79.24426658457749,394
1466,11,15,,SD,R,50.585,,MISSION ROAD,-117.17449596156582,33.387193277599025,127500.0,12900,135000,Back,Interstate,True,79.24426658457749,394
1519,11,163,,SD,,8.01,,"SAN DIEGO, BALBOA AVENUE",-117.14658464632484,32.821800430179394,127500.0,11900,140000,Back,State,True,79.24426658457749,394
2268,11,8,,SD,R,0.364,,"SAN DIEGO, MORENA BOULEVARD",-117.19814348709116,32.760057167610725,127500.0,10600,138000,Back,State,True,79.24426658457749,394
1484,11,15,,SD,,2.226,,JCT. RTE. 94,-117.11781884550074,32.71684437623574,127500.0,11800,155000,Ahead,Interstate,True,79.24426658457749,394
1517,11,163,,SD,,7.043,,"SAN DIEGO, JCT. RTE. 805",-117.15279396596037,32.80869915456333,127500.0,11900,140000,Ahead,State,True,79.24426658457749,394
1600,11,54,,SD,,2.968,,REO DRIVE,-117.05740926626103,32.66408888629877,127500.0,9900,133000,Ahead,State,True,79.24426658457749,394
2033,11,78,,SD,,9.083,,SYCAMORE AVENUE,-117.21475579718012,33.16698924792984,127500.0,10400,143000,Ahead,State,True,79.24426658457749,394
2266,11,8,,SD,L,2.379,,JCT RTE 5 LT LANES,-117.20399985505831,32.759105120671734,127500.0,10600,138000,Ahead,State,True,79.24426658457749,394
1598,11,54,,SD,,1.88,,JCT. RTE. 805,-117.07436291280173,32.65822858988033,125000.0,9900,128000,Back,State,True,78.79021086655379,403
2001,11,78,,SD,,4.384,,"VISTA, EMERALD DRIVE",-117.2795844650852,33.187883428831675,125000.0,9900,133000,Back,State,True,78.79021086655379,403
1981,11,78,,SD,,3.315,,"OCEANSIDE, COLLEGE BOULEVARD",-117.29671946351544,33.1830384947677,125000.0,9900,133000,Ahead,State,True,78.79021086655379,403
1490,11,163,,SD,R,11.662,,JCT. RTE. 15,-117.11056616140878,32.86263219290712,122500.0,12600,130000,Back,State,True,78.28997999076496,406
1955,11,78,,SD,,1.498,,"OCEANSIDE, EL CAMINO REAL",-117.32692961697585,33.18158697346239,122500.0,9500,138000,Back,State,True,78.28997999076496,406
2005,11,78,,SD,,5.944,,"VISTA, MELROSE DRIVE",-117.25436846580244,33.19455612857362,122500.0,9400,130000,Back,State,True,78.28997999076496,406
2025,11,78,,SD,,7.71,,"VISTA, MAR VISTA DRIVE",-117.23056030982622,33.181220386382016,122500.0,10800,143000,Back,State,True,78.28997999076496,406
1384,11,125,,SD,,9.587,,JCT RTE 54,-117.01136569506362,32.699764929639144,122500.0,10200,125000,Ahead,State,True,78.28997999076496,406
2001,11,78,,SD,,4.384,,"VISTA, EMERALD DRIVE",-117.2795844650852,33.187883428831675,122500.0,9900,130000,Ahead,State,True,78.28997999076496,406
2019,11,78,,SD,,6.94,,"VISTA, SUNSET DRIVE",-117.23953811050492,33.18908943626236,122500.0,10800,143000,Ahead,State,True,78.28997999076496,406
1507,11,163,,SD,,2.984,,"SAN DIEGO, SIXTH STREET",-117.15767654309153,32.7531309339374,120000.0,9400,123000,Back,State,True,77.74357395721103,413
2033,11,78,,SD,,9.083,,SYCAMORE AVENUE,-117.21475579718012,33.16698924792984,120000.0,10600,143000,Back,State,True,77.74357395721103,413
2312,11,8,,SD,,10.967,,SPRING STREET,-117.02371744667693,32.77087907784097,120000.0,9300,125000,Back,State,True,77.74357395721103,413
1505,11,163,,SD,,2.749,,"SAN DIEGO, WASHINGTON STREET",-117.155282118736,32.75040473235271,120000.0,9400,123000,Ahead,State,True,77.74357395721103,413
1761,11,5,,SD,,3.1,,"SAN DIEGO, JCT. RTE. 905",-117.07326731939638,32.565274024182834,120000.0,9500,130000,Ahead,Interstate,True,77.74357395721103,413
2025,11,78,,SD,,7.71,,"VISTA, MAR VISTA DRIVE",-117.23056030982622,33.181220386382016,120000.0,10600,143000,Ahead,State,True,77.74357395721103,413
2310,11,8,,SD,,10.57,,FLETCHER PARKWAY,-117.03008248567369,32.773290535709094,120000.0,9300,125000,Ahead,State,True,77.74357395721103,413
1482,11,15,,SD,,1.846,,"SAN DIEGO, MARKET STREET",-117.1187997114679,32.711646531854115,117500.0,9100,140000,Back,Interstate,True,77.22025550253963,420
2019,11,78,,SD,,6.94,,"VISTA, SUNSET DRIVE",-117.23953811050492,33.18908943626236,117500.0,10400,138000,Back,State,True,77.22025550253963,420
1438,11,15,,SD,R,0.588,,"SAN DIEGO, OCEANVIEW BOULEVARD",-117.12064741485328,32.7012689196911,117500.0,9100,140000,Ahead,Interstate,True,77.22025550253963,420
1953,11,78,,SD,,0.741,,"OCEANSIDE, JEFFERSON STREET",-117.33996271647769,33.18107331745873,117500.0,9400,128000,Ahead,State,True,77.22025550253963,420
2005,11,78,,SD,,5.944,,"VISTA, MELROSE DRIVE",-117.25436846580244,33.19455612857362,117500.0,10400,138000,Ahead,State,True,77.22025550253963,420
34,11,54,,SD,T,10.993,,JCT. RTE. 94,-116.94252854134152,32.73960282739887,115000.0,9500,118000,Back,State,True,76.72772048637833,425
1368,11,125,,SD,,10.622,,JAMACHA ROAD UNDERCROSSING,-117.0140166791626,32.71451264221776,112500.0,8400,115000,Back,State,True,76.26212097891334,426
1386,11,125,,SD,,9.898,,JAMACHA BOULEVARD/PARADISE VALLEY ROAD,-117.01075343121373,32.70456206887835,112500.0,8400,115000,Ahead,State,True,76.26212097891334,426
1523,11,163,,SD,,9.552,,JCT. RTE. 52,-117.13326279954461,32.84131624570326,112500.0,12900,148000,Ahead,State,True,76.26212097891334,426
1604,11,54,,SD,,4.994,,BRIARWOOD ROAD,-117.02995063993946,32.68146884066244,112500.0,9400,120000,Ahead,State,True,76.26212097891334,426
1488,11,163,,SD,R,11.23,,JCT. RTE. 15S,-117.11351816736621,32.85761451629326,110000.0,11600,115000,Back,State,True,75.73110666461443,430
1953,11,78,,SD,,0.741,,"OCEANSIDE, JEFFERSON STREET",-117.33996271647769,33.18107331745873,110000.0,8600,118000,Back,State,True,75.73110666461443,430
2270,11,8,,SD,R,18.727,,GREENFIELD DRIVE,-116.91718524000322,32.811575991414365,110000.0,6100,115000,Back,State,True,75.73110666461443,430
1486,11,163,,SD,R,10.837,,"SAN DIEGO, KEARNEY VILLA ROAD",-117.11910202420539,32.85482248090355,110000.0,11600,115000,Ahead,State,True,75.73110666461443,430
2334,11,8,,SD,,17.829,,"EL CAJON, EAST MAIN STREET",-116.92785892429276,32.802941163386514,110000.0,6100,115000,Ahead,State,True,75.73110666461443,430
1438,11,15,,SD,R,0.588,,"SAN DIEGO, OCEANVIEW BOULEVARD",-117.12064741485328,32.7012689196911,107500.0,9900,135000,Back,Interstate,True,75.32707403416961,435
1576,11,52,,SD,,8.713,,SANTO ROAD,-117.09734661207818,32.84115728919589,102500.0,8700,105000,Back,State,True,74.45744189625981,436
1699,11,5,,SD,R,31.155,L,END LEFT ALIGN,-117.22822430471025,32.910649427283516,102500.0,4100,115000,Back,Interstate,True,74.45744189625981,436
1697,11,5,,SD,R,30.682,L,"SAN DIEGO, NORTH JCT RTE 805",-117.22482071476115,32.90449916818108,102500.0,4100,115000,Ahead,Interstate,True,74.45744189625981,436
1372,11,125,,SD,,18.663,,"LA MESA, AMAYA DRIVE",-117.00618095790853,32.786799453072845,100000.0,8000,100000,Back,State,True,73.9841465291673,439
1785,11,67,,SD,R,1.118,,BRADLEY AVENUE,-116.9604856599535,32.81915599349338,100000.0,8300,103000,Back,State,True,73.9841465291673,439
1366,11,125,,SD,R,15.409,,JCT. RTE. 8,-117.00358007375127,32.777784617532596,100000.0,8000,100000,Ahead,State,True,73.9841465291673,439
1546,11,52,,SD,,0.324,,JCT. RTE. 5,-117.23445967189575,32.83749621963635,100000.0,14100,103000,Ahead,State,True,73.9841465291673,439
1574,11,52,,SD,,7.314,,JCT. RTE. 15,-117.12136116856733,32.84167446172669,100000.0,8500,110000,Ahead,State,True,73.9841465291673,439
1576,11,52,,SD,,8.713,,SANTO ROAD,-117.09734661207818,32.84115728919589,99000.0,8400,103000,Ahead,State,True,73.7147914422041,444
2266,11,8,,SD,L,2.379,,JCT RTE 5 LT LANES,-117.20399985505831,32.759105120671734,97000.0,8100,113000,Back,State,True,73.24919193473912,445
2264,11,8,,SD,L,1.213,,MIDWAY DRIVE,-117.22363299463186,32.75690950113983,97000.0,8100,113000,Ahead,State,True,73.24919193473912,445
1781,11,67,,SD,R,0.306,,"EL CAJON, BROADWAY",-116.9617314651491,32.807458176259225,96000.0,8500,100000,Ahead,State,True,73.0567954440511,447
1787,11,67,,SD,R,1.943,,PROSPECT AVENUE,-116.96188092055787,32.830995545138435,95000.0,7800,100000,Back,State,True,72.9028782515007,448
1505,11,163,,SD,,2.749,,"SAN DIEGO, WASHINGTON STREET",-117.155282118736,32.75040473235271,93000.0,10000,128000,Back,State,True,72.54886870863476,449
1503,11,163,,SD,,2.49,,ROBINSON AVENUE,-117.15643758754999,32.7467081168201,93000.0,6800,97000,Ahead,State,True,72.54886870863476,449
1566,11,52,,SD,,3.761,,JCT. RTE. 805,-117.1780865538076,32.84737123437374,92000.0,8200,100000,Back,State,True,72.35647221794675,451
2360,11,905,,SD,R,6.723,,CALIENTE ROAD,-117.01443901760184,32.566136501923,92000.0,8000,93000,Back,State,True,72.35647221794675,451
1785,11,67,,SD,R,1.118,,BRADLEY AVENUE,-116.9604856599535,32.81915599349338,92000.0,7800,96000,Ahead,State,True,72.35647221794675,451
1570,11,52,,SD,,6.602,,"JCT. RTE. 163, KEARNEY VILLA OVERCROSSING",-117.13369998713551,32.841021369495564,91000.0,9400,113000,Back,State,True,72.16407572725873,454
1612,11,56,,SD,,1.808,,CARMEL COUNTRY RD,-117.21415007665875,32.943813591540945,91000.0,9300,103000,Back,State,True,72.16407572725873,454
1568,11,52,,SD,,5.494,,CONVOY STREET,-117.1521347552554,32.83760375012997,91000.0,9400,113000,Ahead,State,True,72.16407572725873,454
1390,11,15,S,SD,,15,,CARROLL CANYON ROAD (HOV),-117.11638285977297,32.90345345294896,90000.0,4450,95000,Back,State,True,72.04863783284593,457
1388,11,15,S,SD,,11.89,,BEG RTE 15S HOV LNS,-117.1120933396126,32.860785355910664,90000.0,9600,95000,Ahead,State,True,72.04863783284593,457
1550,11,52,,SD,,13.273,,MAST BOULEVARD,-117.02656331309028,32.84493178142336,88000.0,8000,92000,Back,State,True,71.60612590426351,459
2384,11,94,,SD,R,11.8,,"CASA DE ORO, KENWOOD DRIVE",-116.99032687173346,32.74654453866841,88000.0,7700,92000,Back,State,True,71.60612590426351,459
2396,11,94,,SD,,14.86,,JCT. RTE. 54 NORTH,-116.9425285404432,32.73960282739887,88000.0,7700,88000,Back,State,True,71.60612590426351,459
2382,11,94,,SD,R,11.081,,"SPRING VALLEY, BANCROFT DRIVE",-117.00175507169139,32.750252097840125,88000.0,7700,92000,Ahead,State,True,71.60612590426351,459
2394,11,94,,SD,,14.33,,JAMACHA BLVD,-116.95166778544647,32.739890084299546,88000.0,7700,88000,Ahead,State,True,71.60612590426351,459
1608,11,56,,SD,,0.82,,CARMEL CREEK RD,-117.22898594671376,32.93720094762833,86000.0,7400,94000,Back,State,True,71.24442050177005,464
1606,11,56,,SD,,0.309,,EL CAMINO RL,-117.23716373834318,32.93409080108689,86000.0,8100,94000,Ahead,State,True,71.24442050177005,464
1556,11,52,,SD,,15.829,,OLIVE LANE UC,-116.98898700214785,32.83476011057318,84000.0,7700,89000,Back,State,True,70.90580267815915,466
1558,11,52,,SD,,16.144,,CUYAMACA STREET,-116.98399112769643,32.83294347474843,84000.0,7600,85000,Back,State,True,70.90580267815915,466
1556,11,52,,SD,,15.829,,OLIVE LANE UC,-116.98898700214785,32.83476011057318,84000.0,7600,85000,Ahead,State,True,70.90580267815915,466
1608,11,56,,SD,,0.82,,CARMEL CREEK RD,-117.22898594671376,32.93720094762833,84000.0,8200,94000,Ahead,State,True,70.90580267815915,466
1548,11,52,,SD,,1.346,,REGENTS ROAD,-117.21777684585362,32.84167746257162,83000.0,11700,90000,Back,State,True,70.62490380175466,470
1761,11,5,,SD,,3.1,,"SAN DIEGO, JCT. RTE. 905",-117.07326731939638,32.565274024182834,83000.0,6900,87000,Back,Interstate,True,70.62490380175466,470
2272,11,8,,SD,R,20.041,,LOS COCHES UC,-116.90339531526443,32.82637286721131,83000.0,7200,88000,Back,State,True,70.62490380175466,470
1552,11,52,,SD,,13.972,,MISSION GORGE,-117.02029516997331,32.83668005858894,83000.0,7600,91000,Ahead,State,True,70.62490380175466,470
1759,11,5,,SD,,2.312,,"SAN DIEGO, DAIRY MART ROAD",-117.06234959248856,32.55870683621647,83000.0,6900,87000,Ahead,Interstate,True,70.62490380175466,470
2378,11,905,,SD,,5.164,,JCT. RTE. 805,-117.04062161670672,32.56807378436004,83000.0,13500,96000,Ahead,State,True,70.62490380175466,470
1572,11,52,,SD,,6.926,,KEARNEY VILLA OVERCROSSING,-117.12797798647362,32.84156169071664,82000.0,7600,83000,Back,State,True,70.36709250423272,476
1574,11,52,,SD,,7.314,,JCT. RTE. 15,-117.12136116856733,32.84167446172669,82000.0,7600,83000,Back,State,True,70.36709250423272,476
2362,11,905,,SD,R,8.782,,BRITANNIA BLVD,-116.97974424607102,32.56413417765168,82000.0,7200,85000,Back,State,True,70.36709250423272,476
1558,11,52,,SD,,16.144,,CUYAMACA STREET,-116.98399112769643,32.83294347474843,82000.0,7100,86000,Ahead,State,True,70.36709250423272,476
1570,11,52,,SD,,6.602,,"JCT. RTE. 163, KEARNEY VILLA OVERCROSSING",-117.13369998713551,32.841021369495564,82000.0,7600,83000,Ahead,State,True,70.36709250423272,476
1572,11,52,,SD,,6.926,,KEARNEY VILLA OVERCROSSING,-117.12797798647362,32.84156169071664,82000.0,7600,83000,Ahead,State,True,70.36709250423272,476
1829,11,75,,SD,R,20.136,,GLORIETTA BLVD. F,-117.16890914298118,32.69192153235285,82000.0,7200,100000,Ahead,State,True,70.36709250423272,476
2270,11,8,,SD,R,18.727,,GREENFIELD DRIVE,-116.91718524000322,32.811575991414365,82000.0,7000,86000,Ahead,State,True,70.36709250423272,476
2360,11,905,,SD,R,6.723,,CALIENTE ROAD,-117.01443901760184,32.566136501923,82000.0,7200,85000,Ahead,State,True,70.36709250423272,476
1562,11,52,,SD,,17.22,,JCT. RTE. 67,-116.96623169504082,32.832436738043945,81000.0,6900,82000,Back,State,True,70.13236878559334,485
1931,11,78,,SD,R,17.268,,"ESCONDIDO, CENTRE CITY PARKWAY",-117.09301591943338,33.13056059443411,81000.0,6500,88000,Back,State,True,70.13236878559334,485
1560,11,52,,SD,,16.735,,COTTONWOOD AVE,-116.973907298782,32.83272794643354,81000.0,6900,82000,Ahead,State,True,70.13236878559334,485
1612,11,56,,SD,,1.808,,CARMEL COUNTRY RD,-117.21415007665875,32.943813591540945,81000.0,8400,92000,Ahead,State,True,70.13236878559334,485
1929,11,78,,SD,R,16.539,,"ESCONDIDO, JCT. RTE. 15",-117.10487166895753,33.1269187232735,81000.0,6500,88000,Ahead,State,True,70.13236878559334,485
1499,11,163,,SD,,1.623,,"SAN DIEGO, QUINCE STREET",-117.1556470718966,32.73417918956841,80000.0,7600,83000,Back,State,True,69.91303678620902,490
1552,11,52,,SD,,13.972,,MISSION GORGE,-117.02029516997331,32.83668005858894,80000.0,7300,83000,Back,State,True,69.91303678620902,490
1568,11,52,,SD,,5.494,,CONVOY STREET,-117.1521347552554,32.83760375012997,80000.0,8600,98000,Back,State,True,69.91303678620902,490
1497,11,163,,SD,,0.89,,JCT. RTE. 5,-117.15527463846463,32.72412717772802,80000.0,7600,83000,Ahead,State,True,69.91303678620902,490
1566,11,52,,SD,,3.761,,JCT. RTE. 805,-117.1780865538076,32.84737123437374,80000.0,8600,98000,Ahead,State,True,69.91303678620902,490
1560,11,52,,SD,,16.735,,COTTONWOOD AVE,-116.973907298782,32.83272794643354,79000.0,7000,83000,Back,State,True,69.72448822533477,495
1829,11,75,,SD,R,20.136,,GLORIETTA BLVD. F,-117.16890914298118,32.69192153235285,79000.0,7500,89000,Back,State,True,69.72448822533477,495
2314,11,8,,SD,,11.101,,"LA MESA, EL CAJON BOULEVARD",-117.0216637793598,32.77085943217318,79000.0,6200,80000,Back,State,True,69.72448822533477,495
2312,11,8,,SD,,10.967,,SPRING STREET,-117.02371744667693,32.77087907784097,79000.0,6200,80000,Ahead,State,True,69.72448822533477,495
1374,11,125,,SD,,19.53,,NAVAJO ROAD,-117.0053414993435,32.79938783578703,78000.0,7500,83000,Back,State,True,69.51285208557796,499
1372,11,125,,SD,,18.663,,"LA MESA, AMAYA DRIVE",-117.00618095790853,32.786799453072845,78000.0,7400,83000,Ahead,State,True,69.51285208557796,499
1550,11,52,,SD,,13.273,,MAST BOULEVARD,-117.02656331309028,32.84493178142336,78000.0,7100,81000,Ahead,State,True,69.51285208557796,499
1501,11,163,,SD,,1.799,,"SAN DIEGO, RICHMOND STREET",-117.15580114284927,32.73686651105266,77000.0,7500,82000,Back,State,True,69.22810527935971,502
1620,11,56,,SD,,8.54,,RANCHO PENASQUITOS BLVD,-117.11405123663894,32.958260471494114,77000.0,7200,79000,Back,State,True,69.22810527935971,502
1499,11,163,,SD,,1.623,,"SAN DIEGO, QUINCE STREET",-117.1556470718966,32.73417918956841,77000.0,7500,82000,Ahead,State,True,69.22810527935971,502
1554,11,52,,SD,,14.962,,JCT RTE 125,-117.00326729653898,32.83662152521457,77000.0,7400,84000,Ahead,State,True,69.22810527935971,502
1503,11,163,,SD,,2.49,,ROBINSON AVENUE,-117.15643758754999,32.7467081168201,76000.0,7300,81000,Back,State,True,68.9587501923965,506
1564,11,52,,SD,,2.292,,"SAN DIEGO, GENESEE AVENUE",-117.20301149085348,32.846731810109794,76000.0,6400,78000,Back,State,True,68.9587501923965,506
2087,11,805,,SD,,1.805,,"SAN DIEGO, JCT. RTE. 905",-117.04046841801818,32.568071981049194,76000.0,6800,83000,Back,Interstate,True,68.9587501923965,506
2274,11,8,,SD,R,21.508,,LOS COCHES CRK BRIDGE,-116.88626531146716,32.84141842648807,76000.0,5600,81000,Back,State,True,68.9587501923965,506
2276,11,8,,SD,R,21.815,,HARRITT ROAD / LAKE JENNINGS PARK ROAD,-116.88185921693236,32.84434358940948,76000.0,5600,81000,Back,State,True,68.9587501923965,506
1501,11,163,,SD,,1.799,,"SAN DIEGO, RICHMOND STREET",-117.15580114284927,32.73686651105266,76000.0,7300,81000,Ahead,State,True,68.9587501923965,506
1548,11,52,,SD,,1.346,,REGENTS ROAD,-117.21777684585362,32.84167746257162,76000.0,6400,78000,Ahead,State,True,68.9587501923965,506
2272,11,8,,SD,R,20.041,,LOS COCHES UC,-116.90339531526443,32.82637286721131,76000.0,5600,81000,Ahead,State,True,68.9587501923965,506
2274,11,8,,SD,R,21.508,,LOS COCHES CRK BRIDGE,-116.88626531146716,32.84141842648807,76000.0,5600,81000,Ahead,State,True,68.9587501923965,506
2364,11,905,,SD,R,9.778,,LA MEDIA ROAD,-116.96276290896166,32.56406638999786,75000.0,7600,81000,Back,State,True,68.6970909650608,515
2386,11,94,,SD,R,12.75,,SWEETWATER SPRINGS BOULEVARD,-116.97418774652552,32.744407647894235,75000.0,6300,75000,Back,State,True,68.6970909650608,515
2384,11,94,,SD,R,11.8,,"CASA DE ORO, KENWOOD DRIVE",-116.99032687173346,32.74654453866841,75000.0,6300,75000,Ahead,State,True,68.6970909650608,515
1554,11,52,,SD,,14.962,,JCT RTE 125,-117.00326729653898,32.83662152521457,73000.0,6400,74000,Back,State,True,68.11605356318302,518
1951,11,78,,SD,,0.004,,"OCEANSIDE, JCT. RTE. 5",-117.35129491168455,33.17700676531076,73000.0,7700,75000,Ahead,State,True,68.11605356318302,518
1564,11,52,,SD,,2.292,,"SAN DIEGO, GENESEE AVENUE",-117.20301149085348,32.846731810109794,72000.0,6400,78000,Ahead,State,True,67.91211328305373,520
1618,11,56,,SD,,7.202,,BLACK MOUNTAIN RD,-117.13616662705672,32.95321972132156,71000.0,6200,75000,Ahead,State,True,67.58119131907034,521
1614,11,56,,SD,,3.103,,CARMEL VALLEY RD,-117.19429369046574,32.952025521759616,70000.0,6800,73000,Back,State,True,67.16561489918423,522
1697,11,5,,SD,R,30.682,L,"SAN DIEGO, NORTH JCT RTE 805",-117.22482071476115,32.90449916818108,70000.0,6500,78000,Back,Interstate,True,67.16561489918423,522
1618,11,56,,SD,,7.202,,BLACK MOUNTAIN RD,-117.13616662705672,32.95321972132156,69000.0,6600,72000,Back,State,True,66.7538864091119,524
1622,11,56,,SD,,9.712,,JCT RTE 15,-117.09547373430524,32.964609701731966,69000.0,7000,74000,Back,State,True,66.7538864091119,524
1793,11,67,,SD,R,3.914,,RIVERFORD ROAD,-116.94699709124646,32.854782099248155,69000.0,6400,70000,Back,State,True,66.7538864091119,524
1831,11,75,,SD,R,20.284,,"CORONADO, TOLL GATES, BEGIN FREEWAY",-117.16703280849103,32.69041955231321,69000.0,6600,76000,Back,State,True,66.7538864091119,524
1833,11,75,,SD,R,22.261,,JCT. RTE. 5,-117.14288081066171,32.70136844554386,69000.0,6100,80000,Back,State,True,66.7538864091119,524
1789,11,67,,SD,R,2.672,,WOODSIDE AVENUE,-116.96127393970016,32.8414779650341,69000.0,6400,70000,Ahead,State,True,66.7538864091119,524
1831,11,75,,SD,R,20.284,,"CORONADO, TOLL GATES, BEGIN FREEWAY",-117.16703280849103,32.69041955231321,69000.0,6100,80000,Ahead,State,True,66.7538864091119,524
2085,11,805,,SD,,0.652,,"SAN DIEGO, SAN YSIDRO BOULEVARD",-117.04081393433097,32.551726417558285,69000.0,6200,75000,Ahead,Interstate,True,66.7538864091119,524
1376,11,125,,SD,,20.393,,GROSSMONT COLLEGE DRIVE,-117.00385423059281,32.81157148107114,68000.0,6300,69000,Back,State,True,66.34985377866708,532
1374,11,125,,SD,,19.53,,NAVAJO ROAD,-117.0053414993435,32.79938783578703,68000.0,6300,69000,Ahead,State,True,66.34985377866708,532
2376,11,905,,SD,,4.409,,"SAN DIEGO, PICADOR BOULEVARD",-117.05362639412427,32.56811620152087,67000.0,6600,68000,Back,State,True,66.06125904263507,534
2378,11,905,,SD,,5.164,,JCT. RTE. 805,-117.04062161670672,32.56807378436004,67000.0,6500,68000,Back,State,True,66.06125904263507,534
1616,11,56,,SD,,6.338,,CAMINO DEL SUR,-117.15008314058872,32.95646644618041,67000.0,6400,70000,Ahead,State,True,66.06125904263507,534
2362,11,905,,SD,R,8.782,,BRITANNIA BLVD,-116.97974424607102,32.56413417765168,67000.0,5600,70000,Ahead,State,True,66.06125904263507,534
2374,11,905,,SD,,3.818,,"SAN DIEGO, BEYER BOULEVARD",-117.06356414260044,32.568220858543874,67000.0,6600,68000,Ahead,State,True,66.06125904263507,534
2376,11,905,,SD,,4.409,,"SAN DIEGO, PICADOR BOULEVARD",-117.05362639412427,32.56811620152087,67000.0,6500,68000,Ahead,State,True,66.06125904263507,534
1596,11,54,,SD,,1.35,R,"EDGEMERE AVENUE, END RIGHT ALIGN",-117.08275210406865,32.65742579890765,66000.0,5400,69000,Back,State,True,65.77266430660305,540
1696,11,5,,SD,R,30.426,R,"SAN DIEGO, SORRENTO VALLEY ROAD",-117.22426677133618,32.900609537259186,66000.0,5900,69000,Back,Interstate,True,65.77266430660305,540
3,11,5,,SD,R,30.345,R,BEGIN RIGHT ALIGN,-117.22469814952211,32.899507289761026,66000.0,5900,69000,Ahead,Interstate,True,65.77266430660305,540
1592,11,54,,SD,,0.899,R,"NATIONAL CITY, HIGHLAND AVENUE OVERCROSSING",-117.08962677798735,32.65468803910491,66000.0,5400,69000,Ahead,State,True,65.77266430660305,540
1596,11,54,,SD,,1.35,R,"EDGEMERE AVENUE, END RIGHT ALIGN",-117.08275210406865,32.65742579890765,66000.0,5400,69000,Ahead,State,True,65.77266430660305,540
1616,11,56,,SD,,6.338,,CAMINO DEL SUR,-117.15008314058872,32.95646644618041,65000.0,6600,68000,Back,State,True,65.44174234261966,545
2364,11,905,,SD,R,9.778,,LA MEDIA ROAD,-116.96276290896166,32.56406638999786,65000.0,5100,70000,Ahead,State,True,65.44174234261966,545
1597,11,54,,SD,,1.797,L,END LEFT ALIGN,-117.07599783224579,32.65846088653085,64000.0,5200,67000,Back,State,True,65.1300600277051,547
1698,11,5,,SD,R,30.682,R,"SAN DIEGO, NORTH JCT. RTE. 805",-117.2238430935088,32.90425819029281,64000.0,5700,68000,Back,Interstate,True,65.1300600277051,547
1593,11,54,,SD,,0.904,L,"NATIONAL CITY, HIGHLAND AVENUE OVERCROSSING",-117.09016818811749,32.65617148677923,64000.0,5200,67000,Ahead,State,True,65.1300600277051,547
1620,11,56,,SD,,8.54,,RANCHO PENASQUITOS BLVD,-117.11405123663894,32.958260471494114,64000.0,5400,69000,Ahead,State,True,65.1300600277051,547
1696,11,5,,SD,R,30.426,R,"SAN DIEGO, SORRENTO VALLEY ROAD",-117.22426677133618,32.900609537259186,64000.0,5700,68000,Ahead,Interstate,True,65.1300600277051,547
1698,11,5,,SD,R,30.682,R,"SAN DIEGO, NORTH JCT. RTE. 805",-117.2238430935088,32.90425819029281,64000.0,5000,66000,Ahead,Interstate,True,65.1300600277051,547
1592,11,54,,SD,,0.899,R,"NATIONAL CITY, HIGHLAND AVENUE OVERCROSSING",-117.08962677798735,32.65468803910491,63000.0,5000,64000,Back,State,True,64.81837771279052,553
1789,11,67,,SD,R,2.672,,WOODSIDE AVENUE,-116.96127393970016,32.8414779650341,63000.0,5800,66000,Back,State,True,64.81837771279052,553
1590,11,54,,SD,,0.401,R,NATIONAL CITY BOULEVARD,-117.09747675011505,32.651937784534795,63000.0,5000,64000,Ahead,State,True,64.81837771279052,553
1759,11,5,,SD,,2.312,,"SAN DIEGO, DAIRY MART ROAD",-117.06234959248856,32.55870683621647,62000.0,5500,69000,Back,Interstate,True,64.39895336309065,556
2388,11,94,,SD,R,13.333,,AVOCADO BOULEVARD,-116.96453588419355,32.74462762828887,62000.0,5400,64000,Back,State,True,64.39895336309065,556
2394,11,94,,SD,,14.33,,JAMACHA BLVD,-116.95166778544647,32.739890084299546,62000.0,5300,62000,Back,State,True,64.39895336309065,556
1630,11,5,,SD,R,1.198,,VIA SAN YSIDRO,-117.0452755258857,32.551440826483486,62000.0,5500,69000,Ahead,Interstate,True,64.39895336309065,556
2388,11,94,,SD,R,13.333,,AVOCADO BOULEVARD,-116.96453588419355,32.74462762828887,62000.0,5300,62000,Ahead,State,True,64.39895336309065,556
1628,11,5,,SD,R,0.878,,SOUTH JCT. RTE. 805,-117.04059174233365,32.549686333621665,61000.0,5200,62000,Back,Interstate,True,64.02185624134216,561
1614,11,56,,SD,,3.103,,CARMEL VALLEY RD,-117.19429369046574,32.952025521759616,61000.0,5900,64000,Ahead,State,True,64.02185624134216,561
1626,11,5,,SD,R,0.306,,"SAN DIEGO, CAMINO DE LA PLAZA,  IMIT AT THE INTERNATIONAL BOUNDARY, BEGIN FREEWAY",-117.03246213274281,32.54449807810273,61000.0,5200,62000,Ahead,Interstate,True,64.02185624134216,561
1593,11,54,,SD,,0.904,L,"NATIONAL CITY, HIGHLAND AVENUE OVERCROSSING",-117.09016818811749,32.65617148677923,60000.0,4800,62000,Back,State,True,63.756349084192706,564
1376,11,125,,SD,,20.393,,GROSSMONT COLLEGE DRIVE,-117.00385423059281,32.81157148107114,60000.0,6400,64000,Ahead,State,True,63.756349084192706,564
1591,11,54,,SD,,0.406,L,"NATIONAL CITY, NATIONAL CITY BOULEVARD",-117.09800845574522,32.65336410182733,60000.0,4800,62000,Ahead,State,True,63.756349084192706,564
2386,11,94,,SD,R,12.75,,SWEETWATER SPRINGS BOULEVARD,-116.97418774652552,32.744407647894235,60000.0,5200,61000,Ahead,State,True,63.756349084192706,564
1590,11,54,,SD,,0.401,R,NATIONAL CITY BOULEVARD,-117.09747675011505,32.651937784534795,58000.0,5300,60000,Back,State,True,63.30614129598276,568
1606,11,56,,SD,,0.309,,EL CAMINO RL,-117.23716373834318,32.93409080108689,58000.0,4550,59000,Back,State,True,63.30614129598276,568
1610,11,56,,SD,,0,,JCT 5,-117.24005278677224,32.93089991156987,58000.0,4550,59000,Ahead,State,True,63.30614129598276,568
1595,11,54,,SD,,0,R,"JCT. RTE. 5, BEGIN RIGHT ALIGN",-117.10401069214818,32.650646063768484,57000.0,5200,59000,Ahead,State,True,63.0021548406957,571
1793,11,67,,SD,R,3.914,,RIVERFORD ROAD,-116.94699709124646,32.854782099248155,57000.0,4900,58000,Ahead,State,True,63.0021548406957,571
1795,11,67,,SD,R,4.832,,WINTER GARDEN BOULEVARD,-116.93195526534454,32.858153361607656,56000.0,4750,59000,Back,State,True,62.74434354317378,573
1853,11,76,,SD,R,0.486,,"OCEANSIDE, LORETTA STREET",-117.37817311224656,33.2100621103361,56000.0,4100,63000,Back,State,True,62.74434354317378,573
2374,11,905,,SD,,3.818,,"SAN DIEGO, BEYER BOULEVARD",-117.06356414260044,32.568220858543874,56000.0,5500,62000,Back,State,True,62.74434354317378,573
1855,11,76,,SD,R,0,,JCT. RTE. 5,-117.38308090418943,33.204671149296416,56000.0,4250,65000,Ahead,State,True,62.74434354317378,573
1927,11,78,,SD,N,17.68,,"ESCONDIDO, BROADWAY/LINCOLN PARKWAY",-117.08649112314816,33.13294422948883,55000.0,4150,57000,Back,State,True,62.56349084192704,577
1937,11,78,,SD,T,17.678,,BROADWAY AND RTE 78,-117.08623689183793,33.13228467461019,55000.0,4150,57000,Back,State,True,62.56349084192704,577
1787,11,67,,SD,R,1.943,,PROSPECT AVENUE,-116.96188092055787,32.830995545138435,55000.0,4850,58000,Ahead,State,True,62.56349084192704,577
1927,11,78,,SD,N,17.68,,"ESCONDIDO, BROADWAY/LINCOLN PARKWAY",-117.08649112314816,33.13294422948883,55000.0,4150,57000,Ahead,State,True,62.56349084192704,577
1440,11,15,,SD,R,0,L,"BEGIN LEFT ALIGN, JCT. RTE. 5",-117.12176663844218,32.69295735662659,54000.0,4800,68000,Ahead,Interstate,True,62.32491919347392,581
1931,11,78,,SD,R,17.268,,"ESCONDIDO, CENTRE CITY PARKWAY",-117.09301591943338,33.13056059443411,54000.0,4300,58000,Ahead,State,True,62.32491919347392,581
1591,11,54,,SD,,0.406,L,"NATIONAL CITY, NATIONAL CITY BOULEVARD",-117.09800845574522,32.65336410182733,53000.0,4400,56000,Back,State,True,62.08634754502078,583
1887,11,76,,SD,R,6.721,,"OCEANSIDE, NORTH SANTA FE ROAD",-117.28149488345383,33.24594211647279,53000.0,4650,58000,Back,State,True,62.08634754502078,583
1875,11,76,,SD,R,3.389,,"OCEANSIDE, EL CAMINO REAL",-117.33149264180086,33.223486233922046,52000.0,4350,60000,Back,State,True,61.851623826381406,585
1441,11,15,,SD,R,0,R,"BEGIN RIGHT ALIGN, JCT. RTE. 5",-117.12168213033014,32.69292907082062,52000.0,5200,66000,Ahead,Interstate,True,61.851623826381406,585
1594,11,54,,SD,,0,L,"WB OFF TO SB 5, BEGIN LEFT ALIGN",-117.10420644133683,32.65114587246055,52000.0,4300,55000,Ahead,State,True,61.851623826381406,585
1857,11,76,,SD,R,1.156,,"OCEANSIDE, CANYON DRIVE",-117.36748754144917,33.212376618635254,52000.0,4500,60000,Ahead,State,True,61.851623826381406,585
1873,11,76,,SD,R,2.145,,"OCEANSIDE, AIRPORT ROAD",-117.35107881475642,33.21637512053234,52000.0,4350,60000,Ahead,State,True,61.851623826381406,585
1877,11,76,,SD,R,3.745,,"OCEANSIDE, DOUGLAS STREET",-117.32586790802304,33.22560479029693,52000.0,4300,57000,Ahead,State,True,61.851623826381406,585
1885,11,76,,SD,R,6.207,,COLLEGE BOULEVARD,-117.28981578658946,33.24363119116627,52000.0,5400,57000,Ahead,State,True,61.851623826381406,585
1700,11,5,,SD,R,31.188,R,END RIGHT ALIGN,-117.22772702162345,32.910777276427794,51000.0,2550,56000,Back,Interstate,True,61.62074803755579,592
1865,11,76,,SD,R,12.363,,SOUTH MISSION RD,-117.22200764404221,33.29425651690724,50000.0,4400,51000,Back,State,True,61.347545020778824,593
2085,11,805,,SD,,0.652,,"SAN DIEGO, SAN YSIDRO BOULEVARD",-117.04081393433097,32.551726417558285,50000.0,4200,55000,Back,Interstate,True,61.347545020778824,593
1863,11,76,,SD,R,12.078,,THOROUGHBRED LANE,-117.22481159416608,33.29106121486743,50000.0,4000,54000,Ahead,State,True,61.347545020778824,593
1887,11,76,,SD,R,6.721,,"OCEANSIDE, NORTH SANTA FE ROAD",-117.28149488345383,33.24594211647279,50000.0,4450,53000,Ahead,State,True,61.347545020778824,593
2083,11,805,,SD,,0.486,,"SAN DIEGO, JCT. RTE. 5",-117.03953026963772,32.5498227529363,50000.0,4200,55000,Ahead,Interstate,True,61.347545020778824,593
1861,11,76,,SD,R,11.925,,OLIVE HILL RD/CAMINO DEL REY,-117.2254337637386,33.288882490014004,49500.0,3950,53000,Back,State,True,61.09742958288441,598
2278,11,8,,SD,R,25.685,,HARBISON CANYON,-116.81979819104401,32.85677955800421,49500.0,4000,53000,Back,State,True,61.09742958288441,598
1853,11,76,,SD,R,0.486,,"OCEANSIDE, LORETTA STREET",-117.37817311224656,33.2100621103361,49500.0,4300,62000,Ahead,State,True,61.09742958288441,598
1378,11,125,,SD,,22.172,,JCT. RTE. 52,-117.00317198438904,32.83671159111683,49000.0,5500,59000,Back,State,True,60.9242727412652,601
1394,11,15,S,SD,,23.688,,RANCHO BERNARDO ROAD,-117.07873969261384,33.02286412228161,48500.0,5800,51000,Back,State,True,60.735724180390946,602
1392,11,15,S,SD,,20.577,,CARMEL MOUNTAIN ROAD,-117.08630790186449,32.978901392004914,48500.0,5800,51000,Ahead,State,True,60.735724180390946,602
1394,11,15,S,SD,,23.688,,RANCHO BERNARDO ROAD,-117.07873969261384,33.02286412228161,48500.0,5800,51000,Ahead,State,True,60.735724180390946,602
1883,11,76,,SD,R,5.597,,"OCEANSIDE, FRAZEE ROAD",-117.29843595447886,33.238996172554664,48000.0,4250,56000,Ahead,State,True,60.48560874249653,605
1859,11,76,,SD,R,1.767,,"OCEANSIDE, BENET ROAD",-117.35730649146478,33.21471694015413,47000.0,4150,55000,Back,State,True,60.15468677851315,606
1873,11,76,,SD,R,2.145,,"OCEANSIDE, AIRPORT ROAD",-117.35107881475642,33.21637512053234,47000.0,4200,57000,Back,State,True,60.15468677851315,606
2280,11,8,,SD,R,28.464,,TAVERN ROAD,-116.77947942145555,32.839848591814444,47000.0,4000,48500,Back,State,True,60.15468677851315,606
1859,11,76,,SD,R,1.767,,"OCEANSIDE, BENET ROAD",-117.35730649146478,33.21471694015413,47000.0,4200,57000,Ahead,State,True,60.15468677851315,606
2278,11,8,,SD,R,25.685,,HARBISON CANYON,-116.81979819104401,32.85677955800421,47000.0,4000,48500,Ahead,State,True,60.15468677851315,606
2276,11,8,,SD,R,21.815,,HARRITT ROAD / LAKE JENNINGS PARK ROAD,-116.88185921693236,32.84434358940948,46500.0,3800,48500,Ahead,State,True,59.97768200708019,611
1630,11,5,,SD,R,1.198,,VIA SAN YSIDRO,-117.0452755258857,32.551440826483486,46000.0,3850,50000,Back,Interstate,True,59.80452516546099,612
1694,11,5,,SD,R,30.345,L,BEGIN LEFT ALIGN,-117.22499833864231,32.89966008434429,46000.0,3850,56000,Ahead,Interstate,True,59.80452516546099,612
1857,11,76,,SD,R,1.156,,"OCEANSIDE, CANYON DRIVE",-117.36748754144917,33.212376618635254,45500.0,4050,57000,Back,State,True,59.61597660458673,614
1885,11,76,,SD,R,6.207,,COLLEGE BOULEVARD,-117.28981578658946,33.24363119116627,45500.0,4000,53000,Back,State,True,59.61597660458673,614
1877,11,76,,SD,R,3.745,,"OCEANSIDE, DOUGLAS STREET",-117.32586790802304,33.22560479029693,45000.0,4000,51000,Back,State,True,59.30429428967216,616
1875,11,76,,SD,R,3.389,,"OCEANSIDE, EL CAMINO REAL",-117.33149264180086,33.223486233922046,45000.0,4000,51000,Ahead,State,True,59.30429428967216,616
2236,11,8,,IMP,R,38.964,,DOGWOOD ROAD,-115.53520413585235,32.773680133750716,44500.0,5400,45000,Back,State,True,59.03878713252271,618
2381,11,94,,SD,R,10.829,R,"SPRING STREET, RIGHT ALIGN",-117.00493905948613,32.75162284048256,44500.0,3850,45000,Back,State,True,59.03878713252271,618
2380,11,94,,SD,R,10.461,R,"JCT. RTE. 125, RIGHT ALIGN",-117.01027238158244,32.75330915725968,44500.0,3850,45000,Ahead,State,True,59.03878713252271,618
1863,11,76,,SD,R,12.078,,THOROUGHBRED LANE,-117.22481159416608,33.29106121486743,44000.0,3950,48000,Back,State,True,58.86178236108973,621
1392,11,15,S,SD,,20.577,,CARMEL MOUNTAIN ROAD,-117.08630790186449,32.978901392004914,42500.0,5100,44500,Back,State,True,58.257657380329384,622
1580,11,54,,SD,T,11.261,,WEST CUYAMACA COLLEGE DRIVE,-116.93842312910202,32.74095124815075,42500.0,3700,43000,Back,State,True,58.257657380329384,622
1781,11,67,,SD,R,0.306,,"EL CAJON, BROADWAY",-116.9617314651491,32.807458176259225,42500.0,3600,43000,Back,State,True,58.257657380329384,622
2264,11,8,,SD,L,1.213,,MIDWAY DRIVE,-117.22363299463186,32.75690950113983,42500.0,3450,45500,Back,State,True,58.257657380329384,622
1578,11,54,,SD,T,10.993,,JCT. RTE. 94,-116.9425285404432,32.73960282739887,42500.0,3700,43000,Ahead,State,True,58.257657380329384,622
1628,11,5,,SD,R,0.878,,SOUTH JCT. RTE. 805,-117.04059174233365,32.549686333621665,42500.0,3600,44500,Ahead,Interstate,True,58.257657380329384,622
1783,11,67,,SD,R,0,,"EL CAJON, JCT. RTE. 8",-116.9623279662607,32.80313012973542,42500.0,3600,43000,Ahead,State,True,58.257657380329384,622
2306,11,8,,SD,T,0.466,,EB RIGHT TURN FR NIMITZ BLVD,-117.2362341167714,32.754478092271285,42500.0,3350,45500,Ahead,State,True,58.257657380329384,622
1695,11,5,,SD,R,30.426,L,"SAN DIEGO, SORRENTO VALLEY ROAD",-117.22466914202326,32.90081389031214,42000.0,1650,47000,Back,Interstate,True,57.99984608280745,630
2234,11,8,,IMP,R,37.972,,JCT. RTE. 86,-115.55222553512843,32.77369873947954,42000.0,5100,44000,Back,State,True,57.99984608280745,630
1390,11,15,S,SD,,15,,CARROLL CANYON ROAD (HOV),-117.11638285977297,32.90345345294896,42000.0,4950,46500,Ahead,State,True,57.99984608280745,630
2232,11,8,,IMP,R,36.973,,IMPERIAL AVENUE,-115.56940188031628,32.77379565265702,42000.0,5100,44000,Ahead,State,True,57.99984608280745,630
2234,11,8,,IMP,R,37.972,,JCT. RTE. 86,-115.55222553512843,32.77369873947954,42000.0,5100,44000,Ahead,State,True,57.99984608280745,630
2236,11,8,,IMP,R,38.964,,DOGWOOD ROAD,-115.53520413585235,32.773680133750716,41500.0,4000,42500,Ahead,State,True,57.753578574726795,635
1497,11,163,,SD,,0.89,,JCT. RTE. 5,-117.15527463846463,32.72412717772802,41000.0,3600,42500,Back,State,True,57.576573803293826,636
1861,11,76,,SD,R,11.925,,OLIVE HILL RD/CAMINO DEL REY,-117.2254337637386,33.288882490014004,40500.0,3550,43000,Ahead,State,True,57.391873172233346,637
1881,11,76,,SD,R,4.211,,"OCEANSIDE, RANCHO DEL ORO",-117.31830801896852,33.227787816237544,40000.0,3600,46000,Back,State,True,57.16099738340773,638
1883,11,76,,SD,R,5.597,,"OCEANSIDE, FRAZEE ROAD",-117.29843595447886,33.238996172554664,40000.0,3400,45500,Back,State,True,57.16099738340773,638
1695,11,5,,SD,R,30.426,L,"SAN DIEGO, SORRENTO VALLEY ROAD",-117.22466914202326,32.90081389031214,40000.0,3800,44000,Ahead,Interstate,True,57.16099738340773,638
1881,11,76,,SD,R,4.211,,"OCEANSIDE, RANCHO DEL ORO",-117.31830801896852,33.227787816237544,40000.0,3400,45500,Ahead,State,True,57.16099738340773,638
1869,11,76,,SD,R,17.012,,OLD HIGHWAY 15,-117.16260314395981,33.32794739293519,39500.0,3350,42000,Ahead,State,True,56.97244882253347,642
1396,11,15,S,SD,,27.261,,DEL LAGO BLVD/NORTH COUNTY FAIR OC,-117.06998856113579,33.07367580151391,38000.0,4250,43500,Back,State,True,56.148991842388796,643
1582,11,54,,SD,T,11.846,,WILLOW GLEN DRIVE,-116.92930399827627,32.7447684335294,38000.0,3350,38500,Back,State,True,56.148991842388796,643
1396,11,15,S,SD,,27.261,,DEL LAGO BLVD/NORTH COUNTY FAIR OC,-117.06998856113579,33.07367580151391,38000.0,4250,43500,Ahead,State,True,56.148991842388796,643
1580,11,54,,SD,T,11.261,,WEST CUYAMACA COLLEGE DRIVE,-116.93842312910202,32.74095124815075,38000.0,3350,38500,Ahead,State,True,56.148991842388796,643
1821,11,75,,SD,R,19.696,L,"CORONADO, JCT. RTE. 282, BEGIN LEFT ALIGN",-117.17402061623662,32.6959221447438,38000.0,3550,44000,Ahead,State,True,56.148991842388796,643
1828,11,75,,SD,R,20.035,L,"CORONADO, ON POMONA AVENUE AT 4TH STREET, END LEFT ALIGN",-117.16987225913662,32.69245787250311,37000.0,4150,44500,Back,State,True,55.641065106972455,648
1851,11,76,,SD,M,9.511,,EAST VISTA WAY/OLD RIVER RD,-117.23727308846607,33.25779510151448,37000.0,3050,40000,Back,State,True,55.641065106972455,648
2262,11,8,,IMP,R,96.546,,4TH AVENUE,-114.62459698810454,32.731651021270004,37000.0,4100,42000,Back,State,True,55.641065106972455,648
2260,11,8,,IMP,R,94.979,,WINTERHAVEN DRIVE,-114.65066392552336,32.73705642247561,37000.0,4100,42000,Ahead,State,True,55.641065106972455,648
1292,11,111,,IMP,R,6.242,,MC CABE ROAD (LAKE ROAD),-115.50065251535365,32.752416997517265,36500.0,3100,38000,Back,State,True,55.46406033553948,652
2356,11,905,,SD,R,11.366,,SIEMPRE VIVA RD O.C.,-116.93998957626016,32.55536953916673,36500.0,3200,38000,Back,State,True,55.46406033553948,652
1290,11,111,,IMP,R,4.741,,JCT. RTE. 86 WEST,-115.5003210963026,32.73068007944281,36500.0,3150,39000,Ahead,State,True,55.46406033553948,652
1294,11,111,,IMP,R,7.714,,JCT. RTE. 8,-115.50108652650171,32.77380041039433,36000.0,2800,38000,Back,State,True,55.256272125596425,655
2260,11,8,,IMP,R,94.979,,WINTERHAVEN DRIVE,-114.65066392552336,32.73705642247561,36000.0,5200,38500,Back,State,True,55.256272125596425,655
1292,11,111,,IMP,R,6.242,,MC CABE ROAD (LAKE ROAD),-115.50065251535365,32.752416997517265,36000.0,2800,38000,Ahead,State,True,55.256272125596425,655
2153,11,86,,IMP,L,8.525,,ADAMS/IMPERIAL AVENUES,-115.56995042486639,32.796592959690194,36000.0,3250,39500,Ahead,State,True,55.256272125596425,655
2258,11,8,,IMP,R,90.74,,"JCT. RTE. 186 SOUTH, ALGODONES ROAD",-114.72018594044499,32.74336513349607,36000.0,5200,38500,Ahead,State,True,55.256272125596425,655
77,11,111,,IMP,,0.41,,THIRD STREET & IMPERIAL,-115.49862869366353,32.6677498051142,35500.0,2750,37500,Back,State,True,54.98306910881946,660
1278,11,111,,IMP,R,1.183,,JCT. RTE. 98,-115.4986394950065,32.67908449474536,35500.0,2750,37500,Back,State,True,54.98306910881946,660
1298,11,111,,IMP,,0.836,,"CALEXICO, GRANT STREET (EIGHTH STREET)",-115.49862891644572,32.67400284646314,35500.0,2750,37500,Back,State,True,54.98306910881946,660
1380,11,125,,SD,,22.301,,MISSION GORGE ROAD,-117.00318103761047,32.83858359119412,35500.0,4100,47000,Back,State,True,54.98306910881946,660
1384,11,125,,SD,,9.587,,JCT RTE 54,-117.01136569506362,32.699764929639144,35500.0,2800,37000,Back,State,True,54.98306910881946,660
77,11,111,,IMP,,0.41,,THIRD STREET & IMPERIAL,-115.49862869366353,32.6677498051142,35500.0,2750,37500,Ahead,State,True,54.98306910881946,660
1272,11,111,,IMP,R,0.273,,THIRD ST,-115.49862881852934,32.66772078913832,35500.0,2750,37500,Ahead,State,True,54.98306910881946,660
1298,11,111,,IMP,,0.836,,"CALEXICO, GRANT STREET (EIGHTH STREET)",-115.49862891644572,32.67400284646314,35500.0,2750,37500,Ahead,State,True,54.98306910881946,660
1398,11,15,S,SD,,30.856,,END ROUTE 15S; JCT RTE 15,-117.10018287639944,33.117594367402944,34500.0,3750,37000,Back,State,True,54.49822995228567,668
2215,11,86,,IMP,,7.93,,PICO AVENUE,-115.56975317818623,32.80563334173234,34500.0,3050,38500,Back,State,True,54.49822995228567,668
1826,11,75,,SD,R,19.85,L,"CORONADO, ON 3RD STREET AT B AVENUE",-117.1716829447458,32.694942701462786,34500.0,3250,38000,Ahead,State,True,54.49822995228567,668
1851,11,76,,SD,M,9.511,,EAST VISTA WAY/OLD RIVER RD,-117.23727308846607,33.25779510151448,34500.0,3000,36500,Ahead,State,True,54.49822995228567,668
2213,11,86,,IMP,,7.643,,SCOTT AVENUE,-115.5698000199384,32.801402679177805,34500.0,3050,38500,Ahead,State,True,54.49822995228567,668
1813,11,67,,SD,,24.27,,ELEVENTH STREET,-116.87014146300889,33.04112215894045,34000.0,3000,37000,Back,State,True,54.14422040941973,673
1811,11,67,,SD,,24.17,,TWELFTH STREET,-116.87170839795226,33.040224673157475,34000.0,3000,37000,Ahead,State,True,54.14422040941973,673
2213,11,86,,IMP,,7.643,,SCOTT AVENUE,-115.5698000199384,32.801402679177805,33500.0,3100,36000,Back,State,True,53.74403570878867,675
2217,11,86,,IMP,,8.18,,EL DORADO AVENUE,-115.56979668449372,32.80932848938659,33500.0,3100,36000,Back,State,True,53.74403570878867,675
2211,11,86,,IMP,,7.49,,"EL CENTRO, WOODWARD AVENUE",-115.5698690096539,32.799242196698124,33500.0,3100,36000,Ahead,State,True,53.74403570878867,675
2215,11,86,,IMP,,7.93,,PICO AVENUE,-115.56975317818623,32.80563334173234,33500.0,3100,36000,Ahead,State,True,53.74403570878867,675
1826,11,75,,SD,R,19.85,L,"CORONADO, ON 3RD STREET AT B AVENUE",-117.1716829447458,32.694942701462786,33000.0,3100,36500,Back,State,True,53.44389718331538,679
1871,11,76,,SD,R,17.303,,JCT. RTE. 15,-117.15930746323593,33.33102314520927,33000.0,2700,35500,Back,State,True,53.44389718331538,679
1941,11,78,,SD,T,18.072,,"ESCONDIDO, WASHINGTON AVENUE",-117.08386191870326,33.126964813977324,33000.0,2700,34000,Back,State,True,53.44389718331538,679
1823,11,75,,SD,R,19.789,L,"CORONADO, ON 3RD STREET AT C AVENUE",-117.17280425781605,32.69541536460691,33000.0,3100,36500,Ahead,State,True,53.44389718331538,679
1939,11,78,,SD,T,17.822,,"ESCONDIDO, MISSION AVENUE",-117.08541258066523,33.13035756905323,33000.0,2700,34000,Ahead,State,True,53.44389718331538,679
1624,11,56,,SD,,9.837,,END ROUTE,-117.09339331515898,32.96480266417435,32500.0,2850,33000,Back,State,True,53.05140834231183,684
1797,11,67,,SD,R,5.479,,MAPLEVIEW STREET,-116.92280778997664,32.86293180837102,32500.0,3000,35500,Back,State,True,53.05140834231183,684
1811,11,67,,SD,,24.17,,TWELFTH STREET,-116.87170839795226,33.040224673157475,32500.0,2850,35000,Back,State,True,53.05140834231183,684
2211,11,86,,IMP,,7.49,,"EL CENTRO, WOODWARD AVENUE",-115.5698690096539,32.799242196698124,32500.0,2950,35000,Back,State,True,53.05140834231183,684
2282,11,8,,SD,R,31.343,,WEST WILLOWS ROAD,-116.73118400740279,32.833673323959765,32500.0,2750,33500,Back,State,True,53.05140834231183,684
1622,11,56,,SD,,9.712,,JCT RTE 15,-117.09547373430524,32.964609701731966,32500.0,2850,33000,Ahead,State,True,53.05140834231183,684
1795,11,67,,SD,R,4.832,,WINTER GARDEN BOULEVARD,-116.93195526534454,32.858153361607656,32500.0,3000,35500,Ahead,State,True,53.05140834231183,684
1809,11,67,,SD,,23.84,,MONTECITO ROAD/15TH STREET,-116.87646147215544,33.037624074590774,32500.0,2850,35000,Ahead,State,True,53.05140834231183,684
2280,11,8,,SD,R,28.464,,TAVERN ROAD,-116.77947942145555,32.839848591814444,32500.0,2750,33500,Ahead,State,True,53.05140834231183,684
1939,11,78,,SD,T,17.822,,"ESCONDIDO, MISSION AVENUE",-117.08541258066523,33.13035756905323,32000.0,2600,33000,Back,State,True,52.70509465907342,693
2147,11,86,,IMP,L,6.534,,"EL CENTRO, ROSS AVENUE",-115.55243118824306,32.78147580267572,32000.0,3050,33500,Back,State,True,52.70509465907342,693
2238,11,8,,IMP,R,40.944,,JCT. RTE. 111,-115.50121572400246,32.77367349526683,32000.0,3300,33500,Back,State,True,52.70509465907342,693
1276,11,111,,IMP,R,0,,"CALEXICO, SOUTH CITY LIMITS, AT MEXICAN BOUNDARY",-115.49613367057262,32.66495585614633,32000.0,2500,32000,Ahead,State,True,52.70509465907342,693
1937,11,78,,SD,T,17.678,,BROADWAY AND RTE 78,-117.08623689183793,33.13228467461019,32000.0,2600,33000,Ahead,State,True,52.70509465907342,693
2199,11,86,,IMP,,6.006,,JCT. RTE. 8,-115.55212251722995,32.77378524137645,32000.0,3050,33500,Ahead,State,True,52.70509465907342,693
1823,11,75,,SD,R,19.789,L,"CORONADO, ON 3RD STREET AT C AVENUE",-117.17280425781605,32.69541536460691,31500.0,2950,35000,Back,State,True,52.3780206249038,699
1272,11,111,,IMP,R,0.273,,THIRD ST,-115.49862881852934,32.66772078913832,31000.0,2450,35500,Back,State,True,52.15099276589194,700
1274,11,111,,IMP,R,0.2,,"CALEXICO, SECOND STREET",-115.49863244412985,32.66666077924497,31000.0,2450,35500,Back,State,True,52.15099276589194,700
1274,11,111,,IMP,R,0.2,,"CALEXICO, SECOND STREET",-115.49863244412985,32.66666077924497,31000.0,2450,35500,Ahead,State,True,52.15099276589194,700
1825,11,75,,SD,R,19.849,R,"CORONADO, ON 4TH STREET AT B AVENUE",-117.17253557261287,32.693507710518894,31000.0,2750,35000,Ahead,State,True,52.15099276589194,700
1827,11,75,,SD,R,19.99,R,"CORONADO, END RIGHT ALIGN",-117.17030543305484,32.69254313178081,30500.0,3950,36000,Back,State,True,51.88163767892874,704
2207,11,86,,IMP,,7.24,,"EL CENTRO, STATE STREET",-115.5525216153545,32.79185472053462,30500.0,2950,30500,Back,State,True,51.88163767892874,704
2147,11,86,,IMP,L,6.534,,"EL CENTRO, ROSS AVENUE",-115.55243118824306,32.78147580267572,30500.0,2950,30500,Ahead,State,True,51.88163767892874,704
1869,11,76,,SD,R,17.012,,OLD HIGHWAY 15,-117.16260314395981,33.32794739293519,30000.0,2700,30500,Back,State,True,51.56995536401416,707
1943,11,78,,SD,T,18.408,,"ESCONDIDO, HICKORY STREET",-117.07843865907729,33.1286517068564,30000.0,2550,31000,Back,State,True,51.56995536401416,707
1867,11,76,,SD,R,14.492,,GIRD RD - LT,-117.1950549408038,33.3142104290582,30000.0,2700,30500,Ahead,State,True,51.56995536401416,707
1941,11,78,,SD,T,18.072,,"ESCONDIDO, WASHINGTON AVENUE",-117.08386191870326,33.126964813977324,30000.0,2550,31000,Ahead,State,True,51.56995536401416,707
1290,11,111,,IMP,R,4.741,,JCT. RTE. 86 WEST,-115.5003210963026,32.73068007944281,29000.0,2400,31500,Back,State,True,50.83500076958596,711
2149,11,86,,IMP,L,7.308,,MAIN STREET,-115.55252362308914,32.79284185053565,29000.0,2650,30000,Back,State,True,50.83500076958596,711
2185,11,86,,IMP,,27.76,,"WESTMORLAND, WEST CITY LIMITS/ H STREET",-115.62591170402435,33.037406154936185,29000.0,2350,30500,Back,State,True,50.83500076958596,711
1286,11,111,,IMP,R,2.211,,COLE ROAD,-115.49918304761862,32.69402416004813,29000.0,2400,31500,Ahead,State,True,50.83500076958596,711
1294,11,111,,IMP,R,7.714,,JCT. RTE. 8,-115.50108652650171,32.77380041039433,29000.0,2750,29000,Ahead,State,True,50.83500076958596,711
2183,11,86,,IMP,,27.51,,"WESTMORLAND, CENTER STREET",-115.62161438379235,33.03740338890634,29000.0,2350,30500,Ahead,State,True,50.83500076958596,711
2207,11,86,,IMP,,7.24,,"EL CENTRO, STATE STREET",-115.5525216153545,32.79185472053462,29000.0,2650,30000,Ahead,State,True,50.83500076958596,711
2240,11,8,,IMP,R,42.539,,BOWKER ROAD,-115.47383982892532,32.77346590738253,28500.0,2600,29000,Back,State,True,50.49253501616131,718
2372,11,905,,SD,,3.544,R,END RIGHT ALIGN,-117.06809490802532,32.5672099806988,28500.0,3400,31000,Back,State,True,50.49253501616131,718
2373,11,905,,SD,,3.55,L,END LEFT ALIGN,-117.06819905151282,32.567706526720116,28500.0,3000,33500,Back,State,True,50.49253501616131,718
1382,11,125,,SD,,3.061,,OLYMPIC PARKWAY,-116.97116058930804,32.63148827026481,28500.0,2700,29500,Ahead,State,True,50.49253501616131,718
2238,11,8,,IMP,R,40.944,,JCT. RTE. 111,-115.50121572400246,32.77367349526683,28500.0,2600,29000,Ahead,State,True,50.49253501616131,718
2370,11,905,,SD,,3.19,L,"SAN DIEGO, JCT. RTE. 5, LEFT ALIGN",-117.07359425495581,32.56539761682376,28500.0,3000,30000,Ahead,State,True,50.49253501616131,718
2217,11,86,,IMP,,8.18,,EL DORADO AVENUE,-115.56979668449372,32.80932848938659,28000.0,2550,29500,Ahead,State,True,50.09235031553024,724
1493,11,163,,SD,,0.555,R,"SAN DIEGO, ON 11TH AVENUE AT RUSS BOULEVARD, RIGHT ALIGN",-117.15474101582967,32.71930579311729,27500.0,2500,29500,Back,State,True,49.638294597506544,725
2288,11,8,,SD,R,43.532,,PINE VALLEY ROAD,-116.5330665389987,32.81793154118371,27500.0,3350,29000,Back,State,True,49.638294597506544,725
1492,11,163,,SD,,0.531,R,"SAN DIEGO, ON 11TH AVENUE NORTH OF A STREET, BEGIN RIGHT ALIGN",-117.15473689974904,32.718882762520394,27500.0,2500,29500,Ahead,State,True,49.638294597506544,725
2371,11,905,,SD,,3.207,R,"JCT RTE 5, RIGHT ALIGN",-117.0731423844016,32.56500664698024,27500.0,3300,29500,Ahead,State,True,49.638294597506544,725
2258,11,8,,IMP,R,90.74,,"JCT. RTE. 186 SOUTH, ALGODONES ROAD",-114.72018594044499,32.74336513349607,27000.0,4000,27500,Back,State,True,49.19963059873788,729
2230,11,8,,IMP,R,33.991,,FORRESTER ROAD,-115.62067590393357,32.77375361627337,27000.0,3300,29000,Ahead,State,True,49.19963059873788,729
2256,11,8,,IMP,R,88.701,,SIDEWINDER ROAD,-114.75467292626071,32.74672141820854,27000.0,4000,27500,Ahead,State,True,49.19963059873788,729
1286,11,111,,IMP,R,2.211,,COLE ROAD,-115.49918304761862,32.69402416004813,26500.0,2200,28000,Back,State,True,48.872556564568264,732
2254,11,8,,IMP,R,83.821,,OGILBY ROAD,-114.83676186805232,32.76030190486659,26500.0,3750,27000,Back,State,True,48.872556564568264,732
2256,11,8,,IMP,R,88.701,,SIDEWINDER ROAD,-114.75467292626071,32.74672141820854,26500.0,3750,27000,Back,State,True,48.872556564568264,732
1278,11,111,,IMP,R,1.183,,JCT. RTE. 98,-115.4986394950065,32.67908449474536,26500.0,2450,30500,Ahead,State,True,48.872556564568264,732
2254,11,8,,IMP,R,83.821,,OGILBY ROAD,-114.83676186805232,32.76030190486659,26500.0,3750,27000,Ahead,State,True,48.872556564568264,732
1280,11,111,,IMP,R,11.299,,ATEN RD,-115.50009670073788,32.82577712200098,26000.0,2650,32500,Back,State,True,48.472371863937205,737
1494,11,163,,SD,,0.598,L,"SAN DIEGO ON 10TH AVENUE  AT ASH STREET, BEGIN LEFT ALIGN",-117.15566278432922,32.719869547628534,26000.0,2850,27000,Back,State,True,48.472371863937205,737
1495,11,163,,SD,,0.607,R,"SAN DIEGO, ON 11TH AVENUE, NORTH OF ASH STREET, END RIGHT ALIGN",-117.15475644529299,32.72076980630006,26000.0,2600,27000,Back,State,True,48.472371863937205,737
1493,11,163,,SD,,0.555,R,"SAN DIEGO, ON 11TH AVENUE AT RUSS BOULEVARD, RIGHT ALIGN",-117.15474101582967,32.71930579311729,26000.0,2600,27000,Ahead,State,True,48.472371863937205,737
1296,11,111,,IMP,R,9.503,,EVAN HEWES HWY,-115.50043326354226,32.79978912017743,25500.0,2300,27000,Back,State,True,48.06449130367862,741
1849,11,75,,SD,,19.586,,JCT. RTE. 282 AT 4TH STREET ON ORANGE AVE,-117.17479478345017,32.69439220143953,25500.0,2050,28500,Back,State,True,48.06449130367862,741
2242,11,8,,IMP,R,47.783,,JCT RTE 7/ORCHARD ROAD,-115.38372639749913,32.773189453362576,25500.0,2450,26000,Back,State,True,48.06449130367862,741
2240,11,8,,IMP,R,42.539,,BOWKER ROAD,-115.47383982892532,32.77346590738253,25500.0,2450,26000,Ahead,State,True,48.06449130367862,741
1791,11,67,,SD,R,20.873,,SAN VICENTE LAKE ROAD (MUSSEY GRADE ROAD),-116.91477012026019,33.008965704601536,25000.0,2250,33000,Back,State,True,47.6796983223026,745
1825,11,75,,SD,R,19.849,R,"CORONADO, ON 4TH STREET AT B AVENUE",-117.17253557261287,32.693507710518894,25000.0,2350,31000,Back,State,True,47.6796983223026,745
2181,11,86,,IMP,,21.25,,LAS FLORES DRIVE,-115.55232627310271,32.9786455995951,25000.0,2250,26000,Back,State,True,47.6796983223026,745
1803,11,67,,SD,,15.2,,POWAY ROAD,-116.97340691560919,32.978499713038886,25000.0,2400,28000,Ahead,State,True,47.6796983223026,745
1824,11,75,,SD,R,19.79,R,"CORONADO, ON 4TH STREET AT C AVENUE",-117.17342751435007,32.69388258217591,25000.0,2350,31000,Ahead,State,True,47.6796983223026,745
2179,11,86,,IMP,,20.99,,"BRAWLEY, RIO VISTA AVENUE",-115.54784880652028,32.978684113189715,25000.0,2250,26000,Ahead,State,True,47.6796983223026,745
1296,11,111,,IMP,R,9.503,,EVAN HEWES HWY,-115.50043326354226,32.79978912017743,24800.0,2300,26000,Ahead,State,True,47.39495151608435,751
1815,11,67,,SD,,24.377,,"RAMONA, JCT. RTE. 78",-116.86860987407707,33.0420458154714,24700.0,2350,26000,Back,State,True,47.310297060181625,752
1824,11,75,,SD,R,19.79,R,"CORONADO, ON 4TH STREET AT C AVENUE",-117.17342751435007,32.69388258217591,24700.0,2300,28000,Back,State,True,47.310297060181625,752
2157,11,86,,IMP,R,22.882,,KALIN ROAD,-115.57802063605403,32.98501529656024,24700.0,2150,26000,Back,State,True,47.310297060181625,752
1822,11,75,,SD,R,19.696,R,"CORONADO, JCT. RTE. 282, BEGIN RIGHT ALIGN",-117.1748504520483,32.69447662274622,24700.0,2300,28000,Ahead,State,True,47.310297060181625,752
2181,11,86,,IMP,,21.25,,LAS FLORES DRIVE,-115.55232627310271,32.9786455995951,24700.0,2150,26000,Ahead,State,True,47.310297060181625,752
2252,11,8,,IMP,R,73.477,,GORDON WELL ROAD,-114.95721976814191,32.708415215118336,24700.0,3750,25500,Ahead,State,True,47.310297060181625,752
2290,11,8,,SD,R,44.931,,SUNRISE HIGHWAY  (LUGUNA JUNCTION),-116.51078700571725,32.81086446344688,24600.0,2700,25000,Back,State,True,47.23333846390641,758
2286,11,8,,SD,R,37.831,,JCT. RTE. 79 NORTH,-116.62577035507312,32.82723643476996,24600.0,3250,25000,Ahead,State,True,47.23333846390641,758
2288,11,8,,SD,R,43.532,,PINE VALLEY ROAD,-116.5330665389987,32.81793154118371,24600.0,2700,25000,Ahead,State,True,47.23333846390641,758
1847,11,75,,SD,,19.38,,"CORONADO, 6TH STREET",-117.1764409569881,32.691580290523255,24500.0,2150,28500,Ahead,State,True,47.15253193781746,761
2286,11,8,,SD,R,37.831,,JCT. RTE. 79 NORTH,-116.62577035507312,32.82723643476996,24400.0,2000,25500,Back,State,True,47.06787748191473,762
1843,11,75,,SD,,19.05,,"CORONADO, 9TH STREET",-117.178948490916,32.687302815221415,24300.0,2700,26000,Back,State,True,46.95628751731569,763
1845,11,75,,SD,,19.16,,"CORONADO, 8TH STREET",-117.17810867302487,32.688732352806554,24300.0,2700,26000,Back,State,True,46.95628751731569,763
1847,11,75,,SD,,19.38,,"CORONADO, 6TH STREET",-117.1764409569881,32.691580290523255,24300.0,2700,26000,Back,State,True,46.95628751731569,763
1841,11,75,,SD,,18.93,,"CORONADO, 10TH STREET/ PARK PLACE",-117.17981727049188,32.685773586869075,24300.0,2700,26000,Ahead,State,True,46.95628751731569,763
1843,11,75,,SD,,19.05,,"CORONADO, 9TH STREET",-117.178948490916,32.687302815221415,24300.0,2700,26000,Ahead,State,True,46.95628751731569,763
1845,11,75,,SD,,19.16,,"CORONADO, 8TH STREET",-117.17810867302487,32.688732352806554,24300.0,2700,26000,Ahead,State,True,46.95628751731569,763
2396,11,94,,SD,,14.86,,JCT. RTE. 54 NORTH,-116.9425285404432,32.73960282739887,24300.0,2150,24500,Ahead,State,True,46.95628751731569,763
1543,11,282,,SD,,0.691,R,"CORONADO, ALAMEDA BLVD. AT 4TH ST, NORTH ISLAND NAVAL AIR STATION, END RIGHT ALIGN",-117.18381541041177,32.6981522189376,24200.0,2900,27500,Back,State,True,46.83700169308912,770
2230,11,8,,IMP,R,33.991,,FORRESTER ROAD,-115.62067590393357,32.77375361627337,24200.0,2350,25000,Back,State,True,46.83700169308912,770
1542,11,282,,SD,,0.581,R,"3RD ST./ALAMEDA BLVD, RIGHT ALIGN",-117.18293990514933,32.69965375666725,24200.0,2900,27500,Ahead,State,True,46.83700169308912,770
2226,11,8,,IMP,R,29.933,,DREW ROAD,-115.6903458354499,32.77384599371932,24200.0,3550,25000,Ahead,State,True,46.83700169308912,770
1378,11,125,,SD,,22.172,,JCT. RTE. 52,-117.00317198438904,32.83671159111683,24000.0,2600,29000,Ahead,State,True,46.64460520240111,774
1586,11,54,,SD,T,14.179,,GROVE RD. LT. T,-116.92784452340045,32.77561256712456,23900.0,2100,24000,Back,State,True,46.49453593966446,775
1588,11,54,,SD,T,14.212,,END ROUTE 54,-116.92789850855577,32.776195197523144,23900.0,2100,24000,Back,State,True,46.49453593966446,775
2252,11,8,,IMP,R,73.477,,GORDON WELL ROAD,-114.95721976814191,32.708415215118336,23900.0,3600,25000,Back,State,True,46.49453593966446,775
2284,11,8,,SD,R,34.326,,EAST WILLOWS ROAD,-116.68107613446652,32.838055906327995,23900.0,2000,25000,Back,State,True,46.49453593966446,775
1584,11,54,,SD,T,13.71,,CHASE AVENUE,-116.92783259287516,32.76888003772487,23900.0,2100,24000,Ahead,State,True,46.49453593966446,775
1586,11,54,,SD,T,14.179,,GROVE RD. LT. T,-116.92784452340045,32.77561256712456,23900.0,2100,24000,Ahead,State,True,46.49453593966446,775
2282,11,8,,SD,R,31.343,,WEST WILLOWS ROAD,-116.73118400740279,32.833673323959765,23900.0,2000,25000,Ahead,State,True,46.49453593966446,775
2250,11,8,,IMP,R,68.827,,"EXPERIMENTAL FARM , BROCK RESEARCH CENTER",-115.03702420433446,32.70777049815746,23800.0,3550,24700,Back,State,True,46.39833769432046,782
2248,11,8,,IMP,R,65.752,,EAST JCT. RTE. 98 WEST,-115.08941058571695,32.710490133189026,23800.0,3550,24700,Ahead,State,True,46.39833769432046,782
2250,11,8,,IMP,R,68.827,,"EXPERIMENTAL FARM , BROCK RESEARCH CENTER",-115.03702420433446,32.70777049815746,23800.0,3550,24700,Ahead,State,True,46.39833769432046,782
1799,11,67,,SD,R,6.229,,WILLOW ROAD,-116.92428962930975,32.8734986544048,23600.0,2200,24800,Back,State,True,46.27135601046637,785
2284,11,8,,SD,R,34.326,,EAST WILLOWS ROAD,-116.68107613446652,32.838055906327995,23500.0,1950,24200,Ahead,State,True,46.175157765122364,786
1584,11,54,,SD,T,13.71,,CHASE AVENUE,-116.92783259287516,32.76888003772487,23400.0,2300,23800,Back,State,True,46.03278436201323,787
2400,11,94,,SD,,19.4,,LYONS VALLEY ROAD,-116.88096637149002,32.72056630926422,23400.0,1950,23500,Back,State,True,46.03278436201323,787
1835,11,75,,SD,,13.973,,"CORONADO, SILVER STRAND STATE PARK",-117.13763360735673,32.62485145439496,23400.0,2900,24700,Ahead,State,True,46.03278436201323,787
2290,11,8,,SD,R,44.931,,SUNRISE HIGHWAY  (LUGUNA JUNCTION),-116.51078700571725,32.81086446344688,23400.0,2700,24800,Ahead,State,True,46.03278436201323,787
2398,11,94,,SD,,17.352,,STEEL CANYON ROAD,-116.90923591869664,32.727726091388725,23400.0,1950,23500,Ahead,State,True,46.03278436201323,787
2474,11,98,,IMP,,31.92,,"CALEXICO, CESAR CHAVEZ BOULEVARD",-115.50538917553993,32.67913168941908,23300.0,1850,24600,Back,State,True,45.89425888871787,792
2472,11,98,,IMP,,31.31,,KLOKE ROAD,-115.51594165194483,32.67916062532111,23300.0,1850,24600,Ahead,State,True,45.89425888871787,792
1797,11,67,,SD,R,5.479,,MAPLEVIEW STREET,-116.92280778997664,32.86293180837102,23100.0,2150,24200,Ahead,State,True,45.68647067877482,794
1813,11,67,,SD,,24.27,,ELEVENTH STREET,-116.87014146300889,33.04112215894045,22900.0,2350,27000,Ahead,State,True,45.39787594274281,795
2398,11,94,,SD,,17.352,,STEEL CANYON ROAD,-116.90923591869664,32.727726091388725,22800.0,1850,22800,Back,State,True,45.33246113590888,796
1867,11,76,,SD,R,14.492,,GIRD RD - LT,-117.1950549408038,33.3142104290582,22600.0,2050,23200,Back,State,True,45.140064645220875,797
2199,11,86,,IMP,,6.006,,JCT. RTE. 8,-115.55212251722995,32.77378524137645,22600.0,2050,23600,Back,State,True,45.140064645220875,797
1865,11,76,,SD,R,12.363,,SOUTH MISSION RD,-117.22200764404221,33.29425651690724,22600.0,2050,23200,Ahead,State,True,45.140064645220875,797
2222,11,8,,IMP,R,11.918,,"OCOTILLO, IMPERIAL HIGHWAY",-115.99433059102915,32.73407103902599,22400.0,3000,24100,Back,State,True,44.97845159304295,800
2224,11,8,,IMP,R,23.48,,DUNAWAY ROAD,-115.80052530728001,32.76874169001847,22400.0,3000,24100,Back,State,True,44.97845159304295,800
2222,11,8,,IMP,R,11.918,,"OCOTILLO, IMPERIAL HIGHWAY",-115.99433059102915,32.73407103902599,22400.0,3000,24100,Ahead,State,True,44.97845159304295,800
2209,11,86,,IMP,,7.43,,"EL CENTRO, EUCLID/HOGAR AVENUES",-115.56988745027006,32.79839477987893,22200.0,1950,23900,Back,State,True,44.832230260120056,803
1805,11,67,,SD,,21.348,,HIGHLAND VALLEY ROAD,-116.90858733326489,33.01315139010887,22100.0,2150,24100,Back,State,True,44.75527166384485,804
2165,11,86,,IMP,R,33.757,,BANNISTER ROAD,-115.72155832910434,33.05203927575935,22100.0,1600,24400,Back,State,True,44.75527166384485,804
1791,11,67,,SD,R,20.873,,SAN VICENTE LAKE ROAD (MUSSEY GRADE ROAD),-116.91477012026019,33.008965704601536,22100.0,2150,24100,Ahead,State,True,44.75527166384485,804
2163,11,86,,IMP,R,29.005,,LACK ROAD,-115.64733823933278,33.037389807269136,22100.0,1600,24400,Ahead,State,True,44.75527166384485,804
2476,11,98,,IMP,,32.314,,JCT. RTE. 111,-115.49872065958904,32.679010980278946,22000.0,1700,22900,Back,State,True,44.662921348314605,808
2474,11,98,,IMP,,31.92,,"CALEXICO, CESAR CHAVEZ BOULEVARD",-115.50538917553993,32.67913168941908,22000.0,1700,22900,Ahead,State,True,44.662921348314605,808
1582,11,54,,SD,T,11.846,,WILLOW GLEN DRIVE,-116.92930399827627,32.7447684335294,21900.0,2250,23100,Ahead,State,True,44.570571032784365,810
2173,11,86,,IMP,,20.08,,"BRAWLEY, WESTERN AVENUE",-115.54358957216138,32.97130641860128,21800.0,2200,24100,Back,State,True,44.50130829613668,811
2169,11,86,,IMP,,19.19,,LEGION ROAD (NORTH ROAD TO PIONEER HOSPITAL),-115.55054922131609,32.95994208874627,21800.0,2200,24100,Ahead,State,True,44.50130829613668,811
1839,11,75,,SD,,18.47,,"CORONADO, POMONA AVENUE",-117.17599473144712,32.680308334695304,21700.0,2450,24600,Back,State,True,44.38971833153763,813
2179,11,86,,IMP,,20.99,,"BRAWLEY, RIO VISTA AVENUE",-115.54784880652028,32.978684113189715,21700.0,1950,22500,Back,State,True,44.38971833153763,813
2226,11,8,,IMP,R,29.933,,DREW ROAD,-115.6903458354499,32.77384599371932,21700.0,3050,22200,Back,State,True,44.38971833153763,813
2248,11,8,,IMP,R,65.752,,EAST JCT. RTE. 98 WEST,-115.08941058571695,32.710490133189026,21700.0,3000,22700,Back,State,True,44.38971833153763,813
1837,11,75,,SD,,17.61,,"CORONADO, GATE 3, ENTRANCE TO NAVAL AMPHIBIOUS BASE",-117.16575000797711,32.67162490347942,21700.0,2450,24600,Ahead,State,True,44.38971833153763,813
2177,11,86,,IMP,,20.627,,SOUTH JCT. RTE. 78,-115.54163060164827,32.97858797536483,21700.0,1950,22500,Ahead,State,True,44.38971833153763,813
2153,11,86,,IMP,L,8.525,,ADAMS/IMPERIAL AVENUES,-115.56995042486639,32.796592959690194,21500.0,2100,26000,Back,State,True,44.10112359550562,819
1841,11,75,,SD,,18.93,,"CORONADO, 10TH STREET/ PARK PLACE",-117.17981727049188,32.685773586869075,21400.0,2400,23700,Back,State,True,43.981837771279054,820
1839,11,75,,SD,,18.47,,"CORONADO, POMONA AVENUE",-117.17599473144712,32.680308334695304,21400.0,2400,23700,Ahead,State,True,43.981837771279054,820
1849,11,75,,SD,,19.586,,JCT. RTE. 282 AT 4TH STREET ON ORANGE AVE,-117.17479478345017,32.69439220143953,21200.0,1850,25500,Ahead,State,True,43.78174542096352,822
1991,11,78,,SD,,35.741,,"RAMONA, EIGHTH STREET",-116.86544194007476,33.043745802734,21000.0,1200,21400,Back,State,True,43.55471756195167,823
1989,11,78,,SD,,35.519,,JCT. RTE. 67 SOUTHWEST,-116.86860987407707,33.0420458154714,21000.0,2050,21600,Ahead,State,True,43.55471756195167,823
2366,11,905,,SD,,2.84,,27TH STREET/ORO VISTA ROAD; BEGIN TIE OFF,-117.07913387605547,32.56441874714556,20800.0,1800,21100,Ahead,State,True,43.31614591349854,825
1837,11,75,,SD,,17.61,,"CORONADO, GATE 3, ENTRANCE TO NAVAL AMPHIBIOUS BASE",-117.16575000797711,32.67162490347942,20700.0,2850,22700,Back,State,True,43.2237955979683,826
2151,11,86,,IMP,L,8.028,,"EL CENTRO, EIGHTH STREET",-115.5615471031001,32.79661563526872,20700.0,1850,22400,Back,State,True,43.2237955979683,826
1809,11,67,,SD,,23.84,,MONTECITO ROAD/15TH STREET,-116.87646147215544,33.037624074590774,20600.0,1900,22000,Back,State,True,43.13529321225181,828
1993,11,78,,SD,,35.85,,"RAMONA, SEVENTH STREET",-116.86384164170174,33.04462801098212,20600.0,1600,20800,Back,State,True,43.13529321225181,828
2161,11,86,,IMP,R,27.211,,"WESTMORLAND, B STREET",-115.61732784783534,33.037400200403525,20600.0,1800,21600,Back,State,True,43.13529321225181,828
1991,11,78,,SD,,35.741,,"RAMONA, EIGHTH STREET",-116.86544194007476,33.043745802734,20600.0,1600,20800,Ahead,State,True,43.13529321225181,828
2159,11,86,,IMP,R,24.057,,JCT RTE 78,-115.58879519665842,32.99927436816235,20600.0,1800,21600,Ahead,State,True,43.13529321225181,828
1807,11,67,,SD,,23.276,,LETTON STREET,-116.88405477045367,33.03245051085028,20300.0,1900,21600,Ahead,State,True,42.79282745882715,833
2201,11,86,,IMP,,63.63,,SALTON SEA BEACH ROAD (BRAWLEY ROAD),-116.02562952866506,33.37442806834218,20200.0,2400,21800,Back,State,True,42.7389564414345,834
2197,11,86,,IMP,,56.12,,"SALTON CITY, SOUTH MARINA DRIVE",-115.96419318583538,33.279305279257756,20200.0,2400,21800,Ahead,State,True,42.7389564414345,834
2356,11,905,,SD,R,11.366,,SIEMPRE VIVA RD O.C.,-116.93998957626016,32.55536953916673,20200.0,1900,21400,Ahead,State,True,42.7389564414345,834
1807,11,67,,SD,,23.276,,LETTON STREET,-116.88405477045367,33.03245051085028,20000.0,1900,21300,Back,State,True,42.5465599507465,837
1805,11,67,,SD,,21.348,,HIGHLAND VALLEY ROAD,-116.90858733326489,33.01315139010887,20000.0,1900,21300,Ahead,State,True,42.5465599507465,837
1817,11,67,,SD,,9.117,,VIGILANTE ROAD,-116.94014731683077,32.904728242581314,19800.0,2050,21500,Back,State,True,42.28105279359705,839
2061,11,7,,IMP,S,0.239,,MENVIELLE ROAD,-115.38903963596064,32.682766488274964,19800.0,1700,20100,Back,State,True,42.28105279359705,839
1799,11,67,,SD,R,6.229,,WILLOW ROAD,-116.92428962930975,32.8734986544048,19800.0,2050,21500,Ahead,State,True,42.28105279359705,839
2067,11,7,,IMP,S,0,,BEGIN SPUR RTE 7 AT U.S. CUSTOMS STATION,-115.3902859406195,32.67977471162294,19800.0,1700,20100,Ahead,State,True,42.28105279359705,839
2197,11,86,,IMP,,56.12,,"SALTON CITY, SOUTH MARINA DRIVE",-115.96419318583538,33.279305279257756,19700.0,2400,21200,Back,State,True,42.119439741419114,843
2195,11,86,,IMP,,53.9,,AIR PARK DRIVE,-115.94384919859775,33.251999792522966,19700.0,2400,21200,Ahead,State,True,42.119439741419114,843
2209,11,86,,IMP,,7.43,,"EL CENTRO, EUCLID/HOGAR AVENUES",-115.56988745027006,32.79839477987893,19700.0,1850,21300,Ahead,State,True,42.119439741419114,843
2183,11,86,,IMP,,27.51,,"WESTMORLAND, CENTER STREET",-115.62161438379235,33.03740338890634,19300.0,1800,20500,Back,State,True,41.65384023395413,846
2161,11,86,,IMP,R,27.211,,"WESTMORLAND, B STREET",-115.61732784783534,33.037400200403525,19300.0,1800,20500,Ahead,State,True,41.65384023395413,846
2149,11,86,,IMP,L,7.308,,MAIN STREET,-115.55252362308914,32.79284185053565,19200.0,1700,20700,Ahead,State,True,41.503770971217484,848
2480,11,98,,IMP,,32.614,,HEBER AVENUE,-115.49355648127757,32.679053013720846,19100.0,1750,20400,Back,State,True,41.43066030475604,849
2478,11,98,,IMP,,32.46,,"CALEXICO, ROCKWOOD AVENUE",-115.49628397758424,32.67899031249997,19100.0,1750,20400,Ahead,State,True,41.43066030475604,849
2232,11,8,,IMP,R,36.973,,IMPERIAL AVENUE,-115.56940188031628,32.77379565265702,19000.0,2500,21700,Back,State,True,41.2998306910882,851
2175,11,86,,IMP,,20.25,,"BRAWLEY, K STREET",-115.54168612921093,32.97311483291041,18800.0,1850,21300,Back,State,True,40.97660458673234,852
2173,11,86,,IMP,,20.08,,"BRAWLEY, WESTERN AVENUE",-115.54358957216138,32.97130641860128,18800.0,1850,21300,Ahead,State,True,40.97660458673234,852
1819,11,67,,SD,,9.32,,SLAUGHTER HOUSE CANYON ROAD,-116.94291835807256,32.90689784861665,18600.0,1750,19500,Back,State,True,40.738032938279204,854
1817,11,67,,SD,,9.117,,VIGILANTE ROAD,-116.94014731683077,32.904728242581314,18600.0,1750,19500,Ahead,State,True,40.738032938279204,854
2151,11,86,,IMP,L,8.028,,"EL CENTRO, EIGHTH STREET",-115.5615471031001,32.79661563526872,18500.0,1750,19900,Ahead,State,True,40.61105125442512,856
2205,11,86,,IMP,,67.824,,IMPERIAL/RIVERSIDE COUNTY LINE,-116.05975048873175,33.42617008408129,18400.0,1600,20900,Back,State,True,40.50330921963983,857
2482,11,98,,IMP,,32.78,,"CALEXICO, BLAIR AVENUE",-115.4906912947974,32.679107437664406,18400.0,1750,20400,Back,State,True,40.50330921963983,857
1280,11,111,,IMP,R,11.299,,ATEN RD,-115.50009670073788,32.82577712200098,18400.0,1400,18500,Ahead,State,True,40.50330921963983,857
2203,11,86,,IMP,,66.143,,DESERT SHORES DRIVE,-116.04587728477622,33.40538451401536,18400.0,1600,20200,Ahead,State,True,40.50330921963983,857
2294,11,8,,SD,R,61.147,R,CRESTWOOD ROAD,-116.36111789852613,32.70522729763283,18400.0,2400,20100,Ahead,State,True,40.50330921963983,857
2295,11,8,,SD,R,61.183,L,CRESTWOOD ROAD UC- LEFT,-116.36148506244064,32.7058260777332,18400.0,2400,20100,Ahead,State,True,40.50330921963983,857
2480,11,98,,IMP,,32.614,,HEBER AVENUE,-115.49355648127757,32.679053013720846,18400.0,1750,20400,Ahead,State,True,40.50330921963983,857
1282,11,111,,IMP,R,12.874,,WORTHINGTON ROAD,-115.5074910518451,32.84737859638646,18200.0,1400,18400,Back,State,True,40.25319378174542,864
1284,11,111,,IMP,R,17.385,,KEYSTONE ROAD,-115.50900524220654,32.912640940284824,18200.0,1600,19500,Back,State,True,40.25319378174542,864
1282,11,111,,IMP,R,12.874,,WORTHINGTON ROAD,-115.5074910518451,32.84737859638646,18200.0,1600,19500,Ahead,State,True,40.25319378174542,864
1382,11,125,,SD,,3.061,,OLYMPIC PARKWAY,-116.97116058930804,32.63148827026481,17800.0,1600,19700,Back,State,True,39.76065876558412,867
1871,11,76,,SD,R,17.303,,JCT. RTE. 15,-117.15930746323593,33.33102314520927,17800.0,2550,18900,Ahead,State,True,39.76065876558412,867
2478,11,98,,IMP,,32.46,,"CALEXICO, ROCKWOOD AVENUE",-115.49628397758424,32.67899031249997,17700.0,1600,19100,Back,State,True,39.59134985377867,869
1801,11,67,,SD,,13.56,,RIO MARIA RD RT T,-116.96912307280141,32.95495142637456,17600.0,1600,18100,Back,State,True,39.4335847314145,870
2220,11,8,,IMP,R,10.01,,JCT. RTE. 98,-116.02564458442922,32.72662281648479,17600.0,2200,20200,Back,State,True,39.4335847314145,870
1819,11,67,,SD,,9.32,,SLAUGHTER HOUSE CANYON ROAD,-116.94291835807256,32.90689784861665,17600.0,1600,18100,Ahead,State,True,39.4335847314145,870
2476,11,98,,IMP,,32.314,,JCT. RTE. 111,-115.49872065958904,32.679010980278946,17600.0,1650,20300,Ahead,State,True,39.4335847314145,870
2296,11,8,,SD,R,65.904,,JCT. RTE. 94 SOUTH,-116.29123897036568,32.67690577599895,17500.0,2350,19300,Back,State,True,39.310450977374174,874
1288,11,111,,IMP,R,22.015,,JCT. RTE. 78,-115.50133184113444,32.97862796297349,17300.0,1550,20000,Back,State,True,39.0757272587348,875
2292,11,8,,SD,R,51.98,,CAMERON ROAD,-116.47078546269664,32.71838042605435,17300.0,2400,18200,Back,State,True,39.0757272587348,875
2294,11,8,,SD,R,61.147,R,CRESTWOOD ROAD,-116.36111789852613,32.70522729763283,17300.0,2400,18200,Back,State,True,39.0757272587348,875
2295,11,8,,SD,R,61.183,L,CRESTWOOD ROAD UC- LEFT,-116.36148506244064,32.7058260777332,17300.0,2400,18200,Back,State,True,39.0757272587348,875
1284,11,111,,IMP,R,17.385,,KEYSTONE ROAD,-115.50900524220654,32.912640940284824,17300.0,1550,19200,Ahead,State,True,39.0757272587348,875
2292,11,8,,SD,R,51.98,,CAMERON ROAD,-116.47078546269664,32.71838042605435,17300.0,2400,18200,Ahead,State,True,39.0757272587348,875
1947,11,78,,SD,T,19.271,,"ESCONDIDO, VALLEY PARKWAY BOULEVARD",-117.06710360093959,33.130461909602644,17000.0,1500,17100,Back,State,True,38.71017392642758,881
1945,11,78,,SD,T,19.094,,ESCONDIDO  ASH STREET,-117.06800799242832,33.13310627599052,17000.0,1500,17100,Ahead,State,True,38.71017392642758,881
2246,11,8,,IMP,R,53.497,,JCT. RTE. 115 NORTH,-115.28562239143355,32.77287001752807,17000.0,2400,18600,Ahead,State,True,38.71017392642758,881
2165,11,86,,IMP,R,33.757,,BANNISTER ROAD,-115.72155832910434,33.05203927575935,16900.0,1450,19000,Ahead,State,True,38.544712944435894,884
2242,11,8,,IMP,R,47.783,,JCT RTE 7/ORCHARD ROAD,-115.38372639749913,32.773189453362576,16900.0,2200,18600,Ahead,State,True,38.544712944435894,884
1995,11,78,,SD,,35.96,,"RAMONA, SIXTH STREET",-116.86228660135107,33.04548899155543,16800.0,1350,16900,Back,State,True,38.410035400954285,886
2484,11,98,,IMP,,32.92,,ENCINAS AVENUE,-115.4883063746176,32.67914753312902,16800.0,1600,18700,Back,State,True,38.410035400954285,886
1993,11,78,,SD,,35.85,,"RAMONA, SEVENTH STREET",-116.86384164170174,33.04462801098212,16800.0,1350,16900,Ahead,State,True,38.410035400954285,886
2482,11,98,,IMP,,32.78,,"CALEXICO, BLAIR AVENUE",-115.4906912947974,32.679107437664406,16800.0,1600,18700,Ahead,State,True,38.410035400954285,886
2484,11,98,,IMP,,32.92,,ENCINAS AVENUE,-115.4883063746176,32.67914753312902,16800.0,1600,18700,Ahead,State,True,38.410035400954285,886
2163,11,86,,IMP,R,29.005,,LACK ROAD,-115.64733823933278,33.037389807269136,16400.0,1600,27000,Back,State,True,37.944435893489306,891
2187,11,86,,IMP,,28.006,,MARTIN ROAD,-115.63016281132482,33.03740795628206,16400.0,5500,37500,Ahead,State,True,37.944435893489306,891
1803,11,67,,SD,,15.2,,POWAY ROAD,-116.97340691560919,32.978499713038886,16300.0,1600,18800,Back,State,True,37.83669385870402,893
1801,11,67,,SD,,13.56,,RIO MARIA RD RT T,-116.96912307280141,32.95495142637456,16300.0,1600,18800,Ahead,State,True,37.83669385870402,893
2224,11,8,,IMP,R,23.48,,DUNAWAY ROAD,-115.80052530728001,32.76874169001847,16300.0,2150,17100,Ahead,State,True,37.83669385870402,893
2296,11,8,,SD,R,65.904,,JCT. RTE. 94 SOUTH,-116.29123897036568,32.67690577599895,16300.0,2200,19500,Ahead,State,True,37.83669385870402,893
2201,11,86,,IMP,,63.63,,SALTON SEA BEACH ROAD (BRAWLEY ROAD),-116.02562952866506,33.37442806834218,16200.0,2350,17200,Ahead,State,True,37.74819147298753,897
1536,11,282,,SD,,0.15,R,"3RD ST. AT E AVENUE, RIGHT ALIGN",-117.17631200832065,32.69688059840062,16100.0,2400,17700,Back,State,True,37.66738494689857,898
1540,11,282,,SD,,0.51,R,"3RD ST. AT J AVENUE, RIGHT ALIGN",-117.181850996108,32.69919180130473,16100.0,2100,18000,Back,State,True,37.66738494689857,898
2246,11,8,,IMP,R,53.497,,JCT. RTE. 115 NORTH,-115.28562239143355,32.77287001752807,16100.0,3250,20500,Back,State,True,37.66738494689857,898
1538,11,282,,SD,,0.366,R,"3RD ST. AT H AVENUE, RIGHT ALIGN",-117.17956540085251,32.698242721385306,16100.0,2100,18000,Ahead,State,True,37.66738494689857,898
1545,11,282,,SD,,0,R,"JCT. RTE. 75, BEGIN RIGHT ALIGN",-117.17402061623662,32.6959221447438,16100.0,1450,18200,Ahead,State,True,37.66738494689857,898
1905,11,78,,IMP,R,13.897,,BEST ROAD,-115.50930560200662,32.99904593871461,16000.0,1050,17300,Back,State,True,37.46729259658304,903
2187,11,86,,IMP,,28.006,,MARTIN ROAD,-115.63016281132482,33.03740795628206,16000.0,1450,16800,Back,State,True,37.46729259658304,903
1903,11,78,,IMP,R,12.891,,JCT 78/111 - WEST,-115.52639487349398,33.000385413488246,16000.0,970,18700,Ahead,State,True,37.46729259658304,903
2185,11,86,,IMP,,27.76,,"WESTMORLAND, WEST CITY LIMITS/ H STREET",-115.62591170402435,33.037406154936185,16000.0,1450,16800,Ahead,State,True,37.46729259658304,903
1544,11,282,,SD,,0,L,"JCT RTE 75 AT ORANGE AVE, BEGIN LEFT ALIGN",-117.1748504520483,32.69447662274622,15800.0,1450,16700,Ahead,State,True,37.10558719408958,907
2400,11,94,,SD,,19.4,,LYONS VALLEY ROAD,-116.88096637149002,32.72056630926422,15700.0,1350,15800,Ahead,State,True,36.9786055102355,908
2203,11,86,,IMP,,66.143,,DESERT SHORES DRIVE,-116.04587728477622,33.40538451401536,15600.0,1600,17900,Back,State,True,36.836232107126364,909
2220,11,8,,IMP,R,10.01,,JCT. RTE. 98,-116.02564458442922,32.72662281648479,15600.0,2050,18100,Ahead,State,True,36.836232107126364,909
2177,11,86,,IMP,,20.627,,SOUTH JCT. RTE. 78,-115.54163060164827,32.97858797536483,15400.0,1500,18700,Back,State,True,36.54378944128059,911
1537,11,282,,SD,,0.366,L,"4TH ST. AT H AVENUE, LEFT ALIGN",-117.18051002159461,32.69686015852419,15100.0,1700,15300,Back,State,True,36.15899645990457,912
1975,11,78,,SD,,20.95,,SUMMIT DRIVE,-117.04509009205148,33.10739923048281,15100.0,1300,15200,Back,State,True,36.15899645990457,912
1535,11,282,,SD,,0.15,L,"4TH ST. AT E AVENUE, LEFT ALIGN",-117.17716878101444,32.695454239400554,15100.0,1700,15300,Ahead,State,True,36.15899645990457,912
1973,11,78,,SD,,20.64,,BEAR VALLEY PARKWAY,-117.04995758467238,33.109255976571866,15100.0,1300,15200,Ahead,State,True,36.15899645990457,912
1949,11,78,,SD,T,19.525,,"ESCONDIDO, GRAND AVENUE",-117.0655927163784,33.127198983508016,15000.0,1400,15300,Back,State,True,36.02816684623672,916
1947,11,78,,SD,T,19.271,,"ESCONDIDO, VALLEY PARKWAY BOULEVARD",-117.06710360093959,33.130461909602644,15000.0,1400,15300,Ahead,State,True,36.02816684623672,916
1535,11,282,,SD,,0.15,L,"4TH ST. AT E AVENUE, LEFT ALIGN",-117.17716878101444,32.695454239400554,14900.0,2000,16400,Back,State,True,35.801138987224874,918
1889,11,76,,SD,,23.01,,PALA MISSION ROAD,-117.08538086115256,33.36446910566636,14900.0,1650,15900,Back,State,True,35.801138987224874,918
1969,11,78,,SD,,19.221,,"ESCONDIDO, OAK HILL DRIVE/5TH AVENUE",-117.0629473332752,33.1240023533666,14800.0,1300,15000,Back,State,True,35.597198707095586,920
1997,11,78,,SD,,36.29,,"RAMONA, THIRD STREET",-116.85783417890046,33.048225820332085,14800.0,1200,14900,Back,State,True,35.597198707095586,920
2244,11,8,,IMP,R,50.492,,BONDS CORNER ROAD,-115.33721227258623,32.77320709087201,14800.0,1450,15100,Back,State,True,35.597198707095586,920
1949,11,78,,SD,T,19.525,,"ESCONDIDO, GRAND AVENUE",-117.0655927163784,33.127198983508016,14800.0,1300,15000,Ahead,State,True,35.597198707095586,920
1995,11,78,,SD,,35.96,,"RAMONA, SIXTH STREET",-116.86228660135107,33.04548899155543,14800.0,1200,14900,Ahead,State,True,35.597198707095586,920
2244,11,8,,IMP,R,50.492,,BONDS CORNER ROAD,-115.33721227258623,32.77320709087201,14600.0,1300,15000,Ahead,State,True,35.34708326920117,925
1973,11,78,,SD,,20.64,,BEAR VALLEY PARKWAY,-117.04995758467238,33.109255976571866,14300.0,1300,14500,Back,State,True,34.99692165614899,926
1971,11,78,,SD,,20.19,,17TH AVENUE,-117.056439940052,33.11142306302074,14300.0,1300,14500,Ahead,State,True,34.99692165614899,926
1538,11,282,,SD,,0.366,R,"3RD ST. AT H AVENUE, RIGHT ALIGN",-117.17956540085251,32.698242721385306,14200.0,1700,16100,Back,State,True,34.881483761736185,928
1536,11,282,,SD,,0.15,R,"3RD ST. AT E AVENUE, RIGHT ALIGN",-117.17631200832065,32.69688059840062,14200.0,1700,16100,Ahead,State,True,34.881483761736185,928
1496,11,163,,SD,,0.628,L,"SAN DIEGO, ON 10TH AVENUE, NORTH OF ASH STREET, END LEFT ALIGN",-117.15559938393142,32.720300921780414,14100.0,2800,17000,Back,State,True,34.71987070955826,930
1539,11,282,,SD,,0.51,L,"4TH ST. AT J AVENUE, LEFT ALIGN",-117.1826954376279,32.69777253008581,14100.0,1600,14300,Back,State,True,34.71987070955826,930
2169,11,86,,IMP,,19.19,,LEGION ROAD (NORTH ROAD TO PIONEER HOSPITAL),-115.55054922131609,32.95994208874627,14100.0,1300,15900,Back,State,True,34.71987070955826,930
1494,11,163,,SD,,0.598,L,"SAN DIEGO ON 10TH AVENUE  AT ASH STREET, BEGIN LEFT ALIGN",-117.15566278432922,32.719869547628534,14100.0,1750,17300,Ahead,State,True,34.71987070955826,930
1537,11,282,,SD,,0.366,L,"4TH ST. AT H AVENUE, LEFT ALIGN",-117.18051002159461,32.69686015852419,14100.0,1600,14300,Ahead,State,True,34.71987070955826,930
2167,11,86,,IMP,,15.32,,KEYSTONE ROAD,-115.56997916466729,32.9126027561244,13900.0,1250,15700,Ahead,State,True,34.392796675388645,935
1971,11,78,,SD,,20.19,,17TH AVENUE,-117.056439940052,33.11142306302074,13700.0,1300,13900,Back,State,True,34.16576881637679,936
2167,11,86,,IMP,,15.32,,KEYSTONE ROAD,-115.56997916466729,32.9126027561244,13700.0,1350,14800,Back,State,True,34.16576881637679,936
2193,11,86,,IMP,,43.559,,NORTH JCT. RTE. 78,-115.8551194628649,33.12576727460955,13700.0,1200,15400,Back,State,True,34.16576881637679,936
2175,11,86,,IMP,,20.25,,"BRAWLEY, K STREET",-115.54168612921093,32.97311483291041,13700.0,1200,14200,Ahead,State,True,34.16576881637679,936
1542,11,282,,SD,,0.581,R,"3RD ST./ALAMEDA BLVD, RIGHT ALIGN",-117.18293990514933,32.69965375666725,13600.0,1700,15000,Back,State,True,34.02724334308142,940
1893,11,76,,SD,,29.866,,COLE GRADE ROAD,-116.99290762464523,33.318913347716936,13600.0,1200,14300,Back,State,True,34.02724334308142,940
1945,11,78,,SD,T,19.094,,ESCONDIDO  ASH STREET,-117.06800799242832,33.13310627599052,13600.0,1350,14800,Back,State,True,34.02724334308142,940
1540,11,282,,SD,,0.51,R,"3RD ST. AT J AVENUE, RIGHT ALIGN",-117.181850996108,32.69919180130473,13600.0,1700,15000,Ahead,State,True,34.02724334308142,940
1539,11,282,,SD,,0.51,L,"4TH ST. AT J AVENUE, LEFT ALIGN",-117.1826954376279,32.69777253008581,13500.0,1550,13900,Ahead,State,True,33.87717408034477,944
1943,11,78,,SD,T,18.408,,"ESCONDIDO, HICKORY STREET",-117.07843865907729,33.1286517068564,13500.0,1400,14600,Ahead,State,True,33.87717408034477,944
2486,11,98,,IMP,,33.253,,ANDRADE AVENUE,-115.4825409619713,32.67919999715678,13400.0,1300,15000,Back,State,True,33.68092965984301,946
1969,11,78,,SD,,19.221,,"ESCONDIDO, OAK HILL DRIVE/5TH AVENUE",-117.0629473332752,33.1240023533666,13400.0,1250,13600,Ahead,State,True,33.68092965984301,946
2300,11,8,,SD,R,77.576,,IN KO PAH,-116.10721991086386,32.64211481813073,13400.0,1400,20300,Ahead,State,True,33.68092965984301,946
2300,11,8,,SD,R,77.576,,IN KO PAH,-116.10721991086386,32.64211481813073,13200.0,1400,21000,Back,State,True,33.33461597660459,949
2061,11,7,,IMP,S,0.239,,MENVIELLE ROAD,-115.38903963596064,32.682766488274964,13200.0,1100,13300,Ahead,State,True,33.33461597660459,949
2298,11,8,,SD,R,73.951,,CARRIZO GORGE,-116.16617363004848,32.63627978514389,13200.0,1400,21000,Ahead,State,True,33.33461597660459,949
2306,11,8,,SD,T,0.466,,EB RIGHT TURN FR NIMITZ BLVD,-117.2362341167714,32.754478092271285,13100.0,930,13600,Back,State,True,33.21917808219178,952
1891,11,76,,SD,,24.13,,COUNTY ROAD S 16,-117.0665741428943,33.364309024130236,13000.0,1150,13700,Ahead,State,True,33.09219639833769,953
2490,11,98,,IMP,,35.197,,"CALEXICO, COLE ROAD",-115.45550975855346,32.693504476363735,13000.0,1300,13100,Ahead,State,True,33.09219639833769,953
2195,11,86,,IMP,,53.9,,AIR PARK DRIVE,-115.94384919859775,33.251999792522966,12900.0,1200,14300,Back,State,True,32.930583346159764,955
1541,11,282,,SD,,0.581,L,"4TH ST.  AT ALAMEDA BLVD, END LEFT ALIGN",-117.18377101028051,32.69822601776055,12800.0,1450,13100,Back,State,True,32.7920578728644,956
1358,11,11,,SD,,0.745,,SANYO AVE,-116.94097469664848,32.56392780585134,12800.0,1900,16700,Ahead,State,True,32.7920578728644,956
2193,11,86,,IMP,,43.559,,NORTH JCT. RTE. 78,-115.8551194628649,33.12576727460955,12600.0,1100,14100,Ahead,State,True,32.58042173310759,958
1903,11,78,,IMP,R,12.891,,JCT 78/111 - WEST,-115.52639487349398,33.000385413488246,12500.0,880,14700,Back,State,True,32.3957211020471,959
2228,11,8,,IMP,R,3.048,L,MOUNTAIN SPRINGS LEFT ALIGN,-116.09929386400799,32.67860973612708,12500.0,1350,12800,Back,State,True,32.3957211020471,959
2228,11,8,,IMP,R,3.048,L,MOUNTAIN SPRINGS LEFT ALIGN,-116.09929386400799,32.67860973612708,12500.0,1350,12800,Ahead,State,True,32.3957211020471,959
1933,11,78,,SD,R,22.56,,CLOVERDALE/SAN PASQUAL ROAD,-117.0209721340832,33.09767913109187,12400.0,930,12500,Back,State,True,32.21871633061413,962
2492,11,98,,IMP,,36.63,,BARBARA WORTH ROAD,-115.43097831863636,32.693865664544845,12400.0,1200,12700,Back,State,True,32.21871633061413,962
1893,11,76,,SD,,29.866,,COLE GRADE ROAD,-116.99290762464523,33.318913347716936,12400.0,1300,14300,Ahead,State,True,32.21871633061413,962
1975,11,78,,SD,,20.95,,SUMMIT DRIVE,-117.04509009205148,33.10739923048281,12400.0,930,12500,Ahead,State,True,32.21871633061413,962
2494,11,98,,IMP,,37.628,,ANDERHOLT RD. F,-115.41378131399361,32.69381303223041,12200.0,1150,13200,Back,State,True,31.98399261197476,966
2304,11,8,,SD,T,0.407,,"SAN DIEGO, SUNSET CLIFFS BOULEVARD",-117.23708256208253,32.75420630633798,12200.0,870,12700,Ahead,State,True,31.98399261197476,966
2492,11,98,,IMP,,36.63,,BARBARA WORTH ROAD,-115.43097831863636,32.693865664544845,12200.0,1250,13000,Ahead,State,True,31.98399261197476,966
2298,11,8,,SD,R,73.951,,CARRIZO GORGE,-116.16617363004848,32.63627978514389,12000.0,1550,19500,Back,State,True,31.660766507618902,969
2494,11,98,,IMP,,37.628,,ANDERHOLT RD. F,-115.41378131399361,32.69381303223041,11900.0,1100,11900,Ahead,State,True,31.445282438048327,970
1360,11,11,,SD,,1.401,,END ROUTE 11,-116.9297155569321,32.56377404176293,11800.0,1300,13200,Back,State,True,31.25673387717408,971
2191,11,86,,IMP,,4.53,,MC CABE ROAD,-115.5518694133054,32.75237179230095,11700.0,920,11800,Ahead,State,True,31.06818531629983,972
9,11,8,,IMP,R,0,L,"SAN DIEGO/IMPERIAL COUNTY LINE, LEFT ALIGN",-116.10580493942555,32.64535527742252,11500.0,2500,12400,Ahead,State,True,30.77959058026782,973
1362,11,125,,SD,L,2.447,,OTAY RIVER BRIDGE,-116.96559968891593,32.58658733816321,11500.0,1350,12300,Ahead,State,True,30.77959058026782,973
1901,11,78,,IMP,R,10.809,,BRANDT RD,-115.56145276741884,33.00000168462734,11500.0,820,14000,Ahead,State,True,30.77959058026782,973
2229,11,8,,IMP,R,3.091,R,MOUNTAIN SPRINGS RIGHT ALIGN,-116.09947232871221,32.67624313996216,11400.0,1200,11600,Back,State,True,30.61412959827613,976
2229,11,8,,IMP,R,3.091,R,MOUNTAIN SPRINGS RIGHT ALIGN,-116.09947232871221,32.67624313996216,11400.0,1200,11600,Ahead,State,True,30.61412959827613,976
1987,11,78,,SD,,35.12,,OLIVE STREET,-116.871122813168,33.04759095399755,11200.0,1150,12400,Back,State,True,30.425581037401876,978
2370,11,905,,SD,,3.19,L,"SAN DIEGO, JCT. RTE. 5, LEFT ALIGN",-117.07359425495581,32.56539761682376,11200.0,1100,12000,Back,State,True,30.425581037401876,978
1985,11,78,,SD,,34.352,,ASH ST,-116.87151391269325,33.05854048872153,11200.0,1150,12400,Ahead,State,True,30.425581037401876,978
2368,11,905,,SD,,2.96,L,BEGIN LEFT ALIGN,-117.07712175043036,32.56412277207988,11200.0,1100,12000,Ahead,State,True,30.425581037401876,978
2157,11,86,,IMP,R,22.882,,KALIN ROAD,-115.57802063605403,32.98501529656024,11100.0,970,11900,Ahead,State,True,30.29090349392027,982
2159,11,86,,IMP,R,24.057,,JCT RTE 78,-115.58879519665842,32.99927436816235,11000.0,1050,13300,Back,State,True,30.125442511928586,983
2073,11,7,,IMP,,0.672,,MAGGIO ROAD,-115.38010203668752,32.686499078790355,10600.0,870,11100,Back,State,True,29.398183777127905,984
1977,11,78,,SD,,23,,SAN PASQUAL VALLEY ROAD,-117.01814772842204,33.09884086801651,10400.0,1200,11200,Back,State,True,29.11343697090965,985
1979,11,78,,SD,,24.023,,WILD ANIMAL PARK ROAD,-117.0025308298213,33.094301417711584,10400.0,1200,11200,Back,State,True,29.11343697090965,985
1933,11,78,,SD,R,22.56,,CLOVERDALE/SAN PASQUAL ROAD,-117.0209721340832,33.09767913109187,10400.0,1200,11600,Ahead,State,True,29.11343697090965,985
1977,11,78,,SD,,23,,SAN PASQUAL VALLEY ROAD,-117.01814772842204,33.09884086801651,10400.0,1200,11200,Ahead,State,True,29.11343697090965,985
2219,11,8,,IMP,R,0,R,"SAN DIEGO/IMPERIAL COUNTY LINE, RIGHT ALIGN",-116.1058137177625,32.64452349712327,10400.0,2200,11000,Ahead,State,True,29.11343697090965,985
177,11,905,,SD,,3.19,R,"SAN DIEGO, JCT. RTE. 5, RIGHT ALIGN",-117.07340396932076,32.56489949615726,10300.0,920,10600,Back,State,True,28.9248884100354,990
1901,11,78,,IMP,R,10.809,,BRANDT RD,-115.56145276741884,33.00000168462734,10300.0,830,11200,Back,State,True,28.9248884100354,990
1913,11,78,,IMP,,15.499,,E JCT RTE 78/111,-115.50134162738115,32.978639878469565,10300.0,1100,12500,Back,State,True,28.9248884100354,990
2371,11,905,,SD,,3.207,R,"JCT RTE 5, RIGHT ALIGN",-117.0731423844016,32.56500664698024,10300.0,920,10600,Back,State,True,28.9248884100354,990
177,11,905,,SD,,3.19,R,"SAN DIEGO, JCT. RTE. 5, RIGHT ALIGN",-117.07340396932076,32.56489949615726,10300.0,920,10600,Ahead,State,True,28.9248884100354,990
1905,11,78,,IMP,R,13.897,,BEST ROAD,-115.50930560200662,32.99904593871461,10300.0,1050,11500,Ahead,State,True,28.9248884100354,990
1907,11,78,,IMP,R,9.203,,SOUTH JCT RTE 86,-115.58890759296843,32.99916068277433,10300.0,830,12000,Ahead,State,True,28.9248884100354,990
2369,11,905,,SD,,2.96,R,BEGIN RIGHT ALIGN,-117.07713188073183,32.56401621678947,10300.0,920,10600,Ahead,State,True,28.9248884100354,990
2063,11,7,,IMP,S,0.449,,JCT RTE 7,-115.38574252781376,32.68284758320558,10100.0,820,10200,Back,State,True,28.659381252885947,998
2496,11,98,,IMP,,39.654,,JCT. RTE. 7,-115.3793005822489,32.693771850938084,10100.0,1050,11000,Back,State,True,28.659381252885947,998
2063,11,7,,IMP,S,0.449,,JCT RTE 7,-115.38574252781376,32.68284758320558,10100.0,820,10200,Ahead,State,True,28.659381252885947,998
2472,11,98,,IMP,,31.31,,KLOKE ROAD,-115.51594165194483,32.67916062532111,10000.0,840,10700,Back,State,True,28.532399569031863,1001
2470,11,98,,IMP,,30.27,,DOGWOOD ROAD,-115.5333449969134,32.67923954288218,10000.0,840,10700,Ahead,State,True,28.532399569031863,1001
1985,11,78,,SD,,34.352,,ASH ST,-116.87151391269325,33.05854048872153,9900.0,1000,11400,Back,State,True,28.33230721871633,1003
1983,11,78,,SD,,33.05,,WEEKEND VILLA ROAD,-116.88478573678688,33.07016384843511,9900.0,1000,11400,Ahead,State,True,28.33230721871633,1003
1987,11,78,,SD,,35.12,,OLIVE STREET,-116.871122813168,33.04759095399755,9900.0,850,10400,Ahead,State,True,28.33230721871633,1003
2077,11,7,,IMP,,1.188,,"CALEXICO, JCT RTE 98",-115.37888431642095,32.693780861639006,9800.0,1000,10400,Back,State,True,28.101431429890717,1006
1989,11,78,,SD,,35.519,,JCT. RTE. 67 SOUTHWEST,-116.86860987407707,33.0420458154714,9700.0,850,10400,Back,State,True,27.94751423734031,1007
1983,11,78,,SD,,33.05,,WEEKEND VILLA ROAD,-116.88478573678688,33.07016384843511,9500.0,1000,11000,Back,State,True,27.60889641372941,1008
1935,11,78,,SD,R,27.315,,BANDY CANYON ROAD,-116.95433995092158,33.091834083577126,9500.0,1000,11000,Ahead,State,True,27.60889641372941,1008
1891,11,76,,SD,,24.13,,COUNTY ROAD S 16,-117.0665741428943,33.364309024130236,9300.0,830,9800,Back,State,True,27.32414960751116,1010
1527,11,186,,IMP,,2.07,,JCT. RTE. 8,-114.7201043743155,32.74347612202754,9100.0,970,10600,Back,State,True,26.96629213483146,1011
2406,11,94,,SD,,24.554,,HONEY SPRINGS ROAD,-116.8253190014216,32.66989272648189,9100.0,780,11000,Back,State,True,26.96629213483146,1011
2073,11,7,,IMP,,0.672,,MAGGIO ROAD,-115.38010203668752,32.686499078790355,8700.0,630,10000,Ahead,State,True,26.300600277050947,1013
1300,11,111,,IMP,,23.538,,SHANK ROAD,-115.5264219990223,32.99883853608615,8600.0,990,9100,Back,State,True,26.069724488225333,1014
1999,11,78,,SD,,37.11,,MAGNOLIA AVENUE,-116.84483153318511,33.05111188697815,8600.0,690,17000,Back,State,True,26.069724488225333,1014
1288,11,111,,IMP,R,22.015,,JCT. RTE. 78,-115.50133184113444,32.97862796297349,8600.0,990,9100,Ahead,State,True,26.069724488225333,1014
1997,11,78,,SD,,36.29,,"RAMONA, THIRD STREET",-116.85783417890046,33.048225820332085,8600.0,690,17000,Ahead,State,True,26.069724488225333,1014
2077,11,7,,IMP,,1.188,,"CALEXICO, JCT RTE 98",-115.37888431642095,32.693780861639006,8600.0,850,9800,Ahead,State,True,26.069724488225333,1014
1529,11,188,,SD,,0.05,,U. S. CUSTOMS STATION,-116.62761277456801,32.577088421950485,8300.0,830,8400,Back,State,True,25.573341542250272,1019
2079,11,7,,IMP,,6.718,,JCT. RTE. 8,-115.38376074907559,32.77328896917422,8300.0,610,10000,Back,State,True,25.573341542250272,1019
1531,11,188,,SD,,0,,MEXICAN BOUNDARY,-116.62747207683495,32.576298089070185,8300.0,830,8400,Ahead,State,True,25.573341542250272,1019
1889,11,76,,SD,,23.01,,PALA MISSION ROAD,-117.08538086115256,33.36446910566636,8100.0,720,8500,Ahead,State,True,25.20009235031553,1022
2410,11,94,,SD,,28.3,,DULZURA POST OFFICE,-116.78076870241593,32.644002651043884,7800.0,690,9600,Back,State,True,24.43820224719101,1023
2412,11,94,,SD,,29.792,,MARRON VALLEY,-116.76408316974987,32.63145495077058,7800.0,780,9400,Back,State,True,24.43820224719101,1023
2071,11,7,,IMP,,0.264,,CALEXICO VEHICLE INSPECTION,-115.3856173053581,32.68282775330314,7800.0,640,7900,Ahead,State,True,24.43820224719101,1023
2408,11,94,,SD,,24.731,,OTAY LAKES,-116.82351471541052,32.66806011439327,7800.0,690,9600,Ahead,State,True,24.43820224719101,1023
2410,11,94,,SD,,28.3,,DULZURA POST OFFICE,-116.78076870241593,32.644002651043884,7800.0,780,9400,Ahead,State,True,24.43820224719101,1023
1533,11,188,,SD,,1.85,,JCT. RTE. 94,-116.64322980342443,32.598032772932555,7700.0,860,8000,Back,State,True,24.22271817762044,1028
2418,11,94,,SD,,38.97,,JCT. RTE. 188 SOUTH,-116.64322980342443,32.598032772932555,7700.0,850,8000,Back,State,True,24.22271817762044,1028
2412,11,94,,SD,,29.792,,MARRON VALLEY,-116.76408316974987,32.63145495077058,7700.0,770,9600,Ahead,State,True,24.22271817762044,1028
2408,11,94,,SD,,24.731,,OTAY LAKES,-116.82351471541052,32.66806011439327,7600.0,690,9200,Back,State,True,23.972602739726025,1031
2406,11,94,,SD,,24.554,,HONEY SPRINGS ROAD,-116.8253190014216,32.66989272648189,7600.0,690,9200,Ahead,State,True,23.972602739726025,1031
1935,11,78,,SD,R,27.315,,BANDY CANYON ROAD,-116.95433995092158,33.091834083577126,7500.0,860,8800,Back,State,True,23.691703863321536,1033
2171,11,86,,IMP,,2.077,,DOGWOOD ROAD,-115.53441307671822,32.73065451169357,7500.0,790,8100,Back,State,True,23.691703863321536,1033
1979,11,78,,SD,,24.023,,WILD ANIMAL PARK ROAD,-117.0025308298213,33.094301417711584,7500.0,860,8800,Ahead,State,True,23.691703863321536,1033
1306,11,111,,IMP,,26.67,,RUTHERFORD ROAD,-115.52733463704531,33.044537886267825,7300.0,960,9200,Ahead,State,True,23.19916884716023,1036
1330,11,115,,IMP,L,11.395,,"WEST JUNCTION, EVAN HEWES HIGHWAY (MILEPOST EQUATION)",-115.40611277640046,32.80573255320848,7100.0,790,7800,Back,State,True,22.741265199322765,1037
2003,11,78,,SD,,41.96,,SUTHERLAND DAM ROAD,-116.79190169710687,33.08565279386844,7000.0,690,7100,Back,State,True,22.506541480683392,1038
2189,11,86,,IMP,,3.05,,WEST HEBER TURN,-115.55101384794733,32.73096102948522,7000.0,770,7600,Back,State,True,22.506541480683392,1038
2488,11,98,,IMP,,34.46,,BOWKER ROAD,-115.46505612273846,32.68665475745779,7000.0,680,8100,Back,State,True,22.506541480683392,1038
1999,11,78,,SD,,37.11,,MAGNOLIA AVENUE,-116.84483153318511,33.05111188697815,7000.0,690,7100,Ahead,State,True,22.506541480683392,1038
2155,11,86,,IMP,R,0,,JCT. RTE. 111,-115.50040523161381,32.73068646797838,7000.0,780,8900,Ahead,State,True,22.506541480683392,1038
2171,11,86,,IMP,,2.077,,DOGWOOD ROAD,-115.53441307671822,32.73065451169357,7000.0,770,7600,Ahead,State,True,22.506541480683392,1038
2486,11,98,,IMP,,33.253,,ANDRADE AVENUE,-115.4825409619713,32.67919999715678,7000.0,680,8100,Ahead,State,True,22.506541480683392,1038
1879,11,76,,SD,R,32.931,,VALLEY CENTER ROAD,-116.95814243687423,33.288137948638855,6800.0,730,7900,Back,State,True,22.02555025396337,1045
2007,11,78,,SD,,51.108,,WEST JCT. RTE. 79,-116.67396536532488,33.10920106003902,6800.0,1150,8300,Back,State,True,22.02555025396337,1045
2490,11,98,,IMP,,35.197,,"CALEXICO, COLE ROAD",-115.45550975855346,32.693504476363735,6700.0,720,7300,Back,State,True,21.825457903647838,1047
1302,11,111,,IMP,,23.787,,DEL RIO RD. RT. Y,-115.52647821199949,33.00246943669391,6600.0,690,7200,Back,State,True,21.61382176389103,1048
1300,11,111,,IMP,,23.538,,SHANK ROAD,-115.5264219990223,32.99883853608615,6600.0,690,7200,Ahead,State,True,21.61382176389103,1048
1304,11,111,,IMP,,24.682,,ANDRE RD. F,-115.52684570739237,33.0156099498893,6400.0,670,6900,Back,State,True,21.10589502847468,1050
1302,11,111,,IMP,,23.787,,DEL RIO RD. RT. Y,-115.52647821199949,33.00246943669391,6400.0,630,7300,Ahead,State,True,21.10589502847468,1050
1308,11,111,,IMP,,32.01,,"CALIPATRIA, SOUTH CITY LIMITS",-115.51470623037564,33.11842396333163,6400.0,840,8100,Ahead,State,True,21.10589502847468,1050
1314,11,111,,IMP,,36.09,,SINCLAIR ROAD,-115.5190596315325,33.176577602742206,6300.0,920,8300,Back,State,True,20.794212713560103,1053
1312,11,111,,IMP,,32.74,,CALIFORNIA STREET,-115.51418927598077,33.12903784975227,6300.0,920,8300,Ahead,State,True,20.794212713560103,1053
1529,11,188,,SD,,0.05,,U. S. CUSTOMS STATION,-116.62761277456801,32.577088421950485,6300.0,700,6400,Ahead,State,True,20.794212713560103,1053
2488,11,98,,IMP,,34.46,,BOWKER ROAD,-115.46505612273846,32.68665475745779,6200.0,660,6600,Ahead,State,True,20.49407418808681,1056
1308,11,111,,IMP,,32.01,,"CALIPATRIA, SOUTH CITY LIMITS",-115.51470623037564,33.11842396333163,6100.0,800,7700,Back,State,True,20.28628597814376,1057
2302,11,8,,SD,R,77.765,R,"SAN DIEGO/IMPERIAL COUNTY LINE, RIGHT ALIGN",-116.1058137177625,32.64452349712327,6100.0,640,9100,Back,State,True,20.28628597814376,1057
2303,11,8,,SD,R,77.77,L,"SAN DIEGO/IMPERIAL COUNTY LINE, LEFT ALIGN",-116.10580493942555,32.64535527742252,6100.0,640,9100,Back,State,True,20.28628597814376,1057
1306,11,111,,IMP,,26.67,,RUTHERFORD ROAD,-115.52733463704531,33.044537886267825,6000.0,810,7700,Back,State,True,20.055410189318145,1060
1312,11,111,,IMP,,32.74,,CALIFORNIA STREET,-115.51418927598077,33.12903784975227,5800.0,760,7100,Back,State,True,19.54363552408804,1061
2013,11,78,,SD,,58.133,,EAST JCT. RTE. 79,-116.59865671685495,33.0764535701104,5800.0,800,8400,Back,State,True,19.54363552408804,1061
1310,11,111,,IMP,,32.513,,JCT. RTE. 115 EAST,-115.51424364112344,33.12576789602164,5700.0,750,7200,Back,State,True,19.270432507311067,1063
2065,11,7,,IMP,S,0.536,,END SPUR ROUTE 7,-115.38464025453597,32.68219451045767,5700.0,490,5900,Back,State,True,19.270432507311067,1063
2069,11,7,,IMP,,0.04,,POE TRUCKS COMM VEHICLE INSPECTION,-115.38781934291913,32.68036447726417,5700.0,490,5900,Back,State,True,19.270432507311067,1063
1304,11,111,,IMP,,24.682,,ANDRE RD. F,-115.52684570739237,33.0156099498893,5700.0,760,7300,Ahead,State,True,19.270432507311067,1063
2075,11,7,,IMP,,0,,"BEGIN ROUTE 7, U.S./MEXICO INT'L BOUNDARY",-115.38784388579101,32.67978781128427,5700.0,490,5900,Ahead,State,True,19.270432507311067,1063
1334,11,115,,IMP,L,9.756,,HOLT AVENUE,-115.38020774593856,32.810974664158294,5600.0,590,5900,Back,State,True,19.024164999230415,1068
1332,11,115,,IMP,L,9.54,,WALNUT AVENUE/5TH STREET,-115.37646460179525,32.81098752936761,5600.0,590,5900,Ahead,State,True,19.024164999230415,1068
2039,11,79,,SD,L,1.297,,"DESCANSO, RIVERSIDE DRIVE",-116.61282690384341,32.841318777110324,5500.0,620,5800,Back,State,True,18.716330614129596,1070
2037,11,79,,SD,L,0.044,,JCT. RTE. 8,-116.62541530494022,32.82713976703618,5500.0,620,5800,Ahead,State,True,18.716330614129596,1070
1310,11,111,,IMP,,32.513,,JCT. RTE. 115 EAST,-115.51424364112344,33.12576789602164,5400.0,710,6700,Ahead,State,True,18.3969524395875,1072
2081,11,7,,IMP,,6.823,,END OF RTE 7,-115.383745116593,32.77482536186824,5300.0,380,5500,Back,State,True,18.15068493150685,1073
2079,11,7,,IMP,,6.718,,JCT. RTE. 8,-115.38376074907559,32.77328896917422,5300.0,380,5500,Ahead,State,True,18.15068493150685,1073
2011,11,78,,SD,,57.88,,"JULIAN, MAIN/ WASHINGTON STREETS",-116.6024244362095,33.078583529032585,5100.0,930,6000,Back,State,True,17.723564722179468,1075
2009,11,78,,SD,,56.91,,PINE HILLS ROAD,-116.61727396694504,33.078135836317216,5100.0,930,6000,Ahead,State,True,17.723564722179468,1075
2003,11,78,,SD,,41.96,,SUTHERLAND DAM ROAD,-116.79190169710687,33.08565279386844,5000.0,580,5200,Ahead,State,True,17.477297214098815,1077
2191,11,86,,IMP,,4.53,,MC CABE ROAD,-115.5518694133054,32.75237179230095,4800.0,510,5100,Back,State,True,17.01554563644759,1078
2189,11,86,,IMP,,3.05,,WEST HEBER TURN,-115.55101384794733,32.73096102948522,4800.0,510,5100,Ahead,State,True,17.01554563644759,1078
2011,11,78,,SD,,57.88,,"JULIAN, MAIN/ WASHINGTON STREETS",-116.6024244362095,33.078583529032585,4750.0,560,4850,Ahead,State,True,16.892411882407266,1080
1328,11,115,,IMP,L,10.116,,FOURTH STREET,-115.38486978217591,32.808935017947874,4700.0,480,5400,Back,State,True,16.715407110974294,1081
2009,11,78,,SD,,56.91,,PINE HILLS ROAD,-116.61727396694504,33.078135836317216,4700.0,1000,5600,Back,State,True,16.715407110974294,1081
1328,11,115,,IMP,L,10.116,,FOURTH STREET,-115.38486978217591,32.808935017947874,4700.0,450,5100,Ahead,State,True,16.715407110974294,1081
1334,11,115,,IMP,L,9.756,,HOLT AVENUE,-115.38020774593856,32.810974664158294,4700.0,480,5400,Ahead,State,True,16.715407110974294,1081
2007,11,78,,SD,,51.108,,WEST JCT. RTE. 79,-116.67396536532488,33.10920106003902,4700.0,990,5100,Ahead,State,True,16.715407110974294,1081
2470,11,98,,IMP,,30.27,,DOGWOOD ROAD,-115.5333449969134,32.67923954288218,4550.0,490,4900,Back,State,True,16.23056795444051,1086
2468,11,98,,IMP,,28.74,,CLARK ROAD,-115.55971841255767,32.67933869255333,4550.0,470,4900,Ahead,State,True,16.23056795444051,1086
1915,11,78,,IMP,,18.651,,WEST JCT. RTE. 115,-115.4487209447113,32.974598537116506,4400.0,530,5200,Back,State,True,15.757272587348007,1088
1913,11,78,,IMP,,15.499,,E JCT RTE 78/111,-115.50134162738115,32.978639878469565,4400.0,500,5300,Ahead,State,True,15.757272587348007,1088
1342,11,115,,IMP,,21.18,,JCT. RTE. 78,-115.44877259514519,32.97459864036073,4250.0,390,4950,Back,State,True,15.337848237648144,1090
1330,11,115,,IMP,L,11.395,,"WEST JUNCTION, EVAN HEWES HIGHWAY (MILEPOST EQUATION)",-115.40611277640046,32.80573255320848,4250.0,390,4950,Ahead,State,True,15.337848237648144,1090
1879,11,76,,SD,R,32.931,,VALLEY CENTER ROAD,-116.95814243687423,33.288137948638855,4100.0,400,4250,Ahead,State,True,14.910728028320763,1092
1354,11,115,,IMP,,34.964,,RAILROAD AVENUE,-115.50955296569653,33.12576054665779,3850.0,390,4100,Back,State,True,14.24503617054025,1093
1352,11,115,,IMP,,34.882,,INDUSTRIAL AVENUE,-115.50808710829061,33.125761572815286,3850.0,390,4100,Ahead,State,True,14.24503617054025,1093
1525,11,186,,IMP,,0,,MEXICAN BOUNDARY,-114.72848300498794,32.718137043647836,3850.0,570,4100,Ahead,State,True,14.24503617054025,1093
1316,11,111,,IMP,,39.82,,NILAND AVENUE,-115.51907466573708,33.23059068959757,3750.0,660,6000,Back,State,True,13.87563490841927,1096
2015,11,78,,SD,,58.64,,MANZANITA ROAD,-116.59017875856324,33.07708480713072,3750.0,510,3950,Back,State,True,13.87563490841927,1096
2013,11,78,,SD,,58.133,,EAST JCT. RTE. 79,-116.59865671685495,33.0764535701104,3750.0,510,3950,Ahead,State,True,13.87563490841927,1096
1356,11,115,,IMP,,35.235,,"CALIPATRIA, JCT. RTE. 111",-115.51424364112344,33.12576789602164,3700.0,340,4200,Back,State,True,13.6793904879175,1099
1354,11,115,,IMP,,34.964,,RAILROAD AVENUE,-115.50955296569653,33.12576054665779,3700.0,490,3900,Ahead,State,True,13.6793904879175,1099
1917,11,78,,IMP,,21.023,,EAST JCT. RTE. 115,-115.40799961039961,32.97414488236956,3600.0,410,4300,Back,State,True,13.406187471140527,1101
1915,11,78,,IMP,,18.651,,WEST JCT. RTE. 115,-115.4487209447113,32.974598537116506,3600.0,510,4400,Ahead,State,True,13.406187471140527,1101
1314,11,111,,IMP,,36.09,,SINCLAIR ROAD,-115.5190596315325,33.176577602742206,3500.0,620,5600,Ahead,State,True,13.109896875480992,1103
2498,11,98,,IMP,,41.095,,VENCILL ROAD,-115.35429130866922,32.693814190413825,3400.0,310,3400,Back,State,True,12.771279051870094,1104
2496,11,98,,IMP,,39.654,,JCT. RTE. 7,-115.3793005822489,32.693771850938084,3400.0,320,3850,Ahead,State,True,12.771279051870094,1104
1320,11,111,,IMP,,40.71,,BEAL ROAD,-115.51945299391393,33.24354339155529,3350.0,500,4350,Back,State,True,12.586578420809605,1106
2500,11,98,,IMP,,42.101,,BONDS CORNER/HAWK ROADS,-115.3368529428793,32.69385566803624,3350.0,320,4100,Back,State,True,12.586578420809605,1106
1318,11,111,,IMP,,40.4,,THIRD STREET,-115.5189807001617,33.239103477824194,3350.0,500,4350,Ahead,State,True,12.586578420809605,1106
2498,11,98,,IMP,,41.095,,VENCILL ROAD,-115.35429130866922,32.693814190413825,3350.0,310,3800,Ahead,State,True,12.586578420809605,1106
2468,11,98,,IMP,,28.74,,CLARK ROAD,-115.55971841255767,32.67933869255333,3250.0,360,3550,Back,State,True,12.30952747421887,1110
2466,11,98,,IMP,,27.21,,FERRELL ROAD,-115.5858669726998,32.679191887033376,3250.0,360,3550,Ahead,State,True,12.30952747421887,1110
2041,11,79,,SD,,0,,GUTAY AND PINE VALLEY HIGHWAY,-116.59449507996013,32.852462666313286,3200.0,360,3350,Back,State,True,12.136370632599663,1112
2039,11,79,,SD,L,1.297,,"DESCANSO, RIVERSIDE DRIVE",-116.61282690384341,32.841318777110324,3200.0,360,3350,Ahead,State,True,12.136370632599663,1112
2458,11,98,,IMP,R,56.884,,EAST JCT. RTE. 8,-115.08933240443946,32.71062836879351,3100.0,290,3450,Back,State,True,11.824688317685085,1114
2460,11,98,,IMP,R,57.017,,END OF ROUTE,-115.08789837075079,32.71229304237399,3100.0,290,3450,Back,State,True,11.824688317685085,1114
2045,11,79,,SD,,20.23,,JCT. RTE. 78,-116.67396284824542,33.1092018493661,3100.0,690,3400,Ahead,State,True,11.824688317685085,1114
2458,11,98,,IMP,R,56.884,,EAST JCT. RTE. 8,-115.08933240443946,32.71062836879351,3100.0,290,3450,Ahead,State,True,11.824688317685085,1114
2502,11,98,,IMP,,43.68,,BONESTEELE RD - LT,-115.3097273480847,32.69441411454826,3050.0,430,7200,Back,State,True,11.570724949976913,1118
2500,11,98,,IMP,,42.101,,BONDS CORNER/HAWK ROADS,-115.3368529428793,32.69385566803624,3050.0,430,7200,Ahead,State,True,11.570724949976913,1118
1318,11,111,,IMP,,40.4,,THIRD STREET,-115.5189807001617,33.239103477824194,3000.0,430,3800,Back,State,True,11.370632599661382,1120
2071,11,7,,IMP,,0.264,,CALEXICO VEHICLE INSPECTION,-115.3856173053581,32.68282775330314,3000.0,260,3100,Back,State,True,11.370632599661382,1120
1332,11,115,,IMP,L,9.54,,WALNUT AVENUE/5TH STREET,-115.37646460179525,32.81098752936761,2850.0,400,4650,Back,State,True,10.897337232568878,1122
1340,11,115,,IMP,R,9.255,,GRAPE AVENUE,-115.37158759152389,32.81102986450027,2850.0,400,4650,Ahead,State,True,10.897337232568878,1122
1925,11,78,,IMP,,80.442,,"PALO VERDE, FOURTH/MAIN STREETS",-114.73222618236892,33.429353967568886,2800.0,730,3750,Back,State,True,10.731876250577189,1124
1316,11,111,,IMP,,39.82,,NILAND AVENUE,-115.51907466573708,33.23059068959757,2800.0,400,3550,Ahead,State,True,10.731876250577189,1124
2047,11,79,,SD,,27.37,,JCT. RTE. 76 WEST,-116.71029181427988,33.1997982906642,2750.0,450,3050,Back,State,True,10.562567338771741,1126
1897,11,76,,SD,,47.79,,EAST PALOMAR ROAD,-116.76891812539118,33.2387459508628,2700.0,390,3450,Back,State,True,10.331691549946129,1127
2049,11,79,,SD,,31.7,,SAN FELIPE ROAD,-116.67396208467744,33.249357075847854,2700.0,390,2950,Back,State,True,10.331691549946129,1127
1923,11,78,,IMP,,52.348,,OGILBY ROAD,-114.91134936069024,33.08550667867714,2700.0,690,3450,Ahead,State,True,10.331691549946129,1127
2041,11,79,,SD,,0,,GUTAY AND PINE VALLEY HIGHWAY,-116.59449507996013,32.852462666313286,2700.0,420,2900,Ahead,State,True,10.331691549946129,1127
2047,11,79,,SD,,27.37,,JCT. RTE. 76 WEST,-116.71029181427988,33.1997982906642,2700.0,440,2850,Ahead,State,True,10.331691549946129,1127
2504,11,98,,IMP,,45.288,,EAST HIGHLINE CANAL,-115.28345023004225,32.69761491437447,2600.0,360,5900,Back,State,True,9.96229028782515,1132
2502,11,98,,IMP,,43.68,,BONESTEELE RD - LT,-115.3097273480847,32.69441411454826,2600.0,360,5900,Ahead,State,True,9.96229028782515,1132
2504,11,98,,IMP,,45.288,,EAST HIGHLINE CANAL,-115.28345023004225,32.69761491437447,2600.0,360,5900,Ahead,State,True,9.96229028782515,1132
1919,11,78,,IMP,,25.927,,GREEN ROAD,-115.323762715017,32.97476145935492,2550.0,430,3400,Back,State,True,9.75835000769586,1135
2464,11,98,,IMP,,22.197,,DREW ROAD (SUNSET BOULEVARD),-115.67143817889306,32.679031779618036,2550.0,310,2700,Back,State,True,9.75835000769586,1135
2466,11,98,,IMP,,27.21,,FERRELL ROAD,-115.5858669726998,32.679191887033376,2550.0,270,2700,Back,State,True,9.75835000769586,1135
1917,11,78,,IMP,,21.023,,EAST JCT. RTE. 115,-115.40799961039961,32.97414488236956,2550.0,300,3300,Ahead,State,True,9.75835000769586,1135
1925,11,78,,IMP,,80.442,,"PALO VERDE, FOURTH/MAIN STREETS",-114.73222618236892,33.429353967568886,2550.0,430,3200,Ahead,State,True,9.75835000769586,1135
2464,11,98,,IMP,,22.197,,DREW ROAD (SUNSET BOULEVARD),-115.67143817889306,32.679031779618036,2550.0,270,2700,Ahead,State,True,9.75835000769586,1135
1895,11,76,,SD,,38.25,,PALOMAR MOUNTAIN ROAD,-116.89955852893925,33.29366723148729,2500.0,360,3100,Back,State,True,9.500538710173927,1141
1320,11,111,,IMP,,40.71,,BEAL ROAD,-115.51945299391393,33.24354339155529,2500.0,340,3350,Ahead,State,True,9.500538710173927,1141
2069,11,7,,IMP,,0.04,,POE TRUCKS COMM VEHICLE INSPECTION,-115.38781934291913,32.68036447726417,2500.0,220,2600,Ahead,State,True,9.500538710173927,1141
1923,11,78,,IMP,,52.348,,OGILBY ROAD,-114.91134936069024,33.08550667867714,2450.0,570,3000,Back,State,True,9.296598430044636,1144
1921,11,78,,IMP,,41.004,,GLAMIS,-115.0722938141038,32.99668179529909,2450.0,570,3000,Ahead,State,True,9.296598430044636,1144
1899,11,76,,SD,,52.319,,JCT. RTE. 79,-116.71028885792425,33.199749841122596,2350.0,350,2800,Back,State,True,9.004155764198861,1146
2358,11,905,,SD,R,11.736,,MEXICAN BORDER POE-TRUCK ENTRANCE,-116.93900936606317,32.55020885042747,2350.0,170,2550,Back,State,True,9.004155764198861,1146
2430,11,94,,SD,,52.15,,BUCKMAN SPRINGS ROAD,-116.47138419073184,32.629208549133814,2350.0,220,2400,Back,State,True,9.004155764198861,1146
2430,11,94,,SD,,52.15,,BUCKMAN SPRINGS ROAD,-116.47138419073184,32.629208549133814,2350.0,260,2400,Ahead,State,True,9.004155764198861,1146
1921,11,78,,IMP,,41.004,,GLAMIS,-115.0722938141038,32.99668179529909,2300.0,530,2950,Back,State,True,8.79636755425581,1150
2424,11,94,,SD,,41.393,,POTRERO VALLEY RD,-116.61322013237586,32.60508263861951,2300.0,260,2300,Back,State,True,8.79636755425581,1150
1919,11,78,,IMP,,25.927,,GREEN ROAD,-115.323762715017,32.97476145935492,2300.0,530,2950,Ahead,State,True,8.79636755425581,1150
2418,11,94,,SD,,38.97,,JCT. RTE. 188 SOUTH,-116.64322980342443,32.598032772932555,2300.0,270,2500,Ahead,State,True,8.79636755425581,1150
1322,11,111,,IMP,,42.47,,ENGLISH ROAD,-115.5449738328951,33.256966105566114,2250.0,310,2950,Back,State,True,8.61166692319532,1154
2462,11,98,,IMP,,1.518,,IMPERIAL HIGHWAY,-115.99580011895128,32.724994034734586,2250.0,240,2450,Ahead,State,True,8.61166692319532,1154
2017,11,78,,SD,,59.24,,CANYON DRIVE,-116.59043581687166,33.085116092639,2200.0,250,2450,Back,State,True,8.426966292134832,1156
1322,11,111,,IMP,,42.47,,ENGLISH ROAD,-115.5449738328951,33.256966105566114,2200.0,300,2800,Ahead,State,True,8.426966292134832,1156
2015,11,78,,SD,,58.64,,MANZANITA ROAD,-116.59017875856324,33.07708480713072,2200.0,250,2450,Ahead,State,True,8.426966292134832,1156
2438,11,94,,SD,,64.817,,JEWEL VALLEY/ RIBBONWOOD ROADS,-116.29012295376234,32.669121277533876,2000.0,240,2200,Back,State,True,7.795905802678159,1159
2436,11,94,,SD,,64.229,,WEST JUNCTION OLD HWY 80,-116.29998023025706,32.66814271241253,2000.0,240,2200,Ahead,State,True,7.795905802678159,1159
2045,11,79,,SD,,20.23,,JCT. RTE. 78,-116.67396284824542,33.1092018493661,1950.0,270,2100,Back,State,True,7.545790364783746,1161
2454,11,98,,IMP,R,0.304,,WEST JCT. RTE. 8,-116.02107026508612,32.72683527229892,1950.0,230,2200,Back,State,True,7.545790364783746,1161
2462,11,98,,IMP,,1.518,,IMPERIAL HIGHWAY,-115.99580011895128,32.724994034734586,1950.0,230,2200,Back,State,True,7.545790364783746,1161
2043,11,79,,SD,,14.44,,SUNRISE HIGHWAY,-116.56120914257757,33.01092817502212,1950.0,270,2100,Ahead,State,True,7.545790364783746,1161
2055,11,79,,SD,,49.298,,OAK GROVE,-116.79358692939336,33.38882703892078,1950.0,270,2100,Ahead,State,True,7.545790364783746,1161
2454,11,98,,IMP,R,0.304,,WEST JCT. RTE. 8,-116.02107026508612,32.72683527229892,1950.0,210,2100,Ahead,State,True,7.545790364783746,1161
2456,11,98,,IMP,R,0,,BEGIN ROUTE 98,-116.02286858358879,32.72688413679249,1950.0,230,2200,Ahead,State,True,7.545790364783746,1161
1326,11,111,,IMP,,65.394,,IMPERIAL/RIVERSIDE COUNTY LINE,-115.83147799378123,33.42692868222955,1900.0,270,2200,Back,State,True,7.287979067261813,1168
1895,11,76,,SD,,38.25,,PALOMAR MOUNTAIN ROAD,-116.89955852893925,33.29366723148729,1900.0,270,2400,Ahead,State,True,7.287979067261813,1168
1897,11,76,,SD,,47.79,,EAST PALOMAR ROAD,-116.76891812539118,33.2387459508628,1800.0,330,2150,Ahead,State,True,6.907034015699553,1170
2053,11,79,,SD,,44.09,,SUNSHINE SUMMIT,-116.73726580759048,33.35064386583486,1750.0,230,1850,Ahead,State,True,6.737725103894104,1171
1352,11,115,,IMP,,34.882,,INDUSTRIAL AVENUE,-115.50808710829061,33.125761572815286,1700.0,180,1850,Back,State,True,6.506849315068493,1172
2043,11,79,,SD,,14.44,,SUNRISE HIGHWAY,-116.56120914257757,33.01092817502212,1700.0,220,1850,Back,State,True,6.506849315068493,1172
2057,11,79,,SD,,53.035,,SAN DIEGO/RIVERSIDE COUNTY LINE,-116.83677337289703,33.426858007959254,1700.0,320,2000,Back,State,True,6.506849315068493,1172
2059,11,79,,SD,,9.27,,PASO PICACHO CAMP GROUND,-116.57918107261196,32.9595988209786,1700.0,230,1850,Back,State,True,6.506849315068493,1172
1350,11,115,,IMP,,34.517,,EAST AVENUE,-115.50191338349991,33.12575018652888,1700.0,180,1850,Ahead,State,True,6.506849315068493,1172
2059,11,79,,SD,,9.27,,PASO PICACHO CAMP GROUND,-116.57918107261196,32.9595988209786,1700.0,230,1850,Ahead,State,True,6.506849315068493,1172
2424,11,94,,SD,,41.393,,POTRERO VALLEY RD,-116.61322013237586,32.60508263861951,1650.0,170,1700,Ahead,State,True,6.275973526242881,1178
2035,11,78,,SD,,95.313,,SAN DIEGO/IMPERIAL COUNTY LINE,-116.08108231645639,33.132233789541075,1600.0,340,2250,Back,State,True,6.079729105741111,1179
2440,11,94,,SD,,65.375,,JCT. RTE. 8,-116.29129528036096,32.677103495919184,1600.0,190,1950,Back,State,True,6.079729105741111,1179
2031,11,78,,SD,,85.61,,BORREGO SPRINGS ROAD,-116.24453310454695,33.15736673482314,1600.0,340,2250,Ahead,State,True,6.079729105741111,1179
2049,11,79,,SD,,31.7,,SAN FELIPE ROAD,-116.67396208467744,33.249357075847854,1600.0,220,1900,Ahead,State,True,6.079729105741111,1179
2438,11,94,,SD,,64.817,,JEWEL VALLEY/ RIBBONWOOD ROADS,-116.29012295376234,32.669121277533876,1600.0,190,1950,Ahead,State,True,6.079729105741111,1179
2021,11,78,,SD,,60.273,,WYNOLA ROAD,-116.59404372234393,33.09615327189388,1550.0,190,1700,Back,State,True,5.837309527474218,1184
2055,11,79,,SD,,49.298,,OAK GROVE,-116.79358692939336,33.38882703892078,1550.0,210,1650,Back,State,True,5.837309527474218,1184
2017,11,78,,SD,,59.24,,CANYON DRIVE,-116.59043581687166,33.085116092639,1550.0,190,1700,Ahead,State,True,5.837309527474218,1184
1340,11,115,,IMP,R,9.255,,GRAPE AVENUE,-115.37158759152389,32.81102986450027,1450.0,230,2500,Back,State,True,5.364014160381714,1187
2051,11,79,,SD,,35.07,,"WARNER SPRINGS, LOS TULES ROAD",-116.63330459003974,33.27955769035752,1450.0,200,1750,Back,State,True,5.364014160381714,1187
1338,11,115,,IMP,R,7.19,,KAVANAUGH ROAD,-115.33621560704985,32.81106165453022,1450.0,230,2500,Ahead,State,True,5.364014160381714,1187
2051,11,79,,SD,,35.07,,"WARNER SPRINGS, LOS TULES ROAD",-116.63330459003974,33.27955769035752,1450.0,200,1750,Ahead,State,True,5.364014160381714,1187
2029,11,78,,SD,,76.84,,YAQUI PASS ROAD,-116.38000880419784,33.135637231783456,1350.0,240,2250,Back,State,True,4.921502231799292,1191
2027,11,78,,SD,,70.01,,SAN FELIPE ROAD,-116.47079959319605,33.09856808266036,1350.0,240,1450,Ahead,State,True,4.921502231799292,1191
2053,11,79,,SD,,44.09,,SUNSHINE SUMMIT,-116.73726580759048,33.35064386583486,1300.0,180,1550,Back,State,True,4.732953670925042,1193
1324,11,111,,IMP,,57.625,,BOMBAY BEACH ROAD,-115.73390736331393,33.357668485871784,1250.0,170,1250,Ahead,State,True,4.559796829305833,1194
1324,11,111,,IMP,,57.625,,BOMBAY BEACH ROAD,-115.73390736331393,33.357668485871784,1200.0,160,1500,Back,State,True,4.386639987686625,1195
1338,11,115,,IMP,R,7.19,,KAVANAUGH ROAD,-115.33621560704985,32.81106165453022,1200.0,150,1550,Back,State,True,4.386639987686625,1195
1344,11,115,,IMP,,25.99,,RUTHERFORD ROAD,-115.4488034810213,33.044584368059716,1200.0,140,1250,Back,State,True,4.386639987686625,1195
1911,11,78,,IMP,,13.169,,NORTH JCT. RTE 86,-115.85529281166362,33.125774371947394,1200.0,210,1350,Back,State,True,4.386639987686625,1195
2023,11,78,,SD,,69.693,,VALLECITOS ROAD,-116.47540412108552,33.09675092060061,1200.0,130,1300,Back,State,True,4.386639987686625,1195
1336,11,115,,IMP,R,3.201,,JCT. RTE. 8,-115.2855965747506,32.77299086175887,1200.0,130,1300,Ahead,State,True,4.386639987686625,1195
1342,11,115,,IMP,,21.18,,JCT. RTE. 78,-115.44877259514519,32.97459864036073,1200.0,150,1400,Ahead,State,True,4.386639987686625,1195
1909,11,78,,IMP,,0,,SAN DIEGO/IMPERIAL COUNTY LINE,-116.08108231645639,33.132233789541075,1200.0,250,1350,Ahead,State,True,4.386639987686625,1195
1911,11,78,,IMP,,13.169,,NORTH JCT. RTE 86,-115.85529281166362,33.125774371947394,1200.0,210,1350,Ahead,State,True,4.386639987686625,1195
2021,11,78,,SD,,60.273,,WYNOLA ROAD,-116.59404372234393,33.09615327189388,1200.0,130,1300,Ahead,State,True,4.386639987686625,1195
2031,11,78,,SD,,85.61,,BORREGO SPRINGS ROAD,-116.24453310454695,33.15736673482314,1150.0,250,1600,Back,State,True,4.194243496998615,1205
2029,11,78,,SD,,76.84,,YAQUI PASS ROAD,-116.38000880419784,33.135637231783456,1150.0,250,1600,Ahead,State,True,4.194243496998615,1205
2027,11,78,,SD,,70.01,,SAN FELIPE ROAD,-116.47079959319605,33.09856808266036,1100.0,120,1150,Back,State,True,3.982607357241804,1207
2023,11,78,,SD,,69.693,,VALLECITOS ROAD,-116.47540412108552,33.09675092060061,1100.0,120,1150,Ahead,State,True,3.982607357241804,1207
1907,11,78,,IMP,R,9.203,,SOUTH JCT RTE 86,-115.58890759296843,32.99916068277433,930.0,200,1150,Back,State,True,3.397722025550254,1209
1346,11,115,,IMP,,30.086,,ALBRIGHT ROAD,-115.44966071724579,33.10394790471088,790.0,100,880,Back,State,True,2.793597044789903,1210
1348,11,115,,IMP,,31.63,,WIRT ROAD,-115.4535073104789,33.12560989772944,770.0,100,830,Back,State,True,2.7204863783284594,1211
2436,11,94,,SD,,64.229,,WEST JUNCTION OLD HWY 80,-116.29998023025706,32.66814271241253,770.0,100,880,Back,State,True,2.7204863783284594,1211
1346,11,115,,IMP,,30.086,,ALBRIGHT ROAD,-115.44966071724579,33.10394790471088,770.0,100,830,Ahead,State,True,2.7204863783284594,1211
1344,11,115,,IMP,,25.99,,RUTHERFORD ROAD,-115.4488034810213,33.044584368059716,760.0,90,840,Ahead,State,True,2.6743112205633373,1214
1350,11,115,,IMP,,34.517,,EAST AVENUE,-115.50191338349991,33.12575018652888,700.0,100,800,Back,State,True,2.4088040634138834,1215
1348,11,115,,IMP,,31.63,,WIRT ROAD,-115.4535073104789,33.12560989772944,700.0,100,800,Ahead,State,True,2.4088040634138834,1215
2434,11,94,,SD,,61.701,,LIVE OAKS SPRS RD,-116.34114184326255,32.66296470514712,570.0,100,600,Back,State,True,1.8277666615360937,1217
2434,11,94,,SD,,61.701,,LIVE OAKS SPRS RD,-116.34114184326255,32.66296470514712,570.0,100,600,Ahead,State,True,1.8277666615360937,1217
2819,12,5,,ORA,R,29.091,,RED HILL AVENUE,-117.81508804649036,33.733508125946834,386600.0,34500,413000,Back,Interstate,True,99.99615207018624,1
2857,12,5,,ORA,,28.25,,TUSTIN RANCH ROAD,-117.80380755202304,33.725738699609444,386600.0,34500,413000,Ahead,Interstate,True,99.99615207018624,1
2857,12,5,,ORA,,28.25,,TUSTIN RANCH ROAD,-117.80380755202304,33.725738699609444,351700.0,31000,376000,Back,Interstate,True,99.98076035093119,3
2855,12,5,,ORA,,27.589,,JAMBOREE ROAD,-117.79494622959899,33.71967132938167,351700.0,31000,376000,Ahead,Interstate,True,99.98076035093119,3
2855,12,5,,ORA,,27.589,,JAMBOREE ROAD,-117.79494622959899,33.71967132938167,337000.0,30500,356000,Back,Interstate,True,99.91149761428352,5
2817,12,5,,ORA,R,26.583,,"IRVINE, CULVER DRIVE",-117.78203092079049,33.71002195003248,337000.0,30500,356000,Ahead,Interstate,True,99.91149761428352,5
2724,12,405,,ORA,,22.643,,"SEAL BEACH, SEAL BEACH BOULEVARD",-118.07493664347793,33.77449693826116,320000.0,22800,326000,Back,Interstate,True,99.74218870247806,7
2722,12,405,,ORA,,20.751,,JCT. RTE. 22 EAST,-118.0421657884012,33.77462588275938,320000.0,22800,326000,Ahead,Interstate,True,99.74218870247806,7
2726,12,405,,ORA,,24.044,,"SEAL BEACH, JCT. RTE. 605",-118.09168740461338,33.784457292545106,319400.0,25000,342000,Back,Interstate,True,99.72679698322302,9
2724,12,405,,ORA,,22.643,,"SEAL BEACH, SEAL BEACH BOULEVARD",-118.07493664347793,33.77449693826116,319400.0,24800,342000,Ahead,Interstate,True,99.72679698322302,9
2859,12,5,,ORA,,29.616,,"TUSTIN, NEWPORT AVENUE",-117.82293434001699,33.73721147448839,315500.0,27500,337000,Back,Interstate,True,99.69216561489918,11
2819,12,5,,ORA,R,29.091,,RED HILL AVENUE,-117.81508804649036,33.733508125946834,315500.0,27500,337000,Ahead,Interstate,True,99.69216561489918,11
2859,12,5,,ORA,,29.616,,"TUSTIN, NEWPORT AVENUE",-117.82293434001699,33.73721147448839,315500.0,29000,335000,Ahead,Interstate,True,99.69216561489918,11
2863,12,5,,ORA,,30.263,,"TUSTIN, JCT. RTE. 55, COSTA MESA FREEWAY",-117.83352075207839,33.74067063403693,311900.0,26500,343000,Ahead,Interstate,True,99.64599045713406,14
2865,12,5,,ORA,,30.903,,"SANTA ANA, FIRST/FOURTH STREETS",-117.8421943068451,33.745599934575985,299000.0,25500,330000,Back,Interstate,True,99.43820224719101,15
2867,12,5,,ORA,,31.759,,"SANTA ANA, GRAND AVENUE",-117.85137440812584,33.75492205194657,299000.0,32500,329000,Back,Interstate,True,99.43820224719101,15
2865,12,5,,ORA,,30.903,,"SANTA ANA, FIRST/FOURTH STREETS",-117.8421943068451,33.745599934575985,299000.0,32500,329000,Ahead,Interstate,True,99.43820224719101,15
2869,12,5,,ORA,,32.462,,"SANTA ANA, SEVENTEENTH STREET",-117.86184746357816,33.75989177210798,295600.0,31500,324000,Back,Interstate,True,99.37278744035709,18
2867,12,5,,ORA,,31.759,,"SANTA ANA, GRAND AVENUE",-117.85137440812584,33.75492205194657,295600.0,31500,324000,Ahead,Interstate,True,99.37278744035709,18
2752,12,55,,ORA,R,6.99,,"SANTA ANA, MAC ARTHUR BOULEVARD",-117.8613824910955,33.69863716692659,290800.0,17000,223000,Ahead,State,True,99.26889333538557,20
2871,12,5,,ORA,,33.088,,"SANTA ANA, MAIN STREET",-117.86721118915526,33.76782554376697,290000.0,31500,318000,Back,Interstate,True,99.24965368631676,21
2869,12,5,,ORA,,32.462,,"SANTA ANA, SEVENTEENTH STREET",-117.86184746357816,33.75989177210798,290000.0,31500,318000,Ahead,Interstate,True,99.24965368631676,21
2817,12,5,,ORA,R,26.583,,"IRVINE, CULVER DRIVE",-117.78203092079049,33.71002195003248,289600.0,25500,311000,Back,Interstate,True,99.23041403724795,23
2758,12,55,,ORA,R,9.96,,"TUSTIN, MC FADDEN STREET",-117.83359604257728,33.733838300613726,280000.0,21800,295000,Ahead,State,True,98.85716484531322,24
2758,12,55,,ORA,R,9.96,,"TUSTIN, MC FADDEN STREET",-117.83359604257728,33.733838300613726,272300.0,21200,287000,Back,State,True,98.58780975835,25
2756,12,55,,ORA,R,9.437,,"SANTA ANA, EDINGER AVENUE",-117.83488218302745,33.726350083190745,272300.0,21200,287000,Ahead,State,True,98.58780975835,25
3015,12,91,,ORA,R,16.404,,GYPSUM CANYON ROAD,-117.71169019659025,33.866717490727,272100.0,19400,283000,Back,State,True,98.57241803909497,27
3013,12,91,,ORA,R,15.925,,JCT RTE 241,-117.71996973140875,33.86659912468822,272100.0,19400,283000,Ahead,State,True,98.57241803909497,27
2772,12,55,,ORA,,12.967,,JCT. RTE. 22 WEST,-117.83096381170817,33.77720661734606,271900.0,21100,266000,Ahead,State,True,98.46852393412344,29
2766,12,55,,ORA,,10.45,,"TUSTIN, JCT. RTE. 5",-117.83372656688975,33.74062903715836,269700.0,217000,295000,Back,State,True,98.37232568877944,30
2863,12,5,,ORA,,30.263,,"TUSTIN, JCT. RTE. 55, COSTA MESA FREEWAY",-117.83352075207839,33.74067063403693,269700.0,26000,285000,Back,Interstate,True,98.37232568877944,30
2815,12,5,,ORA,R,24.991,,"IRVINE, JEFFREY ROAD",-117.76828906849582,33.69009777199146,269200.0,24300,290000,Ahead,Interstate,True,98.36078189933815,32
2841,12,5,,ORA,,19.89,,LAKE FOREST DRIVE,-117.72028725621729,33.628302894356146,268300.0,24100,294000,Back,Interstate,True,98.28767123287672,33
2839,12,5,,ORA,,18.685,,NIGUEL/EL TORO ROADS,-117.7073155718365,33.61464315269199,268300.0,24100,294000,Ahead,Interstate,True,98.28767123287672,33
3013,12,91,,ORA,R,15.925,,JCT RTE 241,-117.71996973140875,33.86659912468822,260200.0,17200,272000,Back,State,True,97.95290133907957,35
2772,12,55,,ORA,,12.967,,JCT. RTE. 22 WEST,-117.83096381170817,33.77720661734606,259600.0,19300,244000,Back,State,True,97.86055102354933,36
2815,12,5,,ORA,R,24.991,,"IRVINE, JEFFREY ROAD",-117.76828906849582,33.69009777199146,259000.0,21900,276000,Back,Interstate,True,97.84900723410806,37
2813,12,5,,ORA,R,23.942,,"IRVINE, SAND CANYON AVENUE",-117.75783721597915,33.677632954859156,259000.0,21700,275000,Ahead,Interstate,True,97.84900723410806,37
3009,12,91,,ORA,R,14.431,L,WEIR CANYON ROAD,-117.74509505744167,33.87066836808405,258600.0,17900,289000,Back,State,True,97.82976758503925,39
3009,12,91,,ORA,R,14.431,L,WEIR CANYON ROAD,-117.74509505744167,33.87066836808405,258600.0,17000,270000,Ahead,State,True,97.82976758503925,39
3011,12,91,,ORA,R,14.431,R,WEIR CANYON ROAD,-117.74479438862114,33.87023752688848,258600.0,16900,269000,Ahead,State,True,97.82976758503925,39
2578,12,22,,ORA,R,10.478,,"SANTA ANA, JCT. RTES. 5 AND 57",-117.87615934093803,33.7788673238017,249100.0,18900,259000,Back,State,True,97.33338463906418,42
2602,12,22,,ORA,R,9.729,,"ORANGE, MANCHESTER AVENUE/ CITY DRIVE",-117.88922329128167,33.77892724631365,249100.0,18900,259000,Ahead,State,True,97.33338463906418,42
2774,12,55,,ORA,,13.7,,CHAPMAN AVENUE,-117.83088524146017,33.78760493679176,248500.0,21100,266000,Back,State,True,97.30644913036787,44
3042,12,91,,ORA,,7.353,,KRAEMER BOULEVARD/ GLASSELL STREET,-117.85544504837733,33.847843405954634,247000.0,18300,259000,Back,State,True,97.22949053409266,45
2813,12,5,,ORA,R,23.942,,"IRVINE, SAND CANYON AVENUE",-117.75783721597915,33.677632954859156,246800.0,22300,272000,Back,Interstate,True,97.19485916576882,46
2853,12,5,,ORA,,23.12,,"IRVINE, JCT. RTE. 133",-117.75262711040047,33.66691603070748,246800.0,22300,272000,Ahead,Interstate,True,97.19485916576882,46
3017,12,91,,ORA,R,17.95,R,COAL CANYON ROAD RIGHT,-117.68725458984596,33.87187684278072,246100.0,16100,256000,Back,State,True,97.16022779744497,48
3018,12,91,,ORA,R,17.973,L,COAL CANYON ROAD LEFT,-117.68699822863017,33.87225706272646,246100.0,16100,256000,Back,State,True,97.16022779744497,48
3019,12,91,,ORA,R,18.905,,ORANGE/RIVERSIDE COUNTY LINE,-117.6716824560925,33.869566575045354,246100.0,17800,277000,Back,State,True,97.16022779744497,48
2766,12,55,,ORA,,10.45,,"TUSTIN, JCT. RTE. 5",-117.83372656688975,33.74062903715836,246100.0,14000,178000,Ahead,State,True,97.16022779744497,48
3015,12,91,,ORA,R,16.404,,GYPSUM CANYON ROAD,-117.71169019659025,33.866717490727,246100.0,17400,255000,Ahead,State,True,97.16022779744497,48
3017,12,91,,ORA,R,17.95,R,COAL CANYON ROAD RIGHT,-117.68725458984596,33.87187684278072,246100.0,16100,256000,Ahead,State,True,97.16022779744497,48
3018,12,91,,ORA,R,17.973,L,COAL CANYON ROAD LEFT,-117.68699822863017,33.87225706272646,246100.0,9200,145000,Ahead,State,True,97.16022779744497,48
2849,12,5,,ORA,,21.304,,JCT. RTE. 405,-117.73496758567582,33.64469110540603,245300.0,21300,261000,Back,Interstate,True,97.07942127135601,55
2841,12,5,,ORA,,19.89,,LAKE FOREST DRIVE,-117.72028725621729,33.628302894356146,245300.0,21300,261000,Ahead,Interstate,True,97.07942127135601,55
2756,12,55,,ORA,R,9.437,,"SANTA ANA, EDINGER AVENUE",-117.83488218302745,33.726350083190745,242400.0,19500,257000,Back,State,True,96.85624134215793,57
2754,12,55,,ORA,R,7.85,,"SANTA ANA, DYER ROAD",-117.85191494060196,33.7083023967541,242400.0,19500,257000,Ahead,State,True,96.85624134215793,57
3044,12,91,,ORA,,8.399,,TUSTIN AVENUE,-117.83797894440808,33.85105310097062,241800.0,17700,253000,Back,State,True,96.73310758811759,59
3042,12,91,,ORA,,7.353,,KRAEMER BOULEVARD/ GLASSELL STREET,-117.85544504837733,33.847843405954634,241800.0,17700,253000,Ahead,State,True,96.73310758811759,59
2720,12,405,,ORA,,2.876,,"IRVINE, SAND CANYON AVENUE",-117.77784446344435,33.657803785859095,239400.0,18100,233000,Ahead,Interstate,True,96.59843004463599,61
2774,12,55,,ORA,,13.7,,CHAPMAN AVENUE,-117.83088524146017,33.78760493679176,238300.0,19400,246000,Ahead,State,True,96.55995074649837,62
2754,12,55,,ORA,R,7.85,,"SANTA ANA, DYER ROAD",-117.85191494060196,33.7083023967541,236000.0,18700,245000,Back,State,True,96.35216253655533,63
2797,12,57,,ORA,,15.6,,"ANAHEIM, JCT. RTE. 91, RIVERSIDE FREEWAY",-117.87575608630868,33.84979268986557,232900.0,18800,242000,Back,State,True,96.14052639679852,64
2795,12,57,,ORA,,14.777,,"ANAHEIM, LINCOLN AVENUE",-117.875893801635,33.83782271698877,232900.0,18800,242000,Ahead,State,True,96.14052639679852,64
3044,12,91,,ORA,,8.399,,TUSTIN AVENUE,-117.83797894440808,33.85105310097062,230900.0,17200,243000,Ahead,State,True,95.85193166076651,66
2776,12,55,,ORA,,15.242,,"ORANGE, KATELLA AVENUE",-117.83184158791164,33.81000881427938,229700.0,19300,246000,Back,State,True,95.69031860858857,67
3040,12,91,,ORA,,6.119,,"ANAHEIM, JCT. RTE. 57, ORANGE FREEWAY",-117.87588540777699,33.84964869061774,227900.0,17000,239000,Ahead,State,True,95.40557180237033,68
2770,12,55,,ORA,,11.785,,"TUSTIN, SEVENTEENTH STREET",-117.8309423078369,33.75979057954678,227500.0,19300,244000,Ahead,State,True,95.36324457441896,69
2770,12,55,,ORA,,11.785,,"TUSTIN, SEVENTEENTH STREET",-117.8309423078369,33.75979057954678,226600.0,19100,242000,Back,State,True,95.25550253963367,70
2768,12,55,,ORA,,10.979,,"SANTA ANA, FOURTH STREET",-117.83217618789709,33.74821536308653,226600.0,19100,242000,Ahead,State,True,95.25550253963367,70
2801,12,57,,ORA,,17.303,,"FULLERTON, CHAPMAN AVENUE",-117.88027703584243,33.87394957943195,225700.0,17700,242000,Back,State,True,95.09388948745575,72
2799,12,57,,ORA,,16.393,,"PLACENTIA, ORANGETHORPE AVENUE",-117.87707692508499,33.86113243884338,225700.0,17700,242000,Ahead,State,True,95.09388948745575,72
2893,12,5,,ORA,,40.71,,"ANAHEIM, BROOKHURST STREET",-117.95886314540564,33.845675242940985,223000.0,19200,243000,Ahead,Interstate,True,94.85916576881638,74
2742,12,55,,ORA,R,17.876,,JCT RTE 91,-117.82672167318748,33.843805389337625,222800.0,18100,226000,Back,State,True,94.80529475142373,75
2752,12,55,,ORA,R,6.99,,"SANTA ANA, MAC ARTHUR BOULEVARD",-117.8613824910955,33.69863716692659,219700.0,17300,226000,Back,State,True,94.528243804833,76
2893,12,5,,ORA,,40.71,,"ANAHEIM, BROOKHURST STREET",-117.95886314540564,33.845675242940985,219000.0,19600,240000,Back,Interstate,True,94.42434969986148,77
2891,12,5,,ORA,,39.511,,"ANAHEIM, EUCLID AVENUE",-117.94159399706243,33.83597868520994,219000.0,19600,240000,Ahead,Interstate,True,94.42434969986148,77
2849,12,5,,ORA,,21.304,,JCT. RTE. 405,-117.73496758567582,33.64469110540603,217900.0,19700,198000,Ahead,Interstate,True,94.21271356010466,79
2887,12,5,,ORA,,38.06,,"ANAHEIM, SOUTH STREET CONNECTIONS",-117.92251937064373,33.82267161840623,216600.0,19900,239000,Back,Interstate,True,94.0164691396029,80
2889,12,5,,ORA,,38.915,,LINCOLN AVENUE,-117.93184858956667,33.83237907147706,216600.0,19900,239000,Back,Interstate,True,94.0164691396029,80
2885,12,5,,ORA,,37.641,,"ANAHEIM, BALL ROAD",-117.91777155158498,33.818024929870745,216600.0,19900,240000,Ahead,Interstate,True,94.0164691396029,80
2887,12,5,,ORA,,38.06,,"ANAHEIM, SOUTH STREET CONNECTIONS",-117.92251937064373,33.82267161840623,216600.0,19900,239000,Ahead,Interstate,True,94.0164691396029,80
2839,12,5,,ORA,,18.685,,NIGUEL/EL TORO ROADS,-117.7073155718365,33.61464315269199,216200.0,16700,228000,Back,Interstate,True,93.9972294905341,84
2875,12,5,,ORA,,34,,"SANTA ANA, JCT. RTES. 22 AND 57",-117.87590888434862,33.77876981532297,213100.0,30500,261000,Back,Interstate,True,93.43543173772511,85
2778,12,55,,ORA,,16.981,,"ORANGE, LINCOLN AVENUE",-117.83543367495007,33.83476975100988,212900.0,18100,227000,Back,State,True,93.34692935200863,86
2776,12,55,,ORA,,15.242,,"ORANGE, KATELLA AVENUE",-117.83184158791164,33.81000881427938,212900.0,18100,227000,Ahead,State,True,93.34692935200863,86
2598,12,22,,ORA,R,7.829,,"GARDEN GROVE, HARBOR BOULEVARD",-117.92050535945485,33.76764847925977,212300.0,15600,221000,Ahead,State,True,93.29690626442974,88
2778,12,55,,ORA,,16.981,,"ORANGE, LINCOLN AVENUE",-117.83543367495007,33.83476975100988,211600.0,18100,226000,Ahead,State,True,93.19686008927196,89
2899,12,5,,ORA,,43.133,,"BUENA PARK, STANTON AVENUE CONNECTIONS",-117.99382141257222,33.864251395489305,210200.0,18800,232000,Back,Interstate,True,93.0775742650454,90
2899,12,5,,ORA,,43.133,,"BUENA PARK, STANTON AVENUE CONNECTIONS",-117.99382141257222,33.864251395489305,210200.0,18800,232000,Ahead,Interstate,True,93.0775742650454,90
2903,12,5,,ORA,,44.26,,"BUENA PARK, ARTESIA AVENUE",-118.00940877905795,33.87327744551303,208400.0,18700,228000,Back,Interstate,True,92.7197167923657,92
2905,12,5,,ORA,,44.297,,ARTESIA AVENUE UC (END),-118.0100071181226,33.87378415409824,208400.0,14500,216000,Back,Interstate,True,92.7197167923657,92
2907,12,5,,ORA,,44.382,,ORANGE/LOS ANGELES COUNTY LINE,-118.0114664205219,33.874873840791835,208400.0,224000,13900,Back,Interstate,True,92.7197167923657,92
2903,12,5,,ORA,,44.26,,"BUENA PARK, ARTESIA AVENUE",-118.00940877905795,33.87327744551303,208400.0,14500,216000,Ahead,Interstate,True,92.7197167923657,92
2905,12,5,,ORA,,44.297,,ARTESIA AVENUE UC (END),-118.0100071181226,33.87378415409824,208400.0,14500,216000,Ahead,Interstate,True,92.7197167923657,92
3005,12,91,,ORA,R,11.54,,"PERALTA, JCT. RTE. 90 WEST",-117.79055876342825,33.85425213348675,207600.0,13900,219000,Back,State,True,92.66584577497306,97
2736,12,405,,ORA,,7.803,,"IRVINE, MAC ARTHUR BOULEVARD",-117.85697909150655,33.68288483573388,206900.0,15400,211000,Back,Interstate,True,92.46190549484378,98
2891,12,5,,ORA,,39.511,,"ANAHEIM, EUCLID AVENUE",-117.94159399706243,33.83597868520994,206900.0,17100,234000,Back,Interstate,True,92.46190549484378,98
2734,12,405,,ORA,,6.917,,"IRVINE, JAMBOREE BOULEVARD",-117.84345346909066,33.67689171162135,206900.0,15400,211000,Ahead,Interstate,True,92.46190549484378,98
2889,12,5,,ORA,,38.915,,LINCOLN AVENUE,-117.93184858956667,33.83237907147706,206900.0,14400,234000,Ahead,Interstate,True,92.46190549484378,98
3034,12,91,,ORA,,3.512,,"ANAHEIM, LEMON STREET/ HARVARD AVENUE",-117.91984314927517,33.85409621150306,205100.0,14900,214000,Back,State,True,92.33877174080345,102
3036,12,91,,ORA,,4.256,,"ANAHEIM, EAST STREET",-117.90691917801239,33.85372061506177,205100.0,14900,213000,Back,State,True,92.33877174080345,102
3032,12,91,,ORA,,3.258,,"FULLERTON, HARBOR BOULEVARD",-117.92424708875159,33.85381091442491,205100.0,14800,213000,Ahead,State,True,92.33877174080345,102
3034,12,91,,ORA,,3.512,,"ANAHEIM, LEMON STREET/ HARVARD AVENUE",-117.91984314927517,33.85409621150306,205100.0,14900,213000,Ahead,State,True,92.33877174080345,102
2795,12,57,,ORA,,14.777,,"ANAHEIM, LINCOLN AVENUE",-117.875893801635,33.83782271698877,204100.0,16600,211000,Back,State,True,92.13483146067416,106
2799,12,57,,ORA,,16.393,,"PLACENTIA, ORANGETHORPE AVENUE",-117.87707692508499,33.86113243884338,204100.0,17000,218000,Back,State,True,92.13483146067416,106
2793,12,57,,ORA,,13.416,,"ANAHEIM, BALL ROAD",-117.8761971779778,33.818111394257585,204100.0,16600,211000,Ahead,State,True,92.13483146067416,106
2600,12,22,,ORA,R,8.822,,"GARDEN GROVE, GARDEN GROVE BOULEVARD",-117.90506404376295,33.77422393675075,203300.0,15000,196000,Back,State,True,91.98091426812375,109
3032,12,91,,ORA,,3.258,,"FULLERTON, HARBOR BOULEVARD",-117.92424708875159,33.85381091442491,202700.0,14700,211000,Back,State,True,91.89241188240726,110
3030,12,91,,ORA,,2.234,,EUCLID AVENUE,-117.94192300773018,33.854076348880795,202700.0,14700,211000,Ahead,State,True,91.89241188240726,110
3040,12,91,,ORA,,6.119,,"ANAHEIM, JCT. RTE. 57, ORANGE FREEWAY",-117.87588540777699,33.84964869061774,202600.0,14600,211000,Back,State,True,91.88086809296598,112
3038,12,91,,ORA,,5.258,,"ANAHEIM, STATE COLLEGE BOULEVARD",-117.88954831881942,33.85413328763953,202400.0,14800,212000,Back,State,True,91.80775742650454,113
3036,12,91,,ORA,,4.256,,"ANAHEIM, EAST STREET",-117.90691917801239,33.85372061506177,202400.0,14800,212000,Ahead,State,True,91.80775742650454,113
2738,12,405,,ORA,,8.74,,"COSTA MESA, JCT. RTE. 55",-117.87219339843459,33.68748304423737,202300.0,14100,207000,Back,Interstate,True,91.7923657072495,115
2736,12,405,,ORA,,7.803,,"IRVINE, MAC ARTHUR BOULEVARD",-117.85697909150655,33.68288483573388,202300.0,14100,207000,Ahead,Interstate,True,91.7923657072495,115
2851,12,5,,ORA,,22.213,,"IRVINE, ALTON PARKWAY",-117.74374167180427,33.655730406049656,198100.0,17700,217000,Back,Interstate,True,91.37294135754964,117
3003,12,91,,ORA,R,10.091,,LAKEVIEW AVENUE,-117.81431880024796,33.85077192904441,197400.0,13100,208000,Ahead,State,True,91.12667384946899,118
3021,12,91,,ORA,R,2.615,,"BUENA PARK, JCT. RTE. 39/BEACH BOULEVARD",-117.99801390839372,33.85598415411033,196800.0,15300,210000,Back,State,True,90.9996921656149,119
3001,12,91,,ORA,R,1.842,,"BUENA PARK, KNOTT AVENUE",-118.011469700271,33.85589210096499,196800.0,15300,210000,Ahead,State,True,90.9996921656149,119
2602,12,22,,ORA,R,9.729,,"ORANGE, MANCHESTER AVENUE/ CITY DRIVE",-117.88922329128167,33.77892724631365,195700.0,14300,202000,Back,State,True,90.93812528859473,121
2600,12,22,,ORA,R,8.822,,"GARDEN GROVE, GARDEN GROVE BOULEVARD",-117.90506404376295,33.77422393675075,195700.0,14300,203000,Ahead,State,True,90.93812528859473,121
2730,12,405,,ORA,,3.947,,UNIVERSITY DRIVE,-117.79480462726244,33.66353177246212,195400.0,14800,201000,Back,Interstate,True,90.92658149915346,123
3038,12,91,,ORA,,5.258,,"ANAHEIM, STATE COLLEGE BOULEVARD",-117.88954831881942,33.85413328763953,194500.0,14000,203000,Ahead,State,True,90.78805602585808,124
2881,12,5,,ORA,,36.606,,ANAHEIM-HASTER OC,-117.90627243861853,33.80703438299569,192200.0,33500,296000,Back,Interstate,True,90.50330921963983,125
2885,12,5,,ORA,,37.641,,"ANAHEIM, BALL ROAD",-117.91777155158498,33.818024929870745,192200.0,16800,213000,Back,Interstate,True,90.50330921963983,125
2883,12,5,,ORA,,37.4,,"ANAHEIM, HARBOR BOULEVARD",-117.91534483818486,33.81568857237152,192200.0,17500,213000,Ahead,Interstate,True,90.50330921963983,125
2797,12,57,,ORA,,15.6,,"ANAHEIM, JCT. RTE. 91, RIVERSIDE FREEWAY",-117.87575608630868,33.84979268986557,190600.0,15800,204000,Ahead,State,True,90.2647375711867,128
2901,12,5,,ORA,,43.43,,JCT. RTE. 39,-117.99816566708289,33.8665526398963,190500.0,16900,208000,Ahead,Interstate,True,90.25704171155918,129
3026,12,91,,ORA,R,9.187,,JCT. RTE. 55 SOUTH,-117.827165846078,33.84409727060067,188700.0,14000,199000,Back,State,True,90.05694936124365,130
2720,12,405,,ORA,,2.876,,"IRVINE, SAND CANYON AVENUE",-117.77784446344435,33.657803785859095,187400.0,15400,193000,Back,Interstate,True,89.84531322148685,131
2700,12,405,,ORA,,1.804,,"IRVINE, JCT. RTE. 133",-117.76112230556585,33.65187542860708,187400.0,15400,193000,Ahead,Interstate,True,89.84531322148685,131
2995,12,91,,ORA,R,0.489,,"LA PALMA, ORANGETHORPE AVENUE",-118.03449630757699,33.85893980212312,186800.0,12600,193000,Back,State,True,89.74141911651532,133
2997,12,91,,ORA,R,0.848,,"BUENA PARK, VALLEY VIEW STREET",-118.02864111819949,33.85661931035056,186600.0,13900,200000,Back,State,True,89.71833153763275,134
3001,12,91,,ORA,R,1.842,,"BUENA PARK, KNOTT AVENUE",-118.011469700271,33.85589210096499,186600.0,13900,200000,Back,State,True,89.71833153763275,134
3028,12,91,,ORA,,1.232,,"ANAHEIM, BROOKHURST AVENUE",-117.9594668626839,33.853857588927355,186600.0,13700,195000,Back,State,True,89.71833153763275,134
2995,12,91,,ORA,R,0.489,,"LA PALMA, ORANGETHORPE AVENUE",-118.03449630757699,33.85893980212312,186600.0,13900,200000,Ahead,State,True,89.71833153763275,134
2997,12,91,,ORA,R,0.848,,"BUENA PARK, VALLEY VIEW STREET",-118.02864111819949,33.85661931035056,186600.0,13800,198000,Ahead,State,True,89.71833153763275,134
2734,12,405,,ORA,,6.917,,"IRVINE, JAMBOREE BOULEVARD",-117.84345346909066,33.67689171162135,186000.0,14200,190000,Back,Interstate,True,89.61058950284747,139
2853,12,5,,ORA,,23.12,,"IRVINE, JCT. RTE. 133",-117.75262711040047,33.66691603070748,186000.0,15900,198000,Back,Interstate,True,89.61058950284747,139
2851,12,5,,ORA,,22.213,,"IRVINE, ALTON PARKWAY",-117.74374167180427,33.655730406049656,186000.0,15900,198000,Ahead,Interstate,True,89.61058950284747,139
2901,12,5,,ORA,,43.43,,JCT. RTE. 39,-117.99816566708289,33.8665526398963,184500.0,16700,204000,Back,Interstate,True,89.14883792519625,142
2728,12,405,,ORA,,24.178,,ORANGE/ LOS ANGELES COUNTY LINE,-118.09308445286514,33.78597513688263,184200.0,13500,190000,Back,Interstate,True,89.13729413575496,143
2726,12,405,,ORA,,24.044,,"SEAL BEACH, JCT. RTE. 605",-118.09168740461338,33.784457292545106,184200.0,13500,190000,Ahead,Interstate,True,89.13729413575496,143
3003,12,91,,ORA,R,10.091,,LAKEVIEW AVENUE,-117.81431880024796,33.85077192904441,183300.0,12300,193000,Back,State,True,88.98337694320455,145
3026,12,91,,ORA,R,9.187,,JCT. RTE. 55 SOUTH,-117.827165846078,33.84409727060067,183300.0,12300,193000,Ahead,State,True,88.98337694320455,145
2787,12,57,,ORA,,11.238,,"ORANGE, CHAPMAN AVENUE UC",-117.87985112210835,33.7878927169925,182600.0,16100,186000,Back,State,True,88.84100354009543,147
2923,12,605,,ORA,R,1.643,,ORANGE/LOS ANGELES COUNTY LINE,-118.08130272721534,33.80643443906152,182500.0,15900,190000,Back,Interstate,True,88.79098045251655,148
2921,12,605,,ORA,R,1.405,,"LOS ALAMITOS, KATELLA AVENUE",-118.08173850175632,33.80283457963143,182500.0,16000,189000,Ahead,Interstate,True,88.79098045251655,148
3023,12,91,,ORA,R,3.638,R,"FULLERTON, JCT. RTE. 5, SANTA ANA FREEWAY",-117.9802372667122,33.85663941184472,182100.0,14000,193000,Back,State,True,88.73326150531014,150
3024,12,91,,ORA,R,3.851,R,"FULLERTON, MAGNOLIA BOULEVARD",-117.97654284449496,33.856947063481776,182100.0,13700,191000,Back,State,True,88.73326150531014,150
3021,12,91,,ORA,R,2.615,,"BUENA PARK, JCT. RTE. 39/BEACH BOULEVARD",-117.99801390839372,33.85598415411033,182100.0,14000,193000,Ahead,State,True,88.73326150531014,150
2873,12,5,,ORA,,34.942,,"ORANGE, CHAPMAN AVENUE",-117.8866350625901,33.78888887273357,181600.0,17900,207000,Back,Interstate,True,88.57164845313221,153
2696,12,405,,ORA,,0.23,,"IRVINE, JCT. RTE. 5",-117.73526130063773,33.644820114824874,181300.0,13500,175000,Ahead,Interstate,True,88.5639525935047,154
2598,12,22,,ORA,R,7.829,,"GARDEN GROVE, HARBOR BOULEVARD",-117.92050535945485,33.76764847925977,181000.0,13900,189000,Back,State,True,88.4369709096506,155
2827,12,5,,ORA,,12.49,,JCT RTE 73,-117.67387374081959,33.54071211056215,181000.0,17900,200000,Back,Interstate,True,88.4369709096506,155
2596,12,22,,ORA,R,6.811,,"GARDEN GROVE, EUCLID STREET",-117.93800249931884,33.76594974721166,181000.0,13800,189000,Ahead,State,True,88.4369709096506,155
2825,12,5,,ORA,,10.91,,"SAN JUAN CAPISTRANO, JUNIPERO SERRA ROAD",-117.66549793355207,33.52042500951928,181000.0,17900,200000,Ahead,Interstate,True,88.4369709096506,155
2803,12,57,,ORA,,17.574,,"FULLERTON, NUTWOOD AVENUE",-117.88022170950242,33.87793767486331,180900.0,14100,194000,Back,State,True,88.30614129598277,159
2801,12,57,,ORA,,17.303,,"FULLERTON, CHAPMAN AVENUE",-117.88027703584243,33.87394957943195,180900.0,14100,194000,Ahead,State,True,88.30614129598277,159
2732,12,405,,ORA,,5.618,,"IRVINE, CULVER DRIVE",-117.82267560994381,33.66959710965087,180000.0,14100,177000,Ahead,Interstate,True,88.08680929659843,161
2875,12,5,,ORA,,34,,"SANTA ANA, JCT. RTES. 22 AND 57",-117.87590888434862,33.77876981532297,179000.0,17100,201000,Ahead,Interstate,True,87.80206249038017,162
2732,12,405,,ORA,,5.618,,"IRVINE, CULVER DRIVE",-117.82267560994381,33.66959710965087,178600.0,15200,183000,Back,Interstate,True,87.72125596429122,163
2730,12,405,,ORA,,3.947,,UNIVERSITY DRIVE,-117.79480462726244,33.66353177246212,178600.0,15200,183000,Ahead,Interstate,True,87.72125596429122,163
3028,12,91,,ORA,,1.232,,"ANAHEIM, BROOKHURST AVENUE",-117.9594668626839,33.853857588927355,176700.0,12800,184000,Ahead,State,True,87.44805294751423,165
2883,12,5,,ORA,,37.4,,"ANAHEIM, HARBOR BOULEVARD",-117.91534483818486,33.81568857237152,176500.0,19500,196000,Back,Interstate,True,87.4326612282592,166
2879,12,5,,ORA,,36.258,,KATELLA AVENUE,-117.90158362270425,33.80312536240036,176500.0,15800,196000,Ahead,Interstate,True,87.4326612282592,166
2881,12,5,,ORA,,36.606,,ANAHEIM-HASTER OC,-117.90627243861853,33.80703438299569,176500.0,16100,196000,Ahead,Interstate,True,87.4326612282592,166
2789,12,57,,ORA,,11.798,,ORANGEWOOD AVENUE,-117.87778923879964,33.795773119502385,176200.0,14700,180000,Back,State,True,87.41726950900416,169
2825,12,5,,ORA,,10.91,,"SAN JUAN CAPISTRANO, JUNIPERO SERRA ROAD",-117.66549793355207,33.52042500951928,175000.0,17600,194000,Back,Interstate,True,87.14791442204094,170
2917,12,5,,ORA,,9.604,,"SAN JUAN CAPISTRANO, JCT. RTE. 74",-117.65837311206438,33.50246634518674,175000.0,17600,194000,Ahead,Interstate,True,87.14791442204094,170
2871,12,5,,ORA,,33.088,,"SANTA ANA, MAIN STREET",-117.86721118915526,33.76782554376697,174300.0,24800,213000,Ahead,Interstate,True,87.04017238725565,172
3023,12,91,,ORA,R,3.638,R,"FULLERTON, JCT. RTE. 5, SANTA ANA FREEWAY",-117.9802372667122,33.85663941184472,173800.0,13100,182000,Ahead,State,True,86.85547175619517,173
2909,12,5,,ORA,,5.801,,"SAN CLEMENTE, CAMINO ESTRELLA",-117.65599779487496,33.45893715950627,173500.0,15800,192000,Ahead,Interstate,True,86.84777589656764,174
2787,12,57,,ORA,,11.238,,"ORANGE, CHAPMAN AVENUE UC",-117.87985112210835,33.7878927169925,173300.0,14300,176000,Ahead,State,True,86.84008003694012,175
2999,12,91,,ORA,R,0,,LOS ANGELES/ORANGE COUNTY LINE,-118.04190725146582,33.8619500062555,171600.0,15600,187000,Ahead,State,True,86.59381252885947,176
2791,12,57,,ORA,,12.54,,"ANAHEIM, KATELLA AVENUE",-117.88012928453779,33.80616785567742,171300.0,14300,176000,Back,State,True,86.58226873941818,177
2789,12,57,,ORA,,11.798,,ORANGEWOOD AVENUE,-117.87778923879964,33.795773119502385,171300.0,14300,176000,Ahead,State,True,86.58226873941818,177
2584,12,22,,ORA,R,12.866,,TUSTIN AVENUE,-117.83579854456731,33.776350573301656,170500.0,14000,189000,Back,State,True,86.48222256426043,179
2582,12,22,,ORA,R,11.825,,"ORANGE, GLASSELL STREET",-117.85349296345089,33.775649521236225,170500.0,14000,189000,Ahead,State,True,86.48222256426043,179
3030,12,91,,ORA,,2.234,,EUCLID AVENUE,-117.94192300773018,33.854076348880795,170000.0,12200,177000,Back,State,True,86.37063259966138,181
2911,12,5,,ORA,,6.78,,JCT RTE 1,-117.66976493384657,33.467127332493355,169300.0,15400,187000,Back,Interstate,True,86.25519470524857,182
2913,12,5,,ORA,,7.344,,"SAN JUAN CAPISTRANO, CAMINO CAPISTRANO ON RAMP",-117.67460685682126,33.473611146221764,169300.0,14600,180000,Back,Interstate,True,86.25519470524857,182
2911,12,5,,ORA,,6.78,,JCT RTE 1,-117.66976493384657,33.467127332493355,169300.0,16300,187000,Ahead,Interstate,True,86.25519470524857,182
2718,12,405,,ORA,,19.156,,"WESTMINSTER, WESTMINSTER AVENUE",-118.02184622905106,33.75905902760086,169200.0,12200,172000,Back,Interstate,True,86.23595505617978,185
2716,12,405,,ORA,,17.753,,"WESTMINSTER, BOLSA AVE NUE/GOLDEN WEST STREET",-118.00474557860402,33.744616162948205,169200.0,12200,172000,Ahead,Interstate,True,86.23595505617978,185
2915,12,5,,ORA,,8.795,,"SAN JUAN CAPISTRANO, SAN JUAN CREEK ROAD",-117.6619208834132,33.49131946403232,168400.0,16700,186000,Back,Interstate,True,86.1282130213945,187
2917,12,5,,ORA,,9.604,,"SAN JUAN CAPISTRANO, JCT. RTE. 74",-117.65837311206438,33.50246634518674,168400.0,16600,186000,Back,Interstate,True,86.1282130213945,187
2913,12,5,,ORA,,7.344,,"SAN JUAN CAPISTRANO, CAMINO CAPISTRANO ON RAMP",-117.67460685682126,33.473611146221764,168400.0,16700,186000,Ahead,Interstate,True,86.1282130213945,187
2915,12,5,,ORA,,8.795,,"SAN JUAN CAPISTRANO, SAN JUAN CREEK ROAD",-117.6619208834132,33.49131946403232,168400.0,16600,186000,Ahead,Interstate,True,86.1282130213945,187
2596,12,22,,ORA,R,6.811,,"GARDEN GROVE, EUCLID STREET",-117.93800249931884,33.76594974721166,167700.0,13400,174000,Back,State,True,85.93581653070648,191
2594,12,22,,ORA,R,5.817,,"GARDEN GROVE, BROOKHURST STREET",-117.95499146132832,33.76582057159519,167700.0,13400,174000,Ahead,State,True,85.93581653070648,191
2919,12,605,,ORA,R,0,,JCT. RTE. 405,-118.09140181221828,33.78392282554929,167500.0,11700,172000,Ahead,Interstate,True,85.91272895182391,193
2750,12,55,,ORA,R,5.99,,"JCT. RTE. 405, SAN DIEGO FREEWAY",-117.87215317546944,33.687322201369,167400.0,9400,123000,Ahead,State,True,85.89348930275513,194
2768,12,55,,ORA,,10.979,,"SANTA ANA, FOURTH STREET",-117.83217618789709,33.74821536308653,167000.0,14000,178000,Back,State,True,85.80883484685239,195
2805,12,57,,ORA,,18.341,,"FULLERTON, YORBA LINDA BOULEVARD",-117.88042096391727,33.888991138717344,166200.0,13000,178000,Back,State,True,85.72033246113591,196
2803,12,57,,ORA,,17.574,,"FULLERTON, NUTWOOD AVENUE",-117.88022170950242,33.87793767486331,166200.0,13000,178000,Ahead,State,True,85.72033246113591,196
2837,12,5,,ORA,,17.472,,ALICIA PARKWAY,-117.69042697859373,33.60465146120794,163800.0,13200,153000,Ahead,Interstate,True,85.3624749884562,198
2833,12,5,,ORA,,15.217,,OSO PARKWAY,-117.6716198255509,33.58012385989573,162800.0,16800,180000,Back,Interstate,True,85.24318916422965,199
2831,12,5,,ORA,,13.776,,CROWN VALLEY PARKWAY,-117.67288404081991,33.55924752261493,162800.0,16800,180000,Ahead,Interstate,True,85.24318916422965,199
2722,12,405,,ORA,,20.751,,JCT. RTE. 22 EAST,-118.0421657884012,33.77462588275938,162500.0,11800,165000,Back,Interstate,True,85.1700784977682,201
2718,12,405,,ORA,,19.156,,"WESTMINSTER, WESTMINSTER AVENUE",-118.02184622905106,33.75905902760086,162500.0,11800,165000,Ahead,Interstate,True,85.1700784977682,201
2921,12,605,,ORA,R,1.405,,"LOS ALAMITOS, KATELLA AVENUE",-118.08173850175632,33.80283457963143,160200.0,12400,170000,Back,Interstate,True,84.85454825303987,203
3011,12,91,,ORA,R,14.431,R,WEIR CANYON ROAD,-117.74479438862114,33.87023752688848,160000.0,10600,168000,Back,State,True,84.75065414806834,204
2877,12,5,,ORA,,35.19,,"ANAHEIM, STATE COLLEGE BOULEVARD",-117.8897393868871,33.79170900305139,159900.0,13100,179000,Back,Interstate,True,84.63906418346929,205
2873,12,5,,ORA,,34.942,,"ORANGE, CHAPMAN AVENUE",-117.8866350625901,33.78888887273357,159900.0,15100,179000,Ahead,Interstate,True,84.63906418346929,205
2877,12,5,,ORA,,35.19,,"ANAHEIM, STATE COLLEGE BOULEVARD",-117.8897393868871,33.79170900305139,159900.0,14200,178000,Ahead,Interstate,True,84.63906418346929,205
2750,12,55,,ORA,R,5.99,,"JCT. RTE. 405, SAN DIEGO FREEWAY",-117.87215317546944,33.687322201369,159800.0,9100,120000,Back,State,True,84.62367246421425,208
2706,12,405,,ORA,,12.47,,"FOUNTAIN VALLEY, EUCLID STREET",-117.93510003005944,33.69581397465946,159500.0,12300,164000,Back,Interstate,True,84.61212867477298,209
2704,12,405,,ORA,,11.45,,"COSTA MESA, HARBOR BOULEVARD",-117.91910544647564,33.68924162158182,159500.0,12300,164000,Ahead,Interstate,True,84.61212867477298,209
3025,12,91,,ORA,R,3.879,L,"FULLERTON, MAGNOLIA BOULEVARD",-117.97650115817417,33.85761335214209,158700.0,11900,166000,Back,State,True,84.53132214868401,211
2835,12,5,,ORA,,16.528,,LA PAZ ROAD,-117.67624085998372,33.59798912577988,158300.0,16100,175000,Back,Interstate,True,84.51977835924272,212
2833,12,5,,ORA,,15.217,,OSO PARKWAY,-117.6716198255509,33.58012385989573,158300.0,16100,175000,Ahead,Interstate,True,84.51977835924272,212
2580,12,22,,ORA,R,10.992,,"SANTA ANA, MAIN STREET",-117.86734473899358,33.77818719927066,157800.0,12200,164000,Back,State,True,84.36586116669233,214
2582,12,22,,ORA,R,11.825,,"ORANGE, GLASSELL STREET",-117.85349296345089,33.775649521236225,157800.0,12400,166000,Back,State,True,84.36586116669233,214
2578,12,22,,ORA,R,10.478,,"SANTA ANA, JCT. RTES. 5 AND 57",-117.87615934093803,33.7788673238017,157800.0,12200,164000,Ahead,State,True,84.36586116669233,214
2580,12,22,,ORA,R,10.992,,"SANTA ANA, MAIN STREET",-117.86734473899358,33.77818719927066,157800.0,12400,166000,Ahead,State,True,84.36586116669233,214
3007,12,91,,ORA,R,12.08,,E/O IMPERIAL HIGHWAY; RTE 90,-117.78214417139837,33.85787592289594,156800.0,10400,164000,Back,State,True,84.13498537786671,218
3005,12,91,,ORA,R,11.54,,"PERALTA, JCT. RTE. 90 WEST",-117.79055876342825,33.85425213348675,156800.0,10400,164000,Ahead,State,True,84.13498537786671,218
2793,12,57,,ORA,,13.416,,"ANAHEIM, BALL ROAD",-117.8761971779778,33.818111394257585,155200.0,12600,160000,Back,State,True,83.9041095890411,220
2791,12,57,,ORA,,12.54,,"ANAHEIM, KATELLA AVENUE",-117.88012928453779,33.80616785567742,155200.0,12600,160000,Ahead,State,True,83.9041095890411,220
2837,12,5,,ORA,,17.472,,ALICIA PARKWAY,-117.69042697859373,33.60465146120794,154900.0,15600,171000,Back,Interstate,True,83.69632137909805,222
2835,12,5,,ORA,,16.528,,LA PAZ ROAD,-117.67624085998372,33.59798912577988,154900.0,15600,171000,Ahead,Interstate,True,83.69632137909805,222
3007,12,91,,ORA,R,12.08,,E/O IMPERIAL HIGHWAY; RTE 90,-117.78214417139837,33.85787592289594,152900.0,10100,160000,Ahead,State,True,83.41542250269354,224
2594,12,22,,ORA,R,5.817,,"GARDEN GROVE, BROOKHURST STREET",-117.95499146132832,33.76582057159519,152300.0,12200,158000,Back,State,True,83.3038325380945,225
2592,12,22,,ORA,R,4.812,,"GARDEN GROVE, MAGNOLIA STREET",-117.9727221811325,33.765771743107656,152300.0,12200,158000,Ahead,State,True,83.3038325380945,225
2704,12,405,,ORA,,11.45,,"COSTA MESA, HARBOR BOULEVARD",-117.91910544647564,33.68924162158182,151400.0,12000,156000,Back,Interstate,True,83.16530706479914,227
2702,12,405,,ORA,,10.282,,"COSTA MESA, JCT RTE 73D",-117.89858699652834,33.68771911982867,151400.0,12000,156000,Ahead,Interstate,True,83.16530706479914,227
2586,12,22,,ORA,R,13.164,,JCT. RTE. 55,-117.8310521394568,33.77716030570269,151200.0,11500,156000,Back,State,True,83.1499153455441,229
2584,12,22,,ORA,R,12.866,,TUSTIN AVENUE,-117.83579854456731,33.776350573301656,151200.0,11500,156000,Ahead,State,True,83.1499153455441,229
2909,12,5,,ORA,,5.801,,"SAN CLEMENTE, CAMINO ESTRELLA",-117.65599779487496,33.45893715950627,150900.0,13700,166000,Back,Interstate,True,82.97291057411113,231
2861,12,5,,ORA,,3.393,,"SAN CLEMENTE, AVENIDA PICO",-117.6220677977731,33.43884257431449,150900.0,13700,166000,Ahead,Interstate,True,82.97291057411113,231
2716,12,405,,ORA,,17.753,,"WESTMINSTER, BOLSA AVE NUE/GOLDEN WEST STREET",-118.00474557860402,33.744616162948205,149800.0,11000,153000,Back,Interstate,True,82.6650761890103,233
2714,12,405,,ORA,,16.544,,"HUNTINGTON BEACH, JCT. RTE. 39",-117.98935017311135,33.732868111813325,149800.0,11200,153000,Ahead,Interstate,True,82.6650761890103,233
2592,12,22,,ORA,R,4.812,,"GARDEN GROVE, MAGNOLIA STREET",-117.9727221811325,33.765771743107656,149200.0,13500,155000,Back,State,True,82.64968446975527,235
2590,12,22,,ORA,R,3.587,,"GARDEN GROVE, JCT. RTE. 39",-117.99221224064085,33.771027020039384,149200.0,13500,155000,Ahead,State,True,82.64968446975527,235
2861,12,5,,ORA,,3.393,,"SAN CLEMENTE, AVENIDA PICO",-117.6220677977731,33.43884257431449,148900.0,12800,158000,Back,Interstate,True,82.45728797906726,237
2847,12,5,,ORA,,2.663,,"SAN CLEMENTE, AVENIDA PALIZADA",-117.61409207767524,33.430873103258136,148900.0,12800,158000,Ahead,Interstate,True,82.45728797906726,237
2831,12,5,,ORA,,13.776,,CROWN VALLEY PARKWAY,-117.67288404081991,33.55924752261493,144200.0,14200,159000,Back,Interstate,True,81.72618131445283,239
2829,12,5,,ORA,,12.943,,AVERY PARKWAY,-117.67282603211044,33.54712511799822,144200.0,14200,159000,Ahead,Interstate,True,81.72618131445283,239
2879,12,5,,ORA,,36.258,,KATELLA AVENUE,-117.90158362270425,33.80312536240036,144000.0,13000,160000,Back,Interstate,True,81.69154994612899,241
2576,12,22,,ORA,R,0.65,,JCT. RTE. 405,-118.08611477042707,33.77420401151773,142500.0,13000,149000,Back,State,True,81.5453286132061,242
2604,12,22,,ORA,,0,,LOS ANGELES/ORANGE COUNTY  LINE,-118.09758031245302,33.77418402056948,142500.0,13000,149000,Ahead,State,True,81.5453286132061,242
2698,12,405,,ORA,,0.949,,IRVINE CENTER DRIVE,-117.74721674788704,33.64826199020505,140900.0,10500,136000,Back,Interstate,True,81.27597352624288,244
2746,12,55,,ORA,R,4.022,,"COSTA MESA, MESA DRIVE",-117.8947298588704,33.66593159296611,140000.0,11000,147000,Back,State,True,81.14514391257504,245
2744,12,55,,ORA,R,2.772,,"COSTA MESA, VICTORIA/22ND STREETS",-117.9085039139714,33.65185524913551,140000.0,11400,152000,Ahead,State,True,81.14514391257504,245
2746,12,55,,ORA,R,4.022,,"COSTA MESA, MESA DRIVE",-117.8947298588704,33.66593159296611,138000.0,10900,142000,Ahead,State,True,80.78728643989534,247
2811,12,57,,ORA,,21.776,,TONNER CANYON ROAD,-117.87745573835211,33.93765631092136,136100.0,11900,141000,Back,State,True,80.55641065106973,248
2809,12,57,,ORA,,20.884,,"BREA, LAMBERT ROAD",-117.88004328342572,33.92506242370414,136100.0,11800,140000,Ahead,State,True,80.55641065106973,248
2700,12,405,,ORA,,1.804,,"IRVINE, JCT. RTE. 133",-117.76112230556585,33.65187542860708,136000.0,10300,140000,Back,Interstate,True,80.47560412498076,250
2698,12,405,,ORA,,0.949,,IRVINE CENTER DRIVE,-117.74721674788704,33.64826199020505,136000.0,10300,140000,Ahead,Interstate,True,80.47560412498076,250
2829,12,5,,ORA,,12.943,,AVERY PARKWAY,-117.67282603211044,33.54712511799822,135900.0,13400,150000,Back,Interstate,True,80.3947975988918,252
2827,12,5,,ORA,,12.49,,JCT RTE 73,-117.67387374081959,33.54071211056215,135900.0,13400,149000,Ahead,Interstate,True,80.3947975988918,252
2897,12,5,,ORA,,42.515,L,END LEFT ALIGN,-117.9856461425138,33.85903469040223,133900.0,11600,147000,Back,Interstate,True,80.09465907341851,254
2898,12,5,,ORA,,42.515,R,END RIGHT ALIGN,-117.98467722773321,33.859056749500645,133900.0,15500,148000,Back,Interstate,True,80.09465907341851,254
2895,12,5,,ORA,,42.1,L,"BEGIN LEFT ALIGN, FULLERTON, JCT. RTE. 91",-117.97891751220243,33.85611367631942,133900.0,11600,147000,Ahead,Interstate,True,80.09465907341851,254
2896,12,5,,ORA,,42.1,R,"BEGIN RIGHT ALIGN, FULLERTON, JCT. RTE. 91",-117.97857280437339,33.857020461307265,133900.0,15500,148000,Ahead,Interstate,True,80.09465907341851,254
2782,12,57,,ORA,R,22.551,,ORANGE/LOS ANGELES COUNTY LINE,-117.86830346148899,33.94602140131916,133800.0,9700,139000,Back,State,True,80.07157149453595,258
2811,12,57,,ORA,,21.776,,TONNER CANYON ROAD,-117.87745573835211,33.93765631092136,133800.0,10800,139000,Ahead,State,True,80.07157149453595,258
2740,12,405,,ORA,,9.508,,"COSTA MESA, BRISTOL STREET",-117.88557239872812,33.68751417992682,133300.0,10000,136000,Back,Interstate,True,80.06002770509465,260
2807,12,57,,ORA,,19.858,,"BREA, JCT. RTE. 90",-117.88340999034587,33.91075785685817,131300.0,11100,139000,Back,State,True,79.73295367092504,261
2805,12,57,,ORA,,18.341,,"FULLERTON, YORBA LINDA BOULEVARD",-117.88042096391727,33.888991138717344,131300.0,11100,139000,Ahead,State,True,79.73295367092504,261
2588,12,22,,ORA,R,2.653,,"WESTMINSTER, KNOTT AVENUE/GOLDEN WEST STREET",-118.00775958897731,33.77432948724288,127500.0,14700,135000,Back,State,True,79.24426658457749,263
2576,12,22,,ORA,R,0.65,,JCT. RTE. 405,-118.08611477042707,33.77420401151773,127500.0,14700,135000,Ahead,State,True,79.24426658457749,263
2785,12,57,,ORA,,11.022,L,BEGIN AND END LEFT ALIGN,-117.88002034045336,33.784212897566746,126900.0,11200,130000,Back,State,True,79.12113283053716,265
2786,12,57,,ORA,,11.022,R,END RIGHT ALIGN,-117.87977682065458,33.78421445353052,126900.0,11200,130000,Back,State,True,79.12113283053716,265
2785,12,57,,ORA,,11.022,L,BEGIN AND END LEFT ALIGN,-117.88002034045336,33.784212897566746,126900.0,11200,130000,Ahead,State,True,79.12113283053716,265
2708,12,405,,ORA,,13.78,,"FOUNTAIN VALLEY, BROOKHURST STREET",-117.95435468964085,33.70544091834264,126700.0,10300,130000,Back,Interstate,True,79.10189318146837,268
2706,12,405,,ORA,,12.47,,"FOUNTAIN VALLEY, EUCLID STREET",-117.93510003005944,33.69581397465946,126700.0,10300,130000,Ahead,Interstate,True,79.10189318146837,268
2847,12,5,,ORA,,2.663,,"SAN CLEMENTE, AVENIDA PALIZADA",-117.61409207767524,33.430873103258136,125700.0,10400,133000,Back,Interstate,True,78.87871325227029,270
2845,12,5,,ORA,,2.306,,"SAN CLEMENTE, AVENIDA PRESIDIO",-117.61028835743738,33.42686289391502,125700.0,10400,133000,Ahead,Interstate,True,78.87871325227029,270
2845,12,5,,ORA,,2.306,,"SAN CLEMENTE, AVENIDA PRESIDIO",-117.61028835743738,33.42686289391502,125200.0,10500,133000,Back,Interstate,True,78.86332153301524,272
2823,12,5,,ORA,,1.627,,"SAN CLEMENTE, EL CAMINO REAL",-117.60455853694096,33.41811833377095,125200.0,10500,133000,Ahead,Interstate,True,78.86332153301524,272
2784,12,57,,ORA,,10.83,R,"ORANGE, JCT. RTES. 5 AND 22, BEGIN RIGHT ALIGN",-117.8786191833075,33.78200034965424,124500.0,11000,127000,Ahead,State,True,78.7209481299061,274
2738,12,405,,ORA,,8.74,,"COSTA MESA, JCT. RTE. 55",-117.87219339843459,33.68748304423737,118800.0,8900,117000,Ahead,Interstate,True,77.48961058950285,275
2748,12,55,,ORA,R,4.233,,"COSTA MESA, BEGIN COSTA MESA FREEWAY",-117.89240400471715,33.66828145400216,116800.0,9200,120000,Back,State,True,76.9624442050177,276
2748,12,55,,ORA,R,4.233,,"COSTA MESA, BEGIN COSTA MESA FREEWAY",-117.89240400471715,33.66828145400216,116800.0,9200,120000,Ahead,State,True,76.9624442050177,276
2710,12,405,,ORA,,14.817,,"FOUNTAIN VALLEY, WARNER AVENUE",-117.96690340586339,33.715994727492074,114700.0,9000,117000,Back,Interstate,True,76.6623056795444,278
2708,12,405,,ORA,,13.78,,"FOUNTAIN VALLEY, BROOKHURST STREET",-117.95435468964085,33.70544091834264,114700.0,9000,117000,Ahead,Interstate,True,76.6623056795444,278
2702,12,405,,ORA,,10.282,,"COSTA MESA, JCT RTE 73D",-117.89858699652834,33.68771911982867,113900.0,9100,115000,Back,Interstate,True,76.48530090811143,280
2740,12,405,,ORA,,9.508,,"COSTA MESA, BRISTOL STREET",-117.88557239872812,33.68751417992682,113900.0,9100,115000,Ahead,Interstate,True,76.48530090811143,280
3024,12,91,,ORA,R,3.851,R,"FULLERTON, MAGNOLIA BOULEVARD",-117.97654284449496,33.856947063481776,113900.0,8400,120000,Ahead,State,True,76.48530090811143,280
3025,12,91,,ORA,R,3.879,L,"FULLERTON, MAGNOLIA BOULEVARD",-117.97650115817417,33.85761335214209,113900.0,8400,120000,Ahead,State,True,76.48530090811143,280
2823,12,5,,ORA,,1.627,,"SAN CLEMENTE, EL CAMINO REAL",-117.60455853694096,33.41811833377095,112500.0,9500,116000,Back,Interstate,True,76.26212097891334,284
2843,12,5,,ORA,,1,,"SAN CLEMENTE, AVENIDA CALIFIA",-117.60038998750998,33.4098318246302,112500.0,9500,116000,Ahead,Interstate,True,76.26212097891334,284
2712,12,405,,ORA,,15.21,,"HUNTINGTON BEACH, MAGNOLIA STREET",-117.97198977210496,33.72015452868315,109000.0,7800,111000,Back,Interstate,True,75.54640603355395,286
2714,12,405,,ORA,,16.544,,"HUNTINGTON BEACH, JCT. RTE. 39",-117.98935017311135,33.732868111813325,109000.0,8400,112000,Back,Interstate,True,75.54640603355395,286
2710,12,405,,ORA,,14.817,,"FOUNTAIN VALLEY, WARNER AVENUE",-117.96690340586339,33.715994727492074,109000.0,8500,111000,Ahead,Interstate,True,75.54640603355395,286
2712,12,405,,ORA,,15.21,,"HUNTINGTON BEACH, MAGNOLIA STREET",-117.97198977210496,33.72015452868315,109000.0,8500,112000,Ahead,Interstate,True,75.54640603355395,286
2843,12,5,,ORA,,1,,"SAN CLEMENTE, AVENIDA CALIFIA",-117.60038998750998,33.4098318246302,103700.0,8500,106000,Back,Interstate,True,74.63829459750654,290
2821,12,5,,ORA,,0,,SAN DIEGO/ORANGE COUNTY LINE,-117.59362916247714,33.39650070106985,103700.0,8800,107000,Ahead,Interstate,True,74.63829459750654,290
2809,12,57,,ORA,,20.884,,"BREA, LAMBERT ROAD",-117.88004328342572,33.92506242370414,99800.0,8400,102000,Back,State,True,73.85716484531322,292
2807,12,57,,ORA,,19.858,,"BREA, JCT. RTE. 90",-117.88340999034587,33.91075785685817,97300.0,8200,100000,Ahead,State,True,73.38002154840696,293
2744,12,55,,ORA,R,2.772,,"COSTA MESA, VICTORIA/22ND STREETS",-117.9085039139714,33.65185524913551,95000.0,7100,107000,Back,State,True,72.9028782515007,294
2764,12,55,,ORA,,1.82,,"COSTA MESA, HARBOR BOULEVARD",-117.91863955771142,33.641160485819114,94000.0,8600,108000,Back,State,True,72.73741726950901,295
2762,12,55,,ORA,,1.513,,"COSTA MESA, EAST 17TH STREET",-117.92168327986273,33.63742653569131,93000.0,8500,107000,Back,State,True,72.54886870863476,296
2760,12,55,,ORA,,0.267,,JCT. RTE. 1,-117.92943852105046,33.620922522914086,93000.0,8500,107000,Ahead,State,True,72.54886870863476,296
2762,12,55,,ORA,,1.513,,"COSTA MESA, EAST 17TH STREET",-117.92168327986273,33.63742653569131,93000.0,8500,107000,Ahead,State,True,72.54886870863476,296
2590,12,22,,ORA,R,3.587,,"GARDEN GROVE, JCT. RTE. 39",-117.99221224064085,33.771027020039384,88900.0,7200,92000,Back,State,True,71.7138679390488,299
2588,12,22,,ORA,R,2.653,,"WESTMINSTER, KNOTT AVENUE/GOLDEN WEST STREET",-118.00775958897731,33.77432948724288,88900.0,7100,92000,Ahead,State,True,71.7138679390488,299
2684,12,39,,ORA,,5.8,,"HUNTINGTON BEACH, JCT. RTE. 405, SAN DIEGO FREEWAY",-117.98924896352153,33.732634405256725,86200.0,6700,89000,Ahead,State,True,71.34061874711405,301
2780,12,55,,ORA,,2.021,,"COSTA MESA, 19TH STREET",-117.91651146227807,33.643303320219076,85000.0,6100,90000,Ahead,State,True,71.08665537940588,302
2686,12,39,,ORA,,6.63,,"WESTMINSTER, BOLSA AVENUE",-117.98939252059215,33.744585315373996,83600.0,6700,89000,Back,State,True,70.7942127135601,303
2684,12,39,,ORA,,5.8,,"HUNTINGTON BEACH, JCT. RTE. 405, SAN DIEGO FREEWAY",-117.98924896352153,33.732634405256725,82000.0,6400,84000,Back,State,True,70.36709250423272,304
2780,12,55,,ORA,,2.021,,"COSTA MESA, 19TH STREET",-117.91651146227807,33.643303320219076,80000.0,7300,92000,Back,State,True,69.91303678620902,305
2764,12,55,,ORA,,1.82,,"COSTA MESA, HARBOR BOULEVARD",-117.91863955771142,33.641160485819114,80000.0,7300,92000,Ahead,State,True,69.91303678620902,305
2692,12,39,,ORA,,9.171,,"STANTON, LAMPSON AVENUE",-117.99278211119585,33.78108949111739,77600.0,6100,87000,Back,State,True,69.38971833153764,307
2692,12,39,,ORA,,9.171,,"STANTON, LAMPSON AVENUE",-117.99278211119585,33.78108949111739,77600.0,6200,85000,Ahead,State,True,69.38971833153764,307
2688,12,39,,ORA,,7.634,,"WESTMINSTER, WESTMINSTER AVENUE",-117.98955912124643,33.75929087198251,77500.0,6200,84000,Back,State,True,69.37432661228259,309
2686,12,39,,ORA,,6.63,,"WESTMINSTER, BOLSA AVENUE",-117.98939252059215,33.744585315373996,77500.0,6200,84000,Ahead,State,True,69.37432661228259,309
2931,12,73,,ORA,R,27.282,,"COSTA MESA, BEAR STREET",-117.89330865941223,33.6816805002668,77200.0,6600,86000,Back,State,True,69.36278282284131,311
2690,12,39,,ORA,,8.478,,"WESTMINSTER, JCT. RTE. 22, GARDEN GROVE FREEWAY",-117.99223522852898,33.77113361168878,77000.0,6000,82000,Back,State,True,69.22810527935971,312
2690,12,39,,ORA,,8.478,,"WESTMINSTER, JCT. RTE. 22, GARDEN GROVE FREEWAY",-117.99223522852898,33.77113361168878,76900.0,5900,83000,Ahead,State,True,69.0934277358781,313
2688,12,39,,ORA,,7.634,,"WESTMINSTER, WESTMINSTER AVENUE",-117.98955912124643,33.75929087198251,74500.0,5900,81000,Ahead,State,True,68.5624134215792,314
2929,12,73,,ORA,R,26.581,,"COSTA MESA, JCT RTE 55",-117.88606582983896,33.67344486684935,73900.0,5800,77000,Ahead,State,True,68.23149145759582,315
2929,12,73,,ORA,R,26.581,,"COSTA MESA, JCT RTE 55",-117.88606582983896,33.67344486684935,72100.0,6300,79000,Back,State,True,67.99676773895644,316
2953,12,73,,ORA,,24.778,,JAMBOREE ROAD,-117.86485668233769,33.65552121001914,72100.0,6300,79000,Ahead,State,True,67.99676773895644,316
2682,12,39,,ORA,,4.631,,"HUNTINGTON BEACH, WARNER AVENUE",-117.9889969241006,33.715670378254785,71900.0,5800,76000,Ahead,State,True,67.83130675696475,318
2694,12,39,,ORA,,9.671,,"STANTON, CHAPMAN AVENUE",-117.99286786616949,33.788386119315476,71500.0,5700,79000,Back,State,True,67.81976296752347,319
2694,12,39,,ORA,,9.671,,"STANTON, CHAPMAN AVENUE",-117.99286786616949,33.788386119315476,71500.0,5700,79000,Ahead,State,True,67.81976296752347,319
2630,12,261,,ORA,,0.239,,JAMBOREE OC,-117.79861788311706,33.71453715296334,71100.0,11300,75000,Back,State,True,67.80437124826844,321
2632,12,261,,ORA,,0,,"IRVINE, WALNUT AVENUE",-117.80074476043487,33.711692110435756,71100.0,11300,75000,Ahead,State,True,67.80437124826844,321
2969,12,90,,ORA,R,5.453,,"BREA, JCT. RTE. 57",-117.88361878307241,33.91070191163037,69800.0,6000,71000,Back,State,True,66.97706633830998,323
2680,12,39,,ORA,,4.131,,"HUNTINGTON BEACH, SLATER AVENUE",-117.98910329181676,33.70841856808713,69600.0,6700,78000,Ahead,State,True,66.96937047868246,324
2682,12,39,,ORA,,4.631,,"HUNTINGTON BEACH, WARNER AVENUE",-117.9889969241006,33.715670378254785,69400.0,5600,78000,Back,State,True,66.96167461905495,325
2654,12,39,,ORA,,12.685,,"ANAHEIM, LINCOLN AVENUE",-117.99339597314862,33.83205664602737,68800.0,5300,72000,Back,State,True,66.54225026935508,326
2654,12,39,,ORA,,12.685,,"ANAHEIM, LINCOLN AVENUE",-117.99339597314862,33.83205664602737,68800.0,5800,72000,Ahead,State,True,66.54225026935508,326
2656,12,39,,ORA,,14.378,,"BUENA PARK, JCT. RTE. 91, ARTESIA FREEWAY",-117.99793001742427,33.856098387870475,68500.0,5900,71000,Back,State,True,66.5307064799138,328
2989,12,90,,ORA,,5.191,,"BREA, STATE COLLEGE BOULEVARD",-117.88793030387238,33.91177908154961,67700.0,6000,71000,Ahead,State,True,66.16900107742035,329
2676,12,39,,ORA,,3.12,,"HUNTINGTON BEACH, MAIN STREET/ELLIS AVENUE",-117.988752581445,33.69395847099732,67100.0,6500,75000,Ahead,State,True,66.16130521779283,330
2680,12,39,,ORA,,4.131,,"HUNTINGTON BEACH, SLATER AVENUE",-117.98910329181676,33.70841856808713,66500.0,6400,74000,Back,State,True,65.95736493766353,331
2678,12,39,,ORA,,3.611,,"HUNTINGTON BEACH, TALBERT AVENUE",-117.9890646265303,33.70122215245538,66500.0,6400,74000,Ahead,State,True,65.95736493766353,331
2662,12,39,,ORA,,16.13,,STAGE ROAD/CASCADE WAY,-117.9979065552257,33.881654809054254,66400.0,6000,71000,Back,State,True,65.9419732184085,333
2662,12,39,,ORA,,16.13,,STAGE ROAD/CASCADE WAY,-117.9979065552257,33.881654809054254,66400.0,5900,73000,Ahead,State,True,65.9419732184085,333
2987,12,90,,ORA,,4.391,,"BREA, BREA BOULEVARD",-117.900387736889,33.91645085107568,65800.0,4900,66000,Ahead,State,True,65.60720332461136,335
2664,12,39,,ORA,,16.38,,"BUENA PARK, LA MIRADA BOULEVARD",-117.99537510455164,33.884486607967766,65600.0,5800,72000,Back,State,True,65.59950746498384,336
2650,12,39,,ORA,,11.181,,"STANTON, CERRITOS AVENUE",-117.99311238130161,33.81017624254944,65200.0,5200,71000,Back,State,True,65.58796367554255,337
2650,12,39,,ORA,,11.181,,"STANTON, CERRITOS AVENUE",-117.99311238130161,33.81017624254944,65200.0,5200,71000,Ahead,State,True,65.58796367554255,337
2678,12,39,,ORA,,3.611,,"HUNTINGTON BEACH, TALBERT AVENUE",-117.9890646265303,33.70122215245538,65100.0,6500,75000,Back,State,True,65.57641988610128,339
2983,12,90,,ORA,,12.828,,"ANAHEIM, JCT. RTE. 91",-117.79063509327793,33.8543895742491,64900.0,4450,64000,Back,State,True,65.30706479913806,340
2648,12,39,,ORA,,10.66,,"STANTON, KATELLA AVENUE",-117.99304306370105,33.80290657952829,64600.0,5100,71000,Back,State,True,65.29552100969678,341
2648,12,39,,ORA,,10.66,,"STANTON, KATELLA AVENUE",-117.99304306370105,33.80290657952829,64600.0,5100,71000,Ahead,State,True,65.29552100969678,341
2989,12,90,,ORA,,5.191,,"BREA, STATE COLLEGE BOULEVARD",-117.88793030387238,33.91177908154961,63800.0,4900,66000,Back,State,True,64.99153455440972,343
2981,12,90,,ORA,,12.462,,"ANAHEIM, LA PALMA AVENUE",-117.7905437265287,33.85969865326761,62900.0,4450,64000,Ahead,State,True,64.6452208711713,344
2652,12,39,,ORA,,11.681,,BALL ROAD,-117.99318403092869,33.81744592304196,62500.0,5000,68000,Back,State,True,64.63367708173003,345
2652,12,39,,ORA,,11.681,,BALL ROAD,-117.99318403092869,33.81744592304196,62500.0,5000,68000,Ahead,State,True,64.63367708173003,345
2676,12,39,,ORA,,3.12,,"HUNTINGTON BEACH, MAIN STREET/ELLIS AVENUE",-117.988752581445,33.69395847099732,61700.0,6800,72000,Back,State,True,64.16807757426504,347
2993,12,90,,ORA,,7.271,,"BREA, JCT. RTE. 142 NORTHEAST",-117.85236430755147,33.909634080752504,61000.0,5400,62000,Back,State,True,64.02185624134216,348
2660,12,39,,ORA,,15.573,,"BUENA PARK, ARTESIA BOULEVARD",-117.99818593397399,33.87351531347321,60700.0,5400,64000,Ahead,State,True,63.875634908419265,349
2656,12,39,,ORA,,14.378,,"BUENA PARK, JCT. RTE. 91, ARTESIA FREEWAY",-117.99793001742427,33.856098387870475,57800.0,5200,62000,Ahead,State,True,63.167615822687395,350
2981,12,90,,ORA,,12.462,,"ANAHEIM, LA PALMA AVENUE",-117.7905437265287,33.85969865326761,57700.0,4050,58000,Back,State,True,63.15607203324611,351
2979,12,90,,ORA,,12.275,,"ANAHEIM, ORANGETHORPE AVENUE",-117.79048720722598,33.86253483804168,57700.0,4050,58000,Ahead,State,True,63.15607203324611,351
2658,12,39,,ORA,,15.15,,"BUENA PARK, MANCHESTER AVENUE",-117.99808936777589,33.86753754592998,57600.0,5100,62000,Back,State,True,63.13683238417731,353
2660,12,39,,ORA,,15.573,,"BUENA PARK, ARTESIA BOULEVARD",-117.99818593397399,33.87351531347321,57600.0,5100,61000,Back,State,True,63.13683238417731,353
2658,12,39,,ORA,,15.15,,"BUENA PARK, MANCHESTER AVENUE",-117.99808936777589,33.86753754592998,57600.0,5200,61000,Ahead,State,True,63.13683238417731,353
2626,12,241,,ORA,,36.099,,WINDY RIDGE TOLL PLAZA,-117.71633493397017,33.824538347044175,56600.0,6000,58000,Back,State,True,62.86362936740034,356
2628,12,241,,ORA,,39.079,,JCT RTE 91,-117.72008117460626,33.86678287363141,56600.0,6000,58000,Back,State,True,62.86362936740034,356
2624,12,241,,ORA,,32.541,,CHAPMAN-SANTIAGO RD UC,-117.74746370194518,33.782209000280915,56600.0,6000,58000,Ahead,State,True,62.86362936740034,356
2626,12,241,,ORA,,36.099,,WINDY RIDGE TOLL PLAZA,-117.71633493397017,33.824538347044175,56600.0,6000,58000,Ahead,State,True,62.86362936740034,356
2542,12,1,,ORA,R,18.073,,"NEWPORT BEACH, BAYSIDE DRIVE",-117.90094079727007,33.61635457779889,56500.0,5500,62000,Ahead,State,True,62.84438971833154,360
2512,12,133,,ORA,,11.897,,IRVINE BOULEVARD,-117.73564475011001,33.69674468456444,51700.0,6300,53000,Ahead,State,True,61.72079421271356,361
2552,12,1,,ORA,,20.37,,"NEWPORT BEACH, BALBOA BOULEVARD/SUPERIOR AVENUE",-117.93923535170634,33.62304533727177,50600.0,6000,54000,Back,State,True,61.53224565183931,362
2552,12,1,,ORA,,20.37,,"NEWPORT BEACH, BALBOA BOULEVARD/SUPERIOR AVENUE",-117.93923535170634,33.62304533727177,50600.0,6000,54000,Ahead,State,True,61.53224565183931,362
2666,12,39,,ORA,,19.168,,"LA HABRA, JCT. RTE. 90 EAST",-117.96795886254183,33.91737700161284,50300.0,4300,54000,Back,State,True,61.51685393258427,364
2666,12,39,,ORA,,19.168,,"LA HABRA, JCT. RTE. 90 EAST",-117.96795886254183,33.91737700161284,50300.0,4150,54000,Ahead,State,True,61.51685393258427,364
2544,12,1,,ORA,R,18.446,,"NEWPORT BEACH, DOVER DRIVE",-117.90720444791233,33.616253753977205,50200.0,4850,55000,Back,State,True,61.501462213329226,366
2544,12,1,,ORA,R,18.446,,"NEWPORT BEACH, DOVER DRIVE",-117.90720444791233,33.616253753977205,50200.0,4850,55000,Ahead,State,True,61.501462213329226,366
2975,12,90,,ORA,,11.147,,"YORBA LINDA, ORCHARD/ KELLOGG DRIVES",-117.8033855145194,33.873770695380195,50000.0,4300,51000,Back,State,True,61.347545020778824,368
2993,12,90,,ORA,,7.271,,"BREA, JCT. RTE. 142 NORTHEAST",-117.85236430755147,33.909634080752504,50000.0,4300,51000,Ahead,State,True,61.347545020778824,368
2550,12,1,,ORA,,19.797,,"NEWPORT BEACH, JCT. RTE. 55",-117.92906148734595,33.62127920615473,49600.0,4950,56000,Back,State,True,61.193627828228415,370
2550,12,1,,ORA,,19.797,,"NEWPORT BEACH, JCT. RTE. 55",-117.92906148734595,33.62127920615473,49600.0,5900,54000,Ahead,State,True,61.193627828228415,370
2664,12,39,,ORA,,16.38,,"BUENA PARK, LA MIRADA BOULEVARD",-117.99537510455164,33.884486607967766,48600.0,4400,54000,Ahead,State,True,60.83577035554871,372
2512,12,133,,ORA,,11.897,,IRVINE BOULEVARD,-117.73564475011001,33.69674468456444,48400.0,6300,53000,Back,State,True,60.63567800523318,373
2969,12,90,,ORA,R,5.453,,"BREA, JCT. RTE. 57",-117.88361878307241,33.91070191163037,48300.0,4300,51000,Ahead,State,True,60.627982145605664,374
2985,12,90,,ORA,,2.497,,"LA HABRA, HARBOR BOULEVARD",-117.93305281354438,33.917323228531444,48200.0,3550,48000,Back,State,True,60.62028628597814,375
2566,12,1,,ORA,,32.721,,"SEAL BEACH, SEAL BEACH BOULVARD",-118.09547671946736,33.7408920126064,47300.0,4850,50000,Back,State,True,60.27012467292596,376
2566,12,1,,ORA,,32.721,,"SEAL BEACH, SEAL BEACH BOULVARD",-118.09547671946736,33.7408920126064,47300.0,4900,51000,Ahead,State,True,60.27012467292596,376
2542,12,1,,ORA,R,18.073,,"NEWPORT BEACH, BAYSIDE DRIVE",-117.90094079727007,33.61635457779889,47200.0,4550,52000,Back,State,True,60.25858088348468,378
2987,12,90,,ORA,,4.391,,"BREA, BREA BOULEVARD",-117.900387736889,33.91645085107568,47100.0,3500,47000,Back,State,True,60.24703709404341,379
2985,12,90,,ORA,,2.497,,"LA HABRA, HARBOR BOULEVARD",-117.93305281354438,33.917323228531444,47100.0,3500,47000,Ahead,State,True,60.24703709404341,379
2514,12,133,,ORA,,13.644,,JCT RTE 241,-117.72041853241964,33.71764636959859,46700.0,5600,47500,Back,State,True,60.06233646298291,381
2973,12,90,,ORA,,1.76,,"LA HABRA, EUCLID STREET",-117.94610355326344,33.91727191245776,46700.0,3550,48000,Ahead,State,True,60.06233646298291,381
2957,12,74,,ORA,,0,,"SAN JUAN CAPISTRANO, JCT. RTE. 5",-117.65944404312195,33.502026866341545,46600.0,4000,46500,Ahead,State,True,60.05079267354163,383
2971,12,90,,ORA,,0.5,,"LA HABRA, JCT. RTE. 39",-117.96811660311245,33.91729912329456,46500.0,3400,46500,Ahead,State,True,59.97768200708019,384
2562,12,1,,ORA,,29.89,,"SUNSET BEACH, WARNER AVENUE",-118.0629627106967,33.71160579791287,45700.0,5500,49000,Back,State,True,59.71217484993073,385
2959,12,74,,ORA,,1.06,,CALLE ENTRADERO DRIVE,-117.64366775554207,33.5110917252725,45200.0,4000,46500,Back,State,True,59.51977835924273,386
2973,12,90,,ORA,,1.76,,"LA HABRA, EUCLID STREET",-117.94610355326344,33.91727191245776,45100.0,3400,46500,Back,State,True,59.512082499615204,387
2642,12,39,,LA,D,17.34,,ROSECRANS AVE,-117.98721273609735,33.89627247248593,45000.0,4050,50000,Back,,False,59.30429428967216,388
2522,12,133,,ORA,,9.565,,"IRVINE, JCT RTE 5",-117.75315703916297,33.66754879903639,45000.0,5400,46000,Ahead,State,True,59.30429428967216,388
2975,12,90,,ORA,,11.147,,"YORBA LINDA, ORCHARD/ KELLOGG DRIVES",-117.8033855145194,33.873770695380195,44800.0,3050,45500,Ahead,State,True,59.0965060797291,390
2642,12,39,,LA,D,17.34,,ROSECRANS AVE,-117.98721273609735,33.89627247248593,44000.0,3900,49000,Ahead,,False,58.86178236108973,391
2568,12,1,,ORA,,33.719,,LOS ANGELES/ORANGE COUNTY LINE,-118.10592541979568,33.75101481712639,43800.0,4550,47500,Back,State,True,58.73480067723564,392
2620,12,241,,ORA,,24.968,,PORTOLA PARKWAY,-117.692330745836,33.69563665910168,42800.0,5500,46500,Back,State,True,58.43081422194859,393
2622,12,241,,ORA,,27.378,,JCT RTE 133,-117.72012160957387,33.71813020794498,42800.0,5900,46000,Back,State,True,58.43081422194859,393
2618,12,241,,ORA,,23.418,,ALTON PARKWAY,-117.67328593899319,33.68017901668453,42800.0,5500,46500,Ahead,State,True,58.43081422194859,393
2620,12,241,,ORA,,24.968,,PORTOLA PARKWAY,-117.692330745836,33.69563665910168,42800.0,6200,46000,Ahead,State,True,58.43081422194859,393
2991,12,90,,ORA,,6.576,,WEST OF JCT. RTE. 142,-117.86377260623263,33.910966574236184,42700.0,3850,45000,Back,State,True,58.40772664306603,397
2991,12,90,,ORA,,6.576,,WEST OF JCT. RTE. 142,-117.86377260623263,33.910966574236184,42700.0,3850,45000,Ahead,State,True,58.40772664306603,397
2646,12,39,,ORA,,1.63,,"HUNTINGTON BEACH, ADAMS AVENUE",-117.98846758642954,33.67219465358913,42600.0,4700,49500,Ahead,State,True,58.396182853624744,399
2955,12,74,,ORA,R,2.151,,RANCHO VIEJO WAY/SANTA MARGARITA,-117.62724780709482,33.5185421126512,41800.0,4150,44000,Back,State,True,57.85362474988456,400
2959,12,74,,ORA,,1.06,,CALLE ENTRADERO DRIVE,-117.64366775554207,33.5110917252725,41800.0,4150,44000,Ahead,State,True,57.85362474988456,400
2668,12,39,,ORA,,19.671,,"LA HABRA, LAMBERT ROAD",-117.96769075226045,33.924652769365686,41700.0,3550,46000,Back,State,True,57.842080960443276,402
2562,12,1,,ORA,,29.89,,"SUNSET BEACH, WARNER AVENUE",-118.0629627106967,33.71160579791287,41200.0,4850,44000,Ahead,State,True,57.66122825919655,403
2564,12,1,,ORA,,32.714,,SEAL BEACH BOULEVARD,-118.09536955045395,33.740847734099596,41200.0,4850,44000,Ahead,State,True,57.66122825919655,403
2556,12,1,,ORA,,22.09,,"HUNTINGTON BEACH, BROOKHURST STREET",-117.96411563978766,33.63534486946722,40300.0,4750,43000,Back,State,True,57.27643527782054,405
2556,12,1,,ORA,,22.09,,"HUNTINGTON BEACH, BROOKHURST STREET",-117.96411563978766,33.63534486946722,40300.0,4800,43000,Ahead,State,True,57.27643527782054,405
2554,12,1,,ORA,,21.549,,SANTA ANA RIVER BRIDGE,-117.95642661521612,33.630598055305796,39800.0,4650,42500,Ahead,State,True,57.049407418808684,407
2672,12,39,,ORA,,20.88,,"LA HABRA, HACIENDA BOULEVARD",-117.96473962844863,33.93949852763993,39700.0,3350,40500,Back,State,True,57.0378636293674,408
2670,12,39,,ORA,,20.719,,"LA HABRA, JCT. RTE. 72",-117.96793913194492,33.939843857649805,39700.0,3350,40500,Ahead,State,True,57.0378636293674,408
2564,12,1,,ORA,,32.714,,SEAL BEACH BOULEVARD,-118.09536955045395,33.740847734099596,39200.0,4600,41500,Back,State,True,56.91088194551332,410
2520,12,133,,ORA,,8.927,,BARRANCA PARKWAY,-117.75670418079278,33.658903069910394,39100.0,3700,45000,Back,State,True,56.89164229644451,411
2949,12,73,,ORA,,21.428,,NEWPORT COAST DRIVE,-117.827682413299,33.623146338657705,39100.0,5500,43500,Back,State,True,56.89164229644451,411
2951,12,73,,ORA,,22.448,,BONITA CANYON DRIVE/FORD ROAD,-117.84149069600893,33.63098653528292,39100.0,5400,43500,Back,State,True,56.89164229644451,411
2949,12,73,,ORA,,21.428,,NEWPORT COAST DRIVE,-117.827682413299,33.623146338657705,39100.0,5400,43500,Ahead,State,True,56.89164229644451,411
2618,12,241,,ORA,,23.418,,ALTON PARKWAY,-117.67328593899319,33.68017901668453,39000.0,5400,42500,Back,State,True,56.73387717408035,415
2953,12,73,,ORA,,24.778,,JAMBOREE ROAD,-117.86485668233769,33.65552121001914,39000.0,5600,42000,Back,State,True,56.73387717408035,415
2951,12,73,,ORA,,22.448,,BONITA CANYON DRIVE/FORD ROAD,-117.84149069600893,33.63098653528292,39000.0,5600,42000,Ahead,State,True,56.73387717408035,415
2538,12,1,,ORA,R,0.78,,"DANA POINT, DOHENY PARK ROAD",-117.67887995757484,33.464177530192096,38900.0,4250,42000,Back,State,True,56.5838079113437,418
2538,12,1,,ORA,R,0.78,,"DANA POINT, DOHENY PARK ROAD",-117.67887995757484,33.464177530192096,38900.0,4350,43500,Ahead,State,True,56.5838079113437,418
2554,12,1,,ORA,,21.549,,SANTA ANA RIVER BRIDGE,-117.95642661521612,33.630598055305796,38800.0,4650,42500,Back,State,True,56.564568262274896,420
2572,12,1,,ORA,,9.418,,"LAGUNA BEACH, JCT. RTE. 133 NORTH",-117.78533058913594,33.54274318065363,38800.0,3400,43000,Back,State,True,56.564568262274896,420
2572,12,1,,ORA,,9.418,,"LAGUNA BEACH, JCT. RTE. 133 NORTH",-117.78533058913594,33.54274318065363,38800.0,3850,43000,Ahead,State,True,56.564568262274896,420
2516,12,133,,ORA,,3.416,,"LAGUNA BEACH, EL TORO ROAD",-117.76139908548802,33.58279052494933,38700.0,3000,39000,Back,State,True,56.545328613206095,423
2979,12,90,,ORA,,12.275,,"ANAHEIM, ORANGETHORPE AVENUE",-117.79048720722598,33.86253483804168,38700.0,2650,39000,Back,State,True,56.545328613206095,423
2638,12,261,,ORA,,6.035,,CHAPMAN AVE OC,-117.74926728547369,33.782013314362395,38600.0,6900,40500,Back,State,True,56.529936893951046,425
2636,12,261,,ORA,,2.848,,PORTOLA PARKWAY OC,-117.76681728400565,33.74070692344055,38600.0,6900,40500,Ahead,State,True,56.529936893951046,425
2574,12,1,,ORA,,9.6,,"LAGUNA BEACH, CLIFF DRIVE/ ASTER STREET",-117.78831568094358,33.54388915017131,38500.0,3750,41000,Back,State,True,56.418346929352005,427
2574,12,1,,ORA,,9.6,,"LAGUNA BEACH, CLIFF DRIVE/ ASTER STREET",-117.78831568094358,33.54388915017131,38500.0,3750,41000,Ahead,State,True,56.418346929352005,427
2558,12,1,,ORA,,23.739,,"HUNTINGTON BEACH, JCT. RTE. 39 NORTH",-117.98824590826855,33.6486731154964,38300.0,4400,40000,Back,State,True,56.310604894566715,429
2536,12,1,,ORA,R,0.129,,"DANA POINT, JCT. RTE. 5",-117.66993353954057,33.46709980413509,38250.0,4250,42000,Ahead,State,True,56.302909034939205,430
2560,12,1,,ORA,,25.89,,"HUNTINGTON BEACH, GOLDENWEST STREET",-118.0173682189879,33.66832528696113,38200.0,4500,41000,Back,State,True,56.29136524549793,431
2560,12,1,,ORA,,25.89,,"HUNTINGTON BEACH, GOLDENWEST STREET",-118.0173682189879,33.66832528696113,38200.0,4500,41000,Ahead,State,True,56.29136524549793,431
2570,12,1,,ORA,,8.43,,"LAGUNA BEACH, MOUNTAIN ROAD",-117.77488044162168,33.53175544616877,37900.0,3200,40500,Back,State,True,55.99507464983839,433
2636,12,261,,ORA,,2.848,,PORTOLA PARKWAY OC,-117.76681728400565,33.74070692344055,37900.0,6900,39500,Back,State,True,55.99507464983839,433
2570,12,1,,ORA,,8.43,,"LAGUNA BEACH, MOUNTAIN ROAD",-117.77488044162168,33.53175544616877,37900.0,3200,40500,Ahead,State,True,55.99507464983839,433
2634,12,261,,ORA,,1.638,,IRVINE BLVD OC,-117.77886677228882,33.726372112998206,37900.0,7000,39500,Ahead,State,True,55.99507464983839,433
2522,12,133,,ORA,,9.565,,"IRVINE, JCT RTE 5",-117.75315703916297,33.66754879903639,37700.0,3650,44000,Back,State,True,55.96429121132831,437
2520,12,133,,ORA,,8.927,,BARRANCA PARKWAY,-117.75670418079278,33.658903069910394,37700.0,3750,44000,Ahead,State,True,55.96429121132831,437
2634,12,261,,ORA,,1.638,,IRVINE BLVD OC,-117.77886677228882,33.726372112998206,37500.0,6800,39000,Back,State,True,55.85654917654303,439
2630,12,261,,ORA,,0.239,,JAMBOREE OC,-117.79861788311706,33.71453715296334,37500.0,6600,39000,Ahead,State,True,55.85654917654303,439
2955,12,74,,ORA,R,2.151,,RANCHO VIEJO WAY/SANTA MARGARITA,-117.62724780709482,33.5185421126512,37400.0,4200,38500,Ahead,State,True,55.76419886101277,441
2558,12,1,,ORA,,23.739,,"HUNTINGTON BEACH, JCT. RTE. 39 NORTH",-117.98824590826855,33.6486731154964,37200.0,4400,40000,Ahead,State,True,55.752655071571496,442
2672,12,39,,ORA,,20.88,,"LA HABRA, HACIENDA BOULEVARD",-117.96473962844863,33.93949852763993,37200.0,3100,38500,Ahead,State,True,55.752655071571496,442
2546,12,1,,ORA,,11.5,,"LAGUNA BEACH, NORTH CITY LIMITS",-117.81660684880251,33.55684376368342,36800.0,3550,39500,Back,State,True,55.53717100200093,444
2546,12,1,,ORA,,11.5,,"LAGUNA BEACH, NORTH CITY LIMITS",-117.81660684880251,33.55684376368342,36800.0,3600,40500,Ahead,State,True,55.53717100200093,444
2518,12,133,,ORA,,8.376,,"JCT. RTE. 405, SAN DIEGO FREEWAY",-117.76090294685496,33.65169485335061,36100.0,2900,35000,Back,State,True,55.39094966907804,446
2518,12,133,,ORA,,8.376,,"JCT. RTE. 405, SAN DIEGO FREEWAY",-117.76090294685496,33.65169485335061,36100.0,3700,45000,Ahead,State,True,55.39094966907804,446
2945,12,73,,ORA,,16.25,,EL TORO ROAD,-117.74959329846335,33.59071630555176,35200.0,4800,39500,Back,State,True,54.84454363552409,448
2947,12,73,,ORA,,18.696,,TOLL PLAZA,-117.78850517785783,33.603002467746066,35200.0,4800,38500,Back,State,True,54.84454363552409,448
2925,12,72,,ORA,,11.421,,"LA HABRA, JCT. RTE. 39",-117.96793913194492,33.939843857649805,35200.0,3000,35500,Ahead,State,True,54.84454363552409,448
2943,12,73,,ORA,,14.393,,ALISO CREEK ROAD,-117.72088801803828,33.580578025699126,35200.0,4800,39500,Ahead,State,True,54.84454363552409,448
2945,12,73,,ORA,,16.25,,EL TORO ROAD,-117.74959329846335,33.59071630555176,35200.0,4800,38500,Ahead,State,True,54.84454363552409,448
2947,12,73,,ORA,,18.696,,TOLL PLAZA,-117.78850517785783,33.603002467746066,35200.0,4800,38500,Ahead,State,True,54.84454363552409,448
2668,12,39,,ORA,,19.671,,"LA HABRA, LAMBERT ROAD",-117.96769075226045,33.924652769365686,34700.0,3000,36000,Ahead,State,True,54.60212405725719,454
2616,12,241,,ORA,,21.802,,PORTOLA PARKWAY UC,-117.65040270011158,33.66791160069979,34300.0,4600,37000,Ahead,State,True,54.394335847314146,455
2624,12,241,,ORA,,32.541,,CHAPMAN-SANTIAGO RD UC,-117.74746370194518,33.782209000280915,34200.0,4650,35000,Back,State,True,54.38279205787286,456
2622,12,241,,ORA,,27.378,,JCT RTE 133,-117.72012160957387,33.71813020794498,34200.0,4600,34500,Ahead,State,True,54.38279205787286,456
2508,12,133,,ORA,,0.962,,"LAGUNA BEACH, CANYON ACRES DRIVE",-117.77571287805613,33.553773971833536,33800.0,3250,37500,Back,State,True,53.897952901339075,458
2943,12,73,,ORA,,14.393,,ALISO CREEK ROAD,-117.72088801803828,33.580578025699126,33800.0,4400,37000,Back,State,True,53.897952901339075,458
2508,12,133,,ORA,,0.962,,"LAGUNA BEACH, CANYON ACRES DRIVE",-117.77571287805613,33.553773971833536,33800.0,2900,37500,Ahead,State,True,53.897952901339075,458
2941,12,73,,ORA,,13.404,,LA PAZ ROAD,-117.70585640957441,33.57358631882643,33800.0,4500,37000,Ahead,State,True,53.897952901339075,458
2937,12,73,,ORA,,10,,JCT RTE 5,-117.67463204827678,33.53704482910062,33000.0,2250,35500,Back,State,True,53.44389718331538,462
2646,12,39,,ORA,,1.63,,"HUNTINGTON BEACH, ADAMS AVENUE",-117.98846758642954,33.67219465358913,32800.0,3850,38500,Back,State,True,53.25150069262736,463
2674,12,39,,ORA,,22.6,,HARBOR BOULEVARD,-117.93441182982195,33.939075289376774,32800.0,2850,33000,Back,State,True,53.25150069262736,463
2670,12,39,,ORA,,20.719,,"LA HABRA, JCT. RTE. 72",-117.96793913194492,33.939843857649805,32700.0,2650,33000,Back,State,True,53.23610897337232,465
2931,12,73,,ORA,R,27.282,,"COSTA MESA, BEAR STREET",-117.89330865941223,33.6816805002668,32700.0,2600,36000,Ahead,State,True,53.23610897337232,465
2963,12,74,,ORA,,5.242,,CONROCK ENTRANCE,-117.57756936389865,33.5141050560166,32600.0,3550,32500,Back,State,True,53.22071725411729,467
2963,12,74,,ORA,,5.242,,CONROCK ENTRANCE,-117.57756936389865,33.5141050560166,32600.0,3550,32500,Ahead,State,True,53.22071725411729,467
2937,12,73,,ORA,,10,,JCT RTE 5,-117.67463204827678,33.53704482910062,32150.0,4300,35000,Ahead,State,True,52.87055564106511,469
2506,12,133,,ORA,,0.23,,"LAGUNA BEACH, N OF CLIFF DRIVE",-117.78287072969846,33.54535807315563,31400.0,3050,36000,Ahead,State,True,52.25488687086347,470
2616,12,241,,ORA,,21.802,,PORTOLA PARKWAY UC,-117.65040270011158,33.66791160069979,30300.0,4150,35500,Back,State,True,51.77774357395721,471
2614,12,241,,ORA,,20.077,,LOS ALISOS BOULEVARD,-117.62476179590283,33.655130556362685,30300.0,4150,32500,Ahead,State,True,51.77774357395721,471
2644,12,39,,ORA,,0,,"HUNTINGTON BEACH, JCT. RTE. 1",-117.98815235052835,33.648568448395416,30300.0,3500,35500,Ahead,State,True,51.77774357395721,471
2614,12,241,,ORA,,20.077,,LOS ALISOS BOULEVARD,-117.62476179590283,33.655130556362685,29100.0,4000,31500,Back,State,True,51.019701400646454,474
2612,12,241,,ORA,,18.488,,SANTA MARGARITA PARKWAY,-117.60363248168086,33.64285076436237,29100.0,4000,31500,Ahead,State,True,51.019701400646454,474
2640,12,261,,ORA,,6.205,,JCT RTE 241,-117.74680032395564,33.7837307378136,28000.0,5500,34500,Back,State,True,50.09235031553024,476
2638,12,261,,ORA,,6.035,,CHAPMAN AVE OC,-117.74926728547369,33.782013314362395,28000.0,5200,29500,Ahead,State,True,50.09235031553024,476
2927,12,72,,ORA,,11.918,,ORANGE/LOS ANGELES COUNTY LINE,-117.97652354868264,33.93997638488429,26500.0,2350,28500,Back,State,True,48.872556564568264,478
2939,12,73,,ORA,,11.76,,GREENFIELD DR,-117.68534480658622,33.558224031267535,26300.0,3200,27000,Back,State,True,48.70709558257658,479
2506,12,133,,ORA,,0.23,,"LAGUNA BEACH, N OF CLIFF DRIVE",-117.78287072969846,33.54535807315563,26000.0,2600,30000,Back,State,True,48.472371863937205,480
2941,12,73,,ORA,,13.404,,LA PAZ ROAD,-117.70585640957441,33.57358631882643,25200.0,3600,28000,Back,State,True,47.90287825150069,481
2939,12,73,,ORA,,11.76,,GREENFIELD DR,-117.68534480658622,33.558224031267535,25200.0,3500,28000,Ahead,State,True,47.90287825150069,481
2510,12,133,,ORA,,0,,"LAGUNA BEACH, JCT. RTE. 1",-117.78533055050838,33.54274322632568,22900.0,2600,30500,Ahead,State,True,45.39787594274281,483
2530,12,142,,ORA,,2.86,,CARBON CANYON PARK ENTRANCE,-117.827962437936,33.92097310433204,22000.0,2600,23000,Ahead,State,True,44.662921348314605,484
2530,12,142,,ORA,,2.86,,CARBON CANYON PARK ENTRANCE,-117.827962437936,33.92097310433204,21900.0,2600,22300,Back,State,True,44.570571032784365,485
2528,12,142,,ORA,R,1.768,,CARBON CANYON ROAD EAST OF VALENCIA AVENUE,-117.8476515165006,33.92412012185997,21900.0,2600,22300,Ahead,State,True,44.570571032784365,485
2516,12,133,,ORA,,3.416,,"LAGUNA BEACH, EL TORO ROAD",-117.76139908548802,33.58279052494933,20700.0,2300,28500,Ahead,State,True,43.2237955979683,487
2532,12,142,,ORA,,4.27,,OLINDA CREEK,-117.80597719813153,33.925395529712745,18900.0,2200,19800,Back,State,True,41.126673849468986,488
2532,12,142,,ORA,,4.27,,OLINDA CREEK,-117.80597719813153,33.925395529712745,18900.0,2200,19700,Ahead,State,True,41.126673849468986,488
2528,12,142,,ORA,R,1.768,,CARBON CANYON ROAD EAST OF VALENCIA AVENUE,-117.8476515165006,33.92412012185997,15700.0,1900,16200,Back,State,True,36.9786055102355,490
2524,12,142,,ORA,R,0.753,,JCT. RTE. 90,-117.85229409433055,33.909670316410285,15700.0,1700,16100,Ahead,State,True,36.9786055102355,490
2526,12,142,,ORA,R,1.41,,BIRCH STREET/ROSE ROAD,-117.84777207400498,33.91841738262248,15700.0,1850,16200,Ahead,State,True,36.9786055102355,490
2935,12,73,,ORA,R,27.777,L,"JCT RTE 405, END LEFT ALIGN",-117.8988941727448,33.68704069946364,15400.0,1300,17000,Back,State,True,36.54378944128059,493
2936,12,73,,ORA,R,27.811,R,"JCT RTE 405, END RIGHT ALIGN",-117.89894265302404,33.68763338044208,15400.0,1100,17000,Back,State,True,36.54378944128059,493
2933,12,73,,ORA,R,27.742,L,BEGIN LEFT ALIGN,-117.8983790679811,33.68677358024399,15400.0,1300,17000,Ahead,State,True,36.54378944128059,493
2934,12,73,,ORA,R,27.742,R,BEGIN RIGHT ALIGN,-117.89812518162393,33.68691935662242,15400.0,1300,17000,Ahead,State,True,36.54378944128059,493
2526,12,142,,ORA,R,1.41,,BIRCH STREET/ROSE ROAD,-117.84777207400498,33.91841738262248,15200.0,1700,16100,Back,State,True,36.266738494689854,497
2534,12,142,,ORA,,6.35,,ORANGE/SAN BERNARDINO COUNTY LINE,-117.78190255782458,33.94538227027347,14100.0,1550,15800,Back,State,True,34.71987070955826,498
2612,12,241,,ORA,,18.488,,SANTA MARGARITA PARKWAY,-117.60363248168086,33.64285076436237,13900.0,1900,15100,Back,State,True,34.392796675388645,499
2610,12,241,,ORA,,17.768,,ANTONIO PARKWAY,-117.5989306958905,33.63316628528685,13900.0,1900,15200,Ahead,State,True,34.392796675388645,499
2967,12,74,,ORA,,9.25,,LUCAS CANYON ROAD,-117.5487056952176,33.55758401597476,11900.0,1300,12200,Back,State,True,31.445282438048327,501
2965,12,74,,ORA,,8.13,,TROUGH CREEK BRIDGE,-117.54868458480841,33.541538455631844,11900.0,1300,12200,Ahead,State,True,31.445282438048327,501
2965,12,74,,ORA,,8.13,,TROUGH CREEK BRIDGE,-117.54868458480841,33.541538455631844,11500.0,1300,11800,Back,State,True,30.77959058026782,503
2961,12,74,,ORA,,16.599,,ORANGE/RIVERSIDE COUNTY LINE,-117.45777306043938,33.6022002673516,10700.0,1050,11700,Back,State,True,29.544405110050793,504
2610,12,241,,ORA,,17.768,,ANTONIO PARKWAY,-117.5989306958905,33.63316628528685,10600.0,1500,11500,Back,State,True,29.398183777127905,505
2608,12,241,,ORA,,14.55,,OSO PARKWAY,-117.61061573137468,33.590791531266746,10600.0,1450,11400,Ahead,State,True,29.398183777127905,505
2967,12,74,,ORA,,9.25,,LUCAS CANYON ROAD,-117.5487056952176,33.55758401597476,10300.0,1200,11200,Ahead,State,True,28.9248884100354,507
2608,12,241,,ORA,,14.55,,OSO PARKWAY,-117.61061573137468,33.590791531266746,8000.0,1050,8500,Back,State,True,24.930737263352317,508
2606,12,241,,ORA,,14.545,,BEGIN ROUTE,-117.61059204280063,33.590724839237744,8000.0,1050,8500,Ahead,State,True,24.930737263352317,508
4201,2,5,,SHA,R,15.448,,"REDDING, JCT. RTE. 44",-122.36043769006397,40.585386563101395,68000.0,6200,74000,Back,Interstate,True,66.34985377866708,1
4199,2,5,,SHA,R,14.459,,"REDDING, CYPRESS STREET",-122.36025828392532,40.57105848620943,68000.0,6200,74000,Ahead,Interstate,True,66.34985377866708,1
4199,2,5,,SHA,R,14.459,,"REDDING, CYPRESS STREET",-122.36025828392532,40.57105848620943,61000.0,5800,70000,Back,Interstate,True,64.02185624134216,3
4197,2,5,,SHA,R,12.152,,CHURN CREEK ROAD,-122.35085508694208,40.53840371559595,61000.0,5800,70000,Ahead,Interstate,True,64.02185624134216,3
4197,2,5,,SHA,R,12.152,,CHURN CREEK ROAD,-122.35085508694208,40.53840371559595,58000.0,5300,64000,Back,Interstate,True,63.30614129598276,5
4203,2,5,,SHA,R,17.322,,"REDDING, JCT. RTE. 299",-122.36308021113464,40.61236091989114,58000.0,5300,63000,Back,Interstate,True,63.30614129598276,5
4201,2,5,,SHA,R,15.448,,"REDDING, JCT. RTE. 44",-122.36043769006397,40.585386563101395,58000.0,5300,63000,Ahead,Interstate,True,63.30614129598276,5
4247,2,5,,SHA,R,9.772,,KNIGHTON ROAD,-122.33782250486989,40.50553771422214,58000.0,5300,64000,Ahead,Interstate,True,63.30614129598276,5
4247,2,5,,SHA,R,9.772,,KNIGHTON ROAD,-122.33782250486989,40.50553771422214,56000.0,5100,62000,Back,Interstate,True,62.74434354317378,9
4245,2,5,,SHA,R,6.743,,RIVERSIDE AVENUE,-122.3075340479611,40.46849084579208,56000.0,5100,62000,Ahead,Interstate,True,62.74434354317378,9
4245,2,5,,SHA,R,6.743,,RIVERSIDE AVENUE,-122.3075340479611,40.46849084579208,55000.0,5100,61000,Back,Interstate,True,62.56349084192704,11
4241,2,5,,SHA,R,5.64,,"ANDERSON, NORTH STREET",-122.2950473792736,40.45573243718474,55000.0,5100,61000,Ahead,Interstate,True,62.56349084192704,11
4165,2,44,,SHA,R,0,,"REDDING, JCT. RTE. 5",-122.36055124699736,40.58532503281884,54000.0,5400,57000,Back,State,True,62.32491919347392,13
4223,2,5,,SHA,R,3.83,,JCT. RTE. 273 NORTH,-122.28442604340889,40.43092419227259,54000.0,5000,61000,Back,Interstate,True,62.32491919347392,13
4239,2,5,,SHA,R,5.294,,"ANDERSON, BALLS FERRY ROAD",-122.2912092930862,40.45164878022081,54000.0,5100,61000,Back,Interstate,True,62.32491919347392,13
4158,2,44,,SHA,L,0.852,,"REDDING, BUTTE STREET",-122.37850299997214,40.586561901928285,54000.0,5400,57000,Ahead,State,True,62.32491919347392,13
4229,2,5,,SHA,R,4.289,,"ANDERSON, DESCHUTES ROAD",-122.28672014930339,40.43743168084191,54000.0,5100,61000,Ahead,Interstate,True,62.32491919347392,13
4253,2,5,,SHA,,1.907,,NORTH COTTONWOOD,-122.28134020194884,40.403241919278315,54000.0,5000,61000,Ahead,Interstate,True,62.32491919347392,13
4163,2,44,,SHA,R,0.134,,HILLTOP DRIVE,-122.35792083072509,40.58512265419539,49000.0,5000,53000,Back,State,True,60.9242727412652,19
4209,2,5,,SHA,R,19.402,,"REDDING, OASIS ROAD",-122.36483299852715,40.64157296104694,49000.0,4450,55000,Back,Interstate,True,60.9242727412652,19
4165,2,44,,SHA,R,0,,"REDDING, JCT. RTE. 5",-122.36055124699736,40.58532503281884,49000.0,5000,53000,Ahead,State,True,60.9242727412652,19
4207,2,5,,SHA,R,18.481,,"REDDING, JCT. RTE. 273",-122.36821189558567,40.62864127566704,49000.0,3800,55000,Ahead,Interstate,True,60.9242727412652,19
4253,2,5,,SHA,,1.907,,NORTH COTTONWOOD,-122.28134020194884,40.403241919278315,48500.0,4650,56000,Back,Interstate,True,60.735724180390946,23
4249,2,5,,SHA,,0.909,,FOURTH STREET,-122.28508636532987,40.38933776568901,48500.0,4650,56000,Ahead,Interstate,True,60.735724180390946,23
4205,2,5,,SHA,R,18.068,,"REDDING, TWIN VIEW BOULEVARD",-122.366395578438,40.62286338047005,48000.0,4400,53000,Back,Interstate,True,60.48560874249653,25
4203,2,5,,SHA,R,17.322,,"REDDING, JCT. RTE. 299",-122.36308021113464,40.61236091989114,48000.0,5300,53000,Ahead,Interstate,True,60.48560874249653,25
4241,2,5,,SHA,R,5.64,,"ANDERSON, NORTH STREET",-122.2950473792736,40.45573243718474,46000.0,4550,52000,Back,Interstate,True,59.80452516546099,27
4239,2,5,,SHA,R,5.294,,"ANDERSON, BALLS FERRY ROAD",-122.2912092930862,40.45164878022081,46000.0,4550,52000,Ahead,Interstate,True,59.80452516546099,27
4229,2,5,,SHA,R,4.289,,"ANDERSON, DESCHUTES ROAD",-122.28672014930339,40.43743168084191,45500.0,4500,51000,Back,Interstate,True,59.61597660458673,29
4223,2,5,,SHA,R,3.83,,JCT. RTE. 273 NORTH,-122.28442604340889,40.43092419227259,45500.0,4500,51000,Ahead,Interstate,True,59.61597660458673,29
4249,2,5,,SHA,,0.909,,FOURTH STREET,-122.28508636532987,40.38933776568901,45000.0,4650,52000,Back,Interstate,True,59.30429428967216,31
4356,2,5,,TEH,,42.115,,TEHAMA/SHASTA COUNTY LINE,-122.28456351798674,40.37618652927545,45000.0,4350,52000,Back,Interstate,True,59.30429428967216,31
4251,2,5,,SHA,,0,,TEHAMA/SHASTA COUNTY LINE,-122.28456351798674,40.37618652927545,45000.0,4350,52000,Ahead,Interstate,True,59.30429428967216,31
4354,2,5,,TEH,,41.525,,BOWMAN ROAD,-122.2839440343769,40.36765083902528,45000.0,4350,52000,Ahead,Interstate,True,59.30429428967216,31
4346,2,5,,TEH,,31.043,,WILCOX ROAD,-122.25148570498416,40.21928235281448,42500.0,4100,49000,Back,Interstate,True,58.257657380329384,35
4336,2,5,,TEH,R,26.525,,"RED BLUFF, JCT. RTE. 36",-122.22499178124285,40.18074135577869,42500.0,4050,48000,Ahead,Interstate,True,58.257657380329384,35
4338,2,5,,TEH,R,28.377,,NORTH RED BLUFF,-122.24374618970376,40.20343064265982,42500.0,4100,49000,Ahead,Interstate,True,58.257657380329384,35
4348,2,5,,TEH,,32.236,,JELLYS FERRY ROAD,-122.25610200529545,40.236041412160624,42000.0,4050,48500,Back,Interstate,True,57.99984608280745,38
4346,2,5,,TEH,,31.043,,WILCOX ROAD,-122.25148570498416,40.21928235281448,42000.0,4050,48500,Ahead,Interstate,True,57.99984608280745,38
4207,2,5,,SHA,R,18.481,,"REDDING, JCT. RTE. 273",-122.36821189558567,40.62864127566704,41500.0,3800,46000,Back,Interstate,True,57.753578574726795,40
4205,2,5,,SHA,R,18.068,,"REDDING, TWIN VIEW BOULEVARD",-122.366395578438,40.62286338047005,41500.0,4400,46000,Ahead,Interstate,True,57.753578574726795,40
4157,2,44,,SHA,L,0.54,R,END RIGHT ALIGN,-122.38443150894479,40.58644702922683,41000.0,4100,43500,Back,State,True,57.576573803293826,42
4158,2,44,,SHA,L,0.852,,"REDDING, BUTTE STREET",-122.37850299997214,40.586561901928285,41000.0,4100,43500,Back,State,True,57.576573803293826,42
4350,2,5,,TEH,,36.371,,HOOKER CREEK ROAD,-122.27885051664735,40.29305622193475,40000.0,3950,46000,Back,Interstate,True,57.16099738340773,44
4348,2,5,,TEH,,32.236,,JELLYS FERRY ROAD,-122.25610200529545,40.236041412160624,40000.0,3950,46000,Ahead,Interstate,True,57.16099738340773,44
4211,2,5,,SHA,R,20.995,,PINE GROVE,-122.35541154777734,40.66350640267863,39500.0,3850,46000,Back,Interstate,True,56.97244882253347,46
4352,2,5,,TEH,,38.716,,SUNSET HILLS DRIVE,-122.2810032384959,40.32698619729353,39500.0,3950,46000,Back,Interstate,True,56.97244882253347,46
4354,2,5,,TEH,,41.525,,BOWMAN ROAD,-122.2839440343769,40.36765083902528,39500.0,3950,46500,Back,Interstate,True,56.97244882253347,46
4209,2,5,,SHA,R,19.402,,"REDDING, OASIS ROAD",-122.36483299852715,40.64157296104694,39500.0,4450,46000,Ahead,Interstate,True,56.97244882253347,46
4352,2,5,,TEH,,38.716,,SUNSET HILLS DRIVE,-122.2810032384959,40.32698619729353,39500.0,3950,46500,Ahead,Interstate,True,56.97244882253347,46
4350,2,5,,TEH,,36.371,,HOOKER CREEK ROAD,-122.27885051664735,40.29305622193475,39000.0,3950,46000,Ahead,Interstate,True,56.73387717408035,51
4336,2,5,,TEH,R,26.525,,"RED BLUFF, JCT. RTE. 36",-122.22499178124285,40.18074135577869,37000.0,3600,41500,Back,Interstate,True,55.641065106972455,52
4338,2,5,,TEH,R,28.377,,NORTH RED BLUFF,-122.24374618970376,40.20343064265982,37000.0,3600,42000,Back,Interstate,True,55.641065106972455,52
4334,2,5,,TEH,R,24.942,,"RED BLUFF, DIAMOND AVENUE",-122.2231183725656,40.15837346489394,37000.0,3600,41500,Ahead,Interstate,True,55.641065106972455,52
4169,2,44,,SHA,R,1.239,,"REDDING, VICTOR AVENUE",-122.3386993432322,40.57972515330523,35500.0,3850,38000,Back,State,True,54.98306910881946,55
4163,2,44,,SHA,R,0.134,,HILLTOP DRIVE,-122.35792083072509,40.58512265419539,35500.0,3850,38000,Ahead,State,True,54.98306910881946,55
4175,2,44,,SHA,R,2.131,,SHASTA VIEW DRIVE,-122.32464429151709,40.572622082759324,34000.0,3700,36500,Back,State,True,54.14422040941973,57
4169,2,44,,SHA,R,1.239,,"REDDING, VICTOR AVENUE",-122.3386993432322,40.57972515330523,34000.0,3700,36500,Ahead,State,True,54.14422040941973,57
4213,2,5,,SHA,R,22.144,,JCT. RTE. 151 WEST,-122.34838136110993,40.67925463466968,33500.0,3400,40500,Back,Interstate,True,53.74403570878867,59
4334,2,5,,TEH,R,24.942,,"RED BLUFF, DIAMOND AVENUE",-122.2231183725656,40.15837346489394,33500.0,3400,38000,Back,Interstate,True,53.74403570878867,59
4211,2,5,,SHA,R,20.995,,PINE GROVE,-122.35541154777734,40.66350640267863,33500.0,3850,40500,Ahead,Interstate,True,53.74403570878867,59
4332,2,5,,TEH,R,24.871,,"RED BLUFF, SOUTH MAIN STREET",-122.2232448966801,40.15733451278612,33500.0,3400,38000,Ahead,Interstate,True,53.74403570878867,59
4344,2,5,,TEH,R,8.975,,CORNING ROAD,-122.20009285401773,39.92810930130186,33000.0,3300,36500,Ahead,Interstate,True,53.44389718331538,63
4326,2,5,,TEH,R,10.969,,FINNELL AVENUE,-122.200097037472,39.95700958727488,32000.0,3300,36500,Back,Interstate,True,52.70509465907342,64
4328,2,5,,TEH,R,13.965,,GYLE ROAD,-122.20570162293635,40.000171854072,32000.0,3350,36500,Back,Interstate,True,52.70509465907342,64
4326,2,5,,TEH,R,10.969,,FINNELL AVENUE,-122.200097037472,39.95700958727488,32000.0,3350,36500,Ahead,Interstate,True,52.70509465907342,64
4332,2,5,,TEH,R,24.871,,"RED BLUFF, SOUTH MAIN STREET",-122.2232448966801,40.15733451278612,31000.0,3250,35000,Back,Interstate,True,52.15099276589194,67
4344,2,5,,TEH,R,8.975,,CORNING ROAD,-122.20009285401773,39.92810930130186,31000.0,3200,35500,Back,Interstate,True,52.15099276589194,67
4330,2,5,,TEH,R,19.781,,FLORES AVENUE,-122.21665903382016,40.08398527084974,31000.0,3250,35000,Ahead,Interstate,True,52.15099276589194,67
4342,2,5,,TEH,R,7.486,,SOUTH AVENUE,-122.20004255554832,39.906527921616885,31000.0,3200,35500,Ahead,Interstate,True,52.15099276589194,67
4330,2,5,,TEH,R,19.781,,FLORES AVENUE,-122.21665903382016,40.08398527084974,30500.0,3200,35000,Back,Interstate,True,51.88163767892874,71
4328,2,5,,TEH,R,13.965,,GYLE ROAD,-122.20570162293635,40.000171854072,30500.0,3200,34500,Ahead,Interstate,True,51.88163767892874,71
4342,2,5,,TEH,R,7.486,,SOUTH AVENUE,-122.20004255554832,39.906527921616885,29000.0,3100,33500,Back,Interstate,True,50.83500076958596,73
4340,2,5,,TEH,R,5.769,,LIBERAL AVENUE,-122.19997469052353,39.88164151668245,29000.0,3100,33500,Ahead,Interstate,True,50.83500076958596,73
4340,2,5,,TEH,R,5.769,,LIBERAL AVENUE,-122.19997469052353,39.88164151668245,27500.0,3000,32500,Back,Interstate,True,49.638294597506544,75
4324,2,5,,TEH,R,0,,GLENN/TEHAMA COUNTY LINE,-122.20070912345545,39.798123688674124,27500.0,3000,32500,Ahead,Interstate,True,49.638294597506544,75
4275,2,5,,SIS,R,12.062,,NORTH MOUNT SHASTA,-122.3315476773889,41.33110828281275,24300.0,3150,30000,Ahead,Interstate,True,46.95628751731569,77
4179,2,44,,SHA,R,3.627,,AIRPORT ROAD,-122.30054993408798,40.5609865130579,23600.0,3350,24800,Back,State,True,46.27135601046637,78
4175,2,44,,SHA,R,2.131,,SHASTA VIEW DRIVE,-122.32464429151709,40.572622082759324,23600.0,3350,24800,Ahead,State,True,46.27135601046637,78
4215,2,5,,SHA,R,24.082,,MOUNTAIN GATE,-122.33706440492352,40.70581164783148,23500.0,2750,29500,Back,Interstate,True,46.175157765122364,80
4213,2,5,,SHA,R,22.144,,JCT. RTE. 151 WEST,-122.34838136110993,40.67925463466968,23500.0,3400,29500,Ahead,Interstate,True,46.175157765122364,80
4277,2,5,,SIS,R,13.184,R,ABRAMS LAKE ROAD,-122.34329547816199,41.34491436463428,23500.0,1700,14500,Ahead,Interstate,True,46.175157765122364,80
4278,2,5,,SIS,R,15.339,,DEETZ ROAD,-122.37009143616308,41.3682546925268,23400.0,3000,29000,Back,Interstate,True,46.03278436201323,83
4280,2,5,,SIS,R,17.441,,SOUTH WEED,-122.37977379001072,41.39641012909157,23400.0,3000,29000,Back,Interstate,True,46.03278436201323,83
4278,2,5,,SIS,R,15.339,,DEETZ ROAD,-122.37009143616308,41.3682546925268,23400.0,3000,29000,Ahead,Interstate,True,46.03278436201323,83
4282,2,5,,SIS,R,19.07,,JCT. RTE. 97 NORTH,-122.38341271880128,41.41839103050712,21900.0,2800,27500,Back,Interstate,True,44.570571032784365,86
3793,2,273,,SHA,,12.27,,"REDDING, WESTWOOD AVENUE",-122.38236958251696,40.52302269684237,21900.0,2050,23100,Ahead,State,True,44.570571032784365,86
4280,2,5,,SIS,R,17.441,,SOUTH WEED,-122.37977379001072,41.39641012909157,21900.0,2800,27500,Ahead,Interstate,True,44.570571032784365,86
4217,2,5,,SHA,R,26.035,,FAWNDALE,-122.32004635007526,40.73092912211184,21600.0,2650,28500,Back,Interstate,True,44.247344928428504,89
4275,2,5,,SIS,R,12.062,,NORTH MOUNT SHASTA,-122.3315476773889,41.33110828281275,21600.0,2750,27500,Back,Interstate,True,44.247344928428504,89
4215,2,5,,SHA,R,24.082,,MOUNTAIN GATE,-122.33706440492352,40.70581164783148,21600.0,2650,28500,Ahead,Interstate,True,44.247344928428504,89
4273,2,5,,SIS,R,10.485,,"MOUNT SHASTA, LAKE STREET",-122.32002155747172,41.310159990585,21600.0,2750,27500,Ahead,Interstate,True,44.247344928428504,89
3795,2,273,,SHA,,12.68,,"REDDING, CEDARS/SOUTH BONNEYVIEW ROADS",-122.3834233449728,40.528997746775424,21500.0,2000,23100,Back,State,True,44.10112359550562,93
4322,2,5,,SIS,,5.899,,MOTT ROAD,-122.27061385751905,41.257543433953096,21100.0,2200,26000,Back,Interstate,True,43.697090965060795,94
4320,2,5,,SIS,,3.841,,"DUNSMUIR, DUNSMUIR AVENUE",-122.2697017396206,41.23539191690502,21100.0,2200,26000,Ahead,Interstate,True,43.697090965060795,94
4312,2,5,,SIS,R,8.475,,JCT. RTE. 89,-122.30190329097927,41.28504715013835,21000.0,2100,26500,Back,Interstate,True,43.55471756195167,96
4322,2,5,,SIS,,5.899,,MOTT ROAD,-122.27061385751905,41.257543433953096,21000.0,2100,26500,Ahead,Interstate,True,43.55471756195167,96
4273,2,5,,SIS,R,10.485,,"MOUNT SHASTA, LAKE STREET",-122.32002155747172,41.310159990585,20900.0,2000,26500,Back,Interstate,True,43.4161920886563,98
4312,2,5,,SIS,R,8.475,,JCT. RTE. 89,-122.30190329097927,41.28504715013835,20900.0,2000,26500,Ahead,Interstate,True,43.4161920886563,98
4219,2,5,,SHA,R,27.632,,BRIDGE BAY,-122.32004277567874,40.75155104771622,20800.0,2550,27500,Back,Interstate,True,43.31614591349854,100
4217,2,5,,SHA,R,26.035,,FAWNDALE,-122.32004635007526,40.73092912211184,20800.0,2550,27500,Ahead,Interstate,True,43.31614591349854,100
3881,2,299,,SHA,,25.54,,HAWLEY ROAD,-122.34994657667781,40.61456517595937,20500.0,2000,22400,Back,State,True,43.035247037094045,102
3879,2,299,,SHA,,24.822,,"REDDING, JCT. RTE. 5",-122.36310981870811,40.612260841875326,20500.0,2000,22400,Ahead,State,True,43.035247037094045,102
4154,2,44,,SHA,L,0.313,R,"REDDING, ON SHASTA STREET AT LIBERTY STREET",-122.38868306001305,40.586033852213355,20400.0,2300,21600,Back,State,True,42.904417423426196,104
4156,2,44,,SHA,L,0.498,L,END LEFT ALIGN,-122.38448909544609,40.5865571462972,20400.0,2500,21800,Back,State,True,42.904417423426196,104
4320,2,5,,SIS,,3.841,,"DUNSMUIR, DUNSMUIR AVENUE",-122.2697017396206,41.23539191690502,20400.0,2250,25500,Back,Interstate,True,42.904417423426196,104
4154,2,44,,SHA,L,0.313,R,"REDDING, ON SHASTA STREET AT LIBERTY STREET",-122.38868306001305,40.586033852213355,20400.0,2300,21600,Ahead,State,True,42.904417423426196,104
4155,2,44,,SHA,L,0.384,R,"REDDING, ON TEHAMA STREET AT LIBERTY STREET",-122.38740374226748,40.586361649384635,20400.0,2300,21600,Ahead,State,True,42.904417423426196,104
4219,2,5,,SHA,R,27.632,,BRIDGE BAY,-122.32004277567874,40.75155104771622,20400.0,2500,27000,Ahead,Interstate,True,42.904417423426196,104
4222,2,5,,SHA,R,29.315,R,TURNTABLE BAY ROAD,-122.31230280585082,40.772828743224444,20400.0,1250,13400,Ahead,Interstate,True,42.904417423426196,104
4318,2,5,,SIS,,2.514,,CENTRAL DUNSMUIR,-122.27456825936603,41.21771461773927,20400.0,2250,25500,Ahead,Interstate,True,42.904417423426196,104
4155,2,44,,SHA,L,0.384,R,"REDDING, ON TEHAMA STREET AT LIBERTY STREET",-122.38740374226748,40.586361649384635,20300.0,2300,21600,Back,State,True,42.79282745882715,112
4023,2,36,,TEH,,42.79,,"RED BLUFF, CHESTNUT AVENUE",-122.20900848588889,40.1860204785552,20200.0,2100,22300,Back,State,True,42.7389564414345,113
4271,2,5,,SHA,,67.019,,SHASTA/SISKIYOU COUNTY  LINE,-122.28917984345082,41.18398686258197,19800.0,2300,24500,Back,Interstate,True,42.28105279359705,114
4314,2,5,,SIS,,0.685,,SOUTH DUNSMUIR,-122.28455839848792,41.193268830688595,19800.0,2300,24500,Back,Interstate,True,42.28105279359705,114
4226,2,5,,SHA,R,32.159,R,O' BRIEN,-122.32219160333055,40.80703019720333,19800.0,1250,12900,Ahead,Interstate,True,42.28105279359705,114
4269,2,5,,SHA,,66.842,,CASTLE CRAGS DRIVE,-122.29085643843585,41.18180753933458,19800.0,2300,24500,Ahead,Interstate,True,42.28105279359705,114
4316,2,5,,SIS,,0,,SHASTA/SISKIYOU COUNTY  LINE,-122.28917984345082,41.18398686258197,19800.0,2300,24500,Ahead,Interstate,True,42.28105279359705,114
4227,2,5,,SHA,R,36.825,,GILMAN ROAD,-122.33847638137868,40.847936478085906,19700.0,2450,26000,Back,Interstate,True,42.119439741419114,119
3865,2,299,,SHA,G,24.088,,JCT RTES 273 AND 299,-122.3922686198926,40.58770726580741,19500.0,1900,19800,Back,State,True,41.88471602277974,120
3877,2,299,,SHA,,23.81,,"REDDING, COURT STREET",-122.39711701972047,40.58641337271931,19400.0,1950,21200,Back,State,True,41.80775742650454,121
4231,2,5,,SHA,R,41.053,,ANTLERS,-122.38321208996405,40.892572459203805,19400.0,2450,25500,Back,Interstate,True,41.80775742650454,121
4227,2,5,,SHA,R,36.825,,GILMAN ROAD,-122.33847638137868,40.847936478085906,19400.0,2450,25500,Ahead,Interstate,True,41.80775742650454,121
4267,2,5,,SHA,,65.413,,SODA CREEK ROAD,-122.29734518173545,41.1624642233851,19400.0,2350,24300,Ahead,Interstate,True,41.80775742650454,121
4267,2,5,,SHA,,65.413,,SODA CREEK ROAD,-122.29734518173545,41.1624642233851,19300.0,2350,24100,Back,Interstate,True,41.65384023395413,125
4269,2,5,,SHA,,66.842,,CASTLE CRAGS DRIVE,-122.29085643843585,41.18180753933458,19300.0,2350,23900,Back,Interstate,True,41.65384023395413,125
3877,2,299,,SHA,,23.81,,"REDDING, COURT STREET",-122.39711701972047,40.58641337271931,19300.0,1950,21100,Ahead,State,True,41.65384023395413,125
4265,2,5,,SHA,,63.583,,CASTELLA,-122.3161157293288,41.148341483311306,19300.0,2350,24100,Ahead,Interstate,True,41.65384023395413,125
3793,2,273,,SHA,,12.27,,"REDDING, WESTWOOD AVENUE",-122.38236958251696,40.52302269684237,19200.0,1900,20400,Back,State,True,41.503770971217484,129
4318,2,5,,SIS,,2.514,,CENTRAL DUNSMUIR,-122.27456825936603,41.21771461773927,19200.0,2350,23700,Back,Interstate,True,41.503770971217484,129
3791,2,273,,SHA,,11.83,,"REDDING, CLEAR CREEK ROAD",-122.38129691321936,40.51691794498085,19200.0,1900,20400,Ahead,State,True,41.503770971217484,129
4314,2,5,,SIS,,0.685,,SOUTH DUNSMUIR,-122.28455839848792,41.193268830688595,19200.0,2350,23700,Ahead,Interstate,True,41.503770971217484,129
3809,2,273,,SHA,,17.81,,"REDDING, BENTON DRIVE",-122.38404250608741,40.5994636287929,19100.0,1800,22200,Back,State,True,41.43066030475604,133
3807,2,273,,SHA,,17.39,,QUARTZ HILL/RIO,-122.3893052780946,40.594407045745065,19100.0,1800,19200,Ahead,State,True,41.43066030475604,133
4294,2,5,,SIS,R,45.62,,SOUTH YREKA,-122.64277246339101,41.70375511020518,19000.0,2050,23400,Back,Interstate,True,41.2998306910882,135
4292,2,5,,SIS,R,42.508,,KILLGORE HILLS ROAD,-122.61021950546625,41.66790597412307,19000.0,2050,23400,Ahead,Interstate,True,41.2998306910882,135
3791,2,273,,SHA,,11.83,,"REDDING, CLEAR CREEK ROAD",-122.38129691321936,40.51691794498085,18900.0,1850,20300,Back,State,True,41.126673849468986,137
4233,2,5,,SHA,R,42.316,,LAKEHEAD,-122.38534158587093,40.91052759131989,18900.0,2400,24500,Back,Interstate,True,41.126673849468986,137
4235,2,5,,SHA,R,45.953,,VOLLMERS ROAD,-122.43004518866805,40.941080638643754,18900.0,2400,24300,Back,Interstate,True,41.126673849468986,137
4257,2,5,,SHA,,57.41,,SIMS ROAD,-122.35820828981937,41.07167157872384,18900.0,2400,24200,Back,Interstate,True,41.126673849468986,137
4259,2,5,,SHA,,59.35,,FLUME CREEK,-122.3455825987568,41.09533359753504,18900.0,2350,24100,Back,Interstate,True,41.126673849468986,137
4261,2,5,,SHA,,60.508,,CONANT ROAD,-122.33154337895026,41.10771245114093,18900.0,2350,24000,Back,Interstate,True,41.126673849468986,137
4263,2,5,,SHA,,61.745,,SWEETBRIER AVENUE,-122.32568026463534,41.12311468726486,18900.0,2350,23900,Back,Interstate,True,41.126673849468986,137
4265,2,5,,SHA,,63.583,,CASTELLA,-122.3161157293288,41.148341483311306,18900.0,2350,23900,Back,Interstate,True,41.126673849468986,137
3789,2,273,,SHA,,11.1,,CANYON ROAD,-122.3793797008922,40.50653004671314,18900.0,1850,20300,Ahead,State,True,41.126673849468986,137
4231,2,5,,SHA,R,41.053,,ANTLERS,-122.38321208996405,40.892572459203805,18900.0,2400,24500,Ahead,Interstate,True,41.126673849468986,137
4233,2,5,,SHA,R,42.316,,LAKEHEAD,-122.38534158587093,40.91052759131989,18900.0,2400,24300,Ahead,Interstate,True,41.126673849468986,137
4255,2,5,,SHA,,52.9,,GIBSON,-122.40039309740823,41.02033616131436,18900.0,2400,24200,Ahead,Interstate,True,41.126673849468986,137
4257,2,5,,SHA,,57.41,,SIMS ROAD,-122.35820828981937,41.07167157872384,18900.0,2350,24100,Ahead,Interstate,True,41.126673849468986,137
4259,2,5,,SHA,,59.35,,FLUME CREEK,-122.3455825987568,41.09533359753504,18900.0,2350,24000,Ahead,Interstate,True,41.126673849468986,137
4261,2,5,,SHA,,60.508,,CONANT ROAD,-122.33154337895026,41.10771245114093,18900.0,2350,23900,Ahead,Interstate,True,41.126673849468986,137
4263,2,5,,SHA,,61.745,,SWEETBRIER AVENUE,-122.32568026463534,41.12311468726486,18900.0,2350,23900,Ahead,Interstate,True,41.126673849468986,137
3799,2,273,,SHA,,14.47,,"REDDING, BUENAVENTURA BOULEVARD",-122.38795639481343,40.55464906711885,18800.0,1950,20900,Back,State,True,40.97660458673234,153
4255,2,5,,SHA,,52.9,,GIBSON,-122.40039309740823,41.02033616131436,18800.0,2400,24100,Back,Interstate,True,40.97660458673234,153
4292,2,5,,SIS,R,42.508,,KILLGORE HILLS ROAD,-122.61021950546625,41.66790597412307,18800.0,2050,23200,Back,Interstate,True,40.97660458673234,153
3797,2,273,,SHA,,14.184,,BRESLAUER WAY,-122.3872479618208,40.55063149603731,18800.0,1950,20900,Ahead,State,True,40.97660458673234,153
4243,2,5,,SHA,R,50.813,,POLLARD FLAT,-122.415152183066,40.998606126511106,18800.0,2400,24100,Ahead,Interstate,True,40.97660458673234,153
4290,2,5,,SIS,R,38.207,,GRENADA,-122.53525534743305,41.646206485521525,18800.0,2050,23200,Ahead,Interstate,True,40.97660458673234,153
4237,2,5,,SHA,R,49.147,,LA MOINE ROAD,-122.4321040536374,40.97874403071997,18700.0,2400,24100,Back,Interstate,True,40.84192704325073,159
4243,2,5,,SHA,R,50.813,,POLLARD FLAT,-122.415152183066,40.998606126511106,18700.0,2400,24100,Back,Interstate,True,40.84192704325073,159
4235,2,5,,SHA,R,45.953,,VOLLMERS ROAD,-122.43004518866805,40.941080638643754,18700.0,2400,24100,Ahead,Interstate,True,40.84192704325073,159
4237,2,5,,SHA,R,49.147,,LA MOINE ROAD,-122.4321040536374,40.97874403071997,18700.0,2400,24100,Ahead,Interstate,True,40.84192704325073,159
4021,2,36,,TEH,,41.847,,"RED BLUFF, JCT. RTE. 5",-122.22514689513957,40.18068763645231,18600.0,2100,21200,Ahead,State,True,40.738032938279204,163
4021,2,36,,TEH,,41.847,,"RED BLUFF, JCT. RTE. 5",-122.22514689513957,40.18068763645231,18100.0,2600,21900,Back,State,True,40.168539325842694,164
4019,2,36,,TEH,,41.67,,"RED BLUFF, GILMORE ROAD",-122.2281143413401,40.17935323723286,18100.0,2600,21900,Ahead,State,True,40.168539325842694,164
4017,2,36,,TEH,,41.4,,"RED BLUFF, SACRAMENTO RIVER BRIDGE",-122.23241737395898,40.177411754694816,18000.0,1900,19800,Back,State,True,40.01847006310605,166
3811,2,273,,SHA,,18.622,,LAKE BOULEVARD,-122.37662384477201,40.6094062220586,17800.0,1950,21700,Back,State,True,39.76065876558412,167
4019,2,36,,TEH,,41.67,,"RED BLUFF, GILMORE ROAD",-122.2281143413401,40.17935323723286,17800.0,2100,18700,Back,State,True,39.76065876558412,167
3809,2,273,,SHA,,17.81,,"REDDING, BENTON DRIVE",-122.38404250608741,40.5994636287929,17800.0,1950,21700,Ahead,State,True,39.76065876558412,167
4003,2,36,,TEH,L,41.29,,"RED BLUFF, OAK STREET",-122.2341690878647,40.17655436573611,17800.0,2100,18700,Ahead,State,True,39.76065876558412,167
4017,2,36,,TEH,,41.4,,"RED BLUFF, SACRAMENTO RIVER BRIDGE",-122.23241737395898,40.177411754694816,17800.0,2100,18700,Ahead,State,True,39.76065876558412,167
4296,2,5,,SIS,R,47.563,,"YREKA, MINER STREET",-122.63292413681144,41.73077041611515,17700.0,2000,21800,Back,Interstate,True,39.59134985377867,172
4294,2,5,,SIS,R,45.62,,SOUTH YREKA,-122.64277246339101,41.70375511020518,17700.0,2000,21800,Ahead,Interstate,True,39.59134985377867,172
4153,2,44,,SHA,L,0.169,L,"REDDING, PINE/SHASTA STREETS, JCT. RTE. 273 SOUTH",-122.3904312740824,40.5866907083852,17400.0,2100,18500,Ahead,State,True,39.19116515314761,174
4179,2,44,,SHA,R,3.627,,AIRPORT ROAD,-122.30054993408798,40.5609865130579,17200.0,3150,17700,Ahead,State,True,38.956441434508235,175
4023,2,36,,TEH,,42.79,,"RED BLUFF, CHESTNUT AVENUE",-122.20900848588889,40.1860204785552,17000.0,1850,18700,Ahead,State,True,38.71017392642758,176
4025,2,36,,TEH,,43.28,,HOY ROAD,-122.19977478033853,40.18574956151848,16900.0,1900,18400,Back,State,True,38.544712944435894,177
4286,2,5,,SIS,R,22.999,,EDGEWOOD,-122.43498387097858,41.442006156641945,16800.0,1950,20700,Back,Interstate,True,38.410035400954285,178
4284,2,5,,SIS,R,19.856,,JCT. RTE. 265,-122.39635615386133,41.423359796620225,16800.0,1950,20700,Ahead,Interstate,True,38.410035400954285,178
4152,2,44,,SHA,L,0.168,R,"REDDING, MARKET/TEHAMA STREETS, JCT RTE 273 SOUTH",-122.39132294901997,40.58537971776476,16700.0,1650,17700,Back,State,True,38.29844543635524,180
4288,2,5,,SIS,R,31.178,,LOUIE ROAD,-122.48511742944378,41.55240553783697,16700.0,1950,20600,Back,Interstate,True,38.29844543635524,180
4290,2,5,,SIS,R,38.207,,GRENADA,-122.53525534743305,41.646206485521525,16700.0,1900,20500,Back,Interstate,True,38.29844543635524,180
4288,2,5,,SIS,R,31.178,,LOUIE ROAD,-122.48511742944378,41.55240553783697,16700.0,1900,20500,Ahead,Interstate,True,38.29844543635524,180
4286,2,5,,SIS,R,22.999,,EDGEWOOD,-122.43498387097858,41.442006156641945,16600.0,1900,20500,Ahead,Interstate,True,38.209943050638756,184
4298,2,5,,SIS,R,48.239,,"YREKA, JCT. RTE. 3",-122.62764941810933,41.73953254078422,16500.0,1900,20300,Back,Interstate,True,38.07911343697091,185
4296,2,5,,SIS,R,47.563,,"YREKA, MINER STREET",-122.63292413681144,41.73077041611515,16500.0,1900,20300,Ahead,Interstate,True,38.07911343697091,185
3807,2,273,,SHA,,17.39,,QUARTZ HILL/RIO,-122.3893052780946,40.594407045745065,16300.0,1700,17300,Back,State,True,37.83669385870402,187
4310,2,5,,SIS,R,69.293,,OREGON STATE LINE,-122.61532521333417,42.00547693525987,16300.0,1950,19900,Back,Interstate,True,37.83669385870402,187
4308,2,5,,SIS,R,68.328,,HILT ROAD,-122.60954529738763,41.99275006563196,16300.0,1950,19900,Ahead,Interstate,True,37.83669385870402,187
4152,2,44,,SHA,L,0.168,R,"REDDING, MARKET/TEHAMA STREETS, JCT RTE 273 SOUTH",-122.39132294901997,40.58537971776476,16200.0,1700,17400,Ahead,State,True,37.74819147298753,190
4284,2,5,,SIS,R,19.856,,JCT. RTE. 265,-122.39635615386133,41.423359796620225,15900.0,1850,19600,Back,Interstate,True,37.24411266738495,191
3805,2,273,,SHA,,16.833,,JCT RTE 299W AND RTE 44E,-122.3922686198926,40.58770726580741,15900.0,1550,15300,Ahead,State,True,37.24411266738495,191
4282,2,5,,SIS,R,19.07,,JCT. RTE. 97 NORTH,-122.38341271880128,41.41839103050712,15900.0,1850,19600,Ahead,Interstate,True,37.24411266738495,191
3799,2,273,,SHA,,14.47,,"REDDING, BUENAVENTURA BOULEVARD",-122.38795639481343,40.55464906711885,15500.0,1550,16300,Ahead,State,True,36.68616284438972,194
4306,2,5,,SIS,R,65.517,R,BAILEY HILL ROAD RT,-122.59209968399,41.95474758251862,15500.0,1000,9600,Ahead,Interstate,True,36.68616284438972,194
4302,2,5,,SIS,R,61.553,,HENLEY WAY,-122.5659698869592,41.90092685539237,15400.0,1850,19100,Back,Interstate,True,36.54378944128059,196
4304,2,5,,SIS,R,62.921,,DITCH CREEK ROAD,-122.57417606086,41.919698972087026,15400.0,1850,19200,Back,Interstate,True,36.54378944128059,196
4308,2,5,,SIS,R,68.328,,HILT ROAD,-122.60954529738763,41.99275006563196,15400.0,1850,19000,Back,Interstate,True,36.54378944128059,196
4302,2,5,,SIS,R,61.553,,HENLEY WAY,-122.5659698869592,41.90092685539237,15400.0,1850,19200,Ahead,Interstate,True,36.54378944128059,196
4304,2,5,,SIS,R,62.921,,DITCH CREEK ROAD,-122.57417606086,41.919698972087026,15400.0,1850,19200,Ahead,Interstate,True,36.54378944128059,196
4298,2,5,,SIS,R,48.239,,"YREKA, JCT. RTE. 3",-122.62764941810933,41.73953254078422,15200.0,1850,18900,Ahead,Interstate,True,36.266738494689854,201
4183,2,44,,SHA,R,7,,DESCHUTES ROAD,-122.23873132846052,40.557379699660345,14900.0,1750,16100,Back,State,True,35.801138987224874,202
3795,2,273,,SHA,,12.68,,"REDDING, CEDARS/SOUTH BONNEYVIEW ROADS",-122.3834233449728,40.528997746775424,14700.0,1550,17800,Ahead,State,True,35.470217023241496,203
4488,2,99,,TEH,,0,,BUTTE/TEHAMA COUNTY LINE,-121.97636623685011,39.883563324962225,14600.0,1500,15900,Ahead,State,True,35.34708326920117,204
4498,2,99,,TEH,,4.491,,SOUTH AVENUE,-122.03306546943753,39.9318159322859,14400.0,1500,16300,Back,State,True,35.096967831306756,205
3797,2,273,,SHA,,14.184,,BRESLAUER WAY,-122.3872479618208,40.55063149603731,14300.0,1550,17800,Back,State,True,34.99692165614899,206
4301,2,5,,SIS,R,58.326,R,JCT. RTE. 96 WEST,-122.57087177247907,41.85799702057377,14300.0,930,8900,Ahead,Interstate,True,34.99692165614899,206
4091,2,3,,SIS,L,47.264,,"YREKA, MOONLIT OAKS AVENUE",-122.6451506938169,41.7038125744833,14200.0,2000,17100,Back,State,True,34.881483761736185,208
156,2,273,,SHA,,15.921,,MARKET/PINE STREETS,-122.38704036295528,40.5754999293479,14000.0,1750,16700,Back,State,True,34.54286593812529,209
3949,2,36,,LAS,R,26.22,,"SUSANVILLE, JOHNSTONVILLE ROAD",-120.63500541282968,40.40943964667033,13900.0,1550,14900,Back,State,True,34.392796675388645,210
3967,2,36,,LAS,,25.94,,RIVERSIDE DRIVE,-120.63895576686798,40.41255340191937,13900.0,1550,14900,Ahead,State,True,34.392796675388645,210
4162,2,44,,SHA,L,0,R,"REDDING, JCT RTE 273 AND 299, BEGIN RIGHT ALIGN",-122.3922686198926,40.58770726580741,13900.0,1450,16800,Ahead,State,True,34.392796675388645,210
3875,2,299,,SHA,,22.226,,"REDDING, BUENAVENTURA BLVD",-122.4268189935297,40.58369928785592,13600.0,1450,17000,Ahead,State,True,34.02724334308142,213
4151,2,44,,SHA,L,0.072,L,"REDDING, EUREKA WAY/ PINE STREET",-122.39103433289559,40.58799467338224,13500.0,1450,13500,Back,State,True,33.87717408034477,214
4160,2,44,,SHA,L,0,L,BEGIN LEFT ALIGN LANES VIA EUREKA WAY,-122.3922686198926,40.58770726580741,13500.0,1450,13500,Ahead,State,True,33.87717408034477,214
3967,2,36,,LAS,,25.94,,RIVERSIDE DRIVE,-120.63895576686798,40.41255340191937,13400.0,1500,14700,Back,State,True,33.68092965984301,216
4153,2,44,,SHA,L,0.169,L,"REDDING, PINE/SHASTA STREETS, JCT. RTE. 273 SOUTH",-122.3904312740824,40.5866907083852,13400.0,1650,14300,Back,State,True,33.68092965984301,216
3965,2,36,,LAS,,25.356,,"SUSANVILLE, JCT. RTE. 139 NORTH",-120.64893656710419,40.41549924253043,13400.0,1500,14700,Ahead,State,True,33.68092965984301,216
4151,2,44,,SHA,L,0.072,L,"REDDING, EUREKA WAY/ PINE STREET",-122.39103433289559,40.58799467338224,13400.0,1650,14300,Ahead,State,True,33.68092965984301,216
3811,2,273,,SHA,,18.622,,LAKE BOULEVARD,-122.37662384477201,40.6094062220586,12800.0,1250,12800,Ahead,State,True,32.7920578728644,220
3789,2,273,,SHA,,11.1,,CANYON ROAD,-122.3793797008922,40.50653004671314,12600.0,1200,13900,Back,State,True,32.58042173310759,221
4027,2,36,,TEH,,44.004,,JCT. RTE. 99 SOUTH,-122.18605109108059,40.18570371909693,12300.0,1250,13400,Back,State,True,32.10327843620132,222
4277,2,5,,SIS,R,13.184,R,ABRAMS LAKE ROAD,-122.34329547816199,41.34491436463428,12200.0,1750,15100,Back,Interstate,True,31.98399261197476,223
3823,2,273,,SHA,,5.206,,"ANDERSON, SOUTH STREET",-122.29807722514867,40.4482349027659,12000.0,800,13500,Back,State,True,31.660766507618902,224
3749,2,151,,SHA,R,6.924,,JCT. RTE. 5,-122.34851438633213,40.6792620542253,11900.0,1200,14100,Back,State,True,31.445282438048327,225
3813,2,273,,SHA,,18.92,,TWINVIEW BOULEVARD,-122.37527171857266,40.613474885730675,11900.0,1250,13300,Back,State,True,31.445282438048327,225
4492,2,99,,TEH,,12.308,,ARAMAYO WAY,-122.09986746922216,40.0279692968232,11900.0,1100,13600,Back,State,True,31.445282438048327,225
3759,2,151,,SHA,,6.79,,CASCADE BOULEVARD,-122.35077596243356,40.679958550003896,11900.0,1200,14100,Ahead,State,True,31.445282438048327,225
4025,2,36,,TEH,,43.28,,HOY ROAD,-122.19977478033853,40.18574956151848,11700.0,1250,13100,Ahead,State,True,31.06818531629983,229
3759,2,151,,SHA,,6.79,,CASCADE BOULEVARD,-122.35077596243356,40.679958550003896,11600.0,1300,13600,Back,State,True,30.941203632445745,230
3835,2,273,,SHA,,9.99,,HAPPY VALLEY ROAD,-122.36586405965744,40.49459204690234,11400.0,1200,12400,Back,State,True,30.61412959827613,231
3831,2,273,,SHA,,7.24,,CHAMPION/FRONTAGE ROADS,-122.32688427301738,40.467966537451424,11200.0,1750,14100,Back,State,True,30.425581037401876,232
3821,2,273,,SHA,,4.44,,"ANDERSON, PINON AVENUE",-122.29125493379082,40.43865798820684,11200.0,1250,11900,Ahead,State,True,30.425581037401876,232
3829,2,273,,SHA,,6.9,,OX YOKE ROAD,-122.32203179753309,40.464646396545696,11200.0,1750,14100,Ahead,State,True,30.425581037401876,232
3833,2,273,,SHA,,7.54,,HILL STREET,-122.33103491453315,40.470806055718946,11100.0,1850,13900,Back,State,True,30.29090349392027,235
3831,2,273,,SHA,,7.24,,CHAMPION/FRONTAGE ROADS,-122.32688427301738,40.467966537451424,11100.0,1850,13900,Ahead,State,True,30.29090349392027,235
3835,2,273,,SHA,,9.99,,HAPPY VALLEY ROAD,-122.36586405965744,40.49459204690234,11000.0,1100,11400,Ahead,State,True,30.125442511928586,237
3997,2,36,,TEH,L,40.315,,"RED BLUFF, ADOBE ROAD",-122.23941934633999,40.18984866727141,10800.0,1100,12800,Back,State,True,29.759889179621364,238
3825,2,273,,SHA,,5.438,,"ANDERSON, NORTH STREET",-122.3013744878058,40.45050535363318,10700.0,1150,11300,Back,State,True,29.544405110050793,239
3883,2,299,,SHA,,27.239,,OLD OREGON TRAIL,-122.31864975816765,40.62067545380385,10700.0,1100,11700,Back,State,True,29.544405110050793,239
3823,2,273,,SHA,,5.206,,"ANDERSON, SOUTH STREET",-122.29807722514867,40.4482349027659,10700.0,1150,11300,Ahead,State,True,29.544405110050793,239
3881,2,299,,SHA,,25.54,,HAWLEY ROAD,-122.34994657667781,40.61456517595937,10700.0,1100,11700,Ahead,State,True,29.544405110050793,239
4001,2,36,,TEH,L,41.15,,"RED BLUFF, WALNUT STREET",-122.23579486335748,40.1783404671462,10700.0,1250,11800,Ahead,State,True,29.544405110050793,239
4494,2,99,,TEH,,19.517,,KAUFMAN AVENUE,-122.12214090384113,40.12775269479699,10700.0,1050,11200,Ahead,State,True,29.544405110050793,239
4093,2,3,,SIS,L,48.164,,"YREKA, OBERLIN ROAD",-122.64006889640686,41.7162267173454,10500.0,1450,12700,Back,State,True,29.298137601970144,245
4496,2,99,,TEH,,24.943,,JCT. RTE. 36,-122.18605109108059,40.18570371909693,10500.0,1000,11300,Back,State,True,29.298137601970144,245
4003,2,36,,TEH,L,41.29,,"RED BLUFF, OAK STREET",-122.2341690878647,40.17655436573611,10400.0,1400,10900,Back,State,True,29.11343697090965,247
4222,2,5,,SHA,R,29.315,R,TURNTABLE BAY ROAD,-122.31230280585082,40.772828743224444,10300.0,1300,13400,Back,Interstate,True,28.9248884100354,248
4221,2,5,,SHA,R,29.285,L,TURNTABLE BAY UNDERCROSS,-122.31325279851828,40.7728377993576,10200.0,1250,13300,Back,Interstate,True,28.778667077112512,249
4225,2,5,,SHA,R,32.04,L,O'BRIEN,-122.32252585566796,40.80713110619931,10200.0,1250,13300,Back,Interstate,True,28.778667077112512,249
4226,2,5,,SHA,R,32.159,R,O' BRIEN,-122.32219160333055,40.80703019720333,10200.0,1250,13400,Back,Interstate,True,28.778667077112512,249
4221,2,5,,SHA,R,29.285,L,TURNTABLE BAY UNDERCROSS,-122.31325279851828,40.7728377993576,10200.0,1250,13300,Ahead,Interstate,True,28.778667077112512,249
4380,2,70,,PLU,,43.785,,QUINCY JUNCTION ROAD,-120.93760082141411,39.93785901404779,10200.0,1250,11400,Ahead,State,True,28.778667077112512,249
3833,2,273,,SHA,,7.54,,HILL STREET,-122.33103491453315,40.470806055718946,10100.0,1050,10700,Ahead,State,True,28.659381252885947,254
4380,2,70,,PLU,,43.785,,QUINCY JUNCTION ROAD,-120.93760082141411,39.93785901404779,10000.0,1150,10800,Back,State,True,28.532399569031863,255
3783,2,273,,SHA,R,16.45,R,"REDDING, ON PINE ST. AT PLACER ST., RIGHT ALIGN",-122.38876645062088,40.58272675595705,9900.0,1050,9900,Back,State,True,28.33230721871633,256
4225,2,5,,SHA,R,32.04,L,O'BRIEN,-122.32252585566796,40.80713110619931,9900.0,1250,12900,Ahead,Interstate,True,28.33230721871633,256
4468,2,97,,SIS,L,0,,"WEED, JCT. RTE. 5",-122.38355019158247,41.41826768993752,9900.0,980,11600,Ahead,US,True,28.33230721871633,256
4053,2,395,,LAS,R,4.615,,JCT. RTE. 70 WEST,-120.03834841838344,39.775101373894074,9800.0,1200,13000,Back,US,True,28.101431429890717,259
4051,2,395,,LAS,R,0,,SIERRA/LASSEN COUNTY LINE,-120.03461340040016,39.70875297139095,9800.0,1200,13000,Ahead,US,True,28.101431429890717,259
3804,2,273,,SHA,,15.978,R,"REDDING, ON PINE ST. AT CYPRESS ST. RIGHT ALIGN",-122.3868212665524,40.576314743519326,9700.0,1050,9900,Back,State,True,27.94751423734031,261
3963,2,36,,LAS,,25.05,,"SUSANVILLE, PACIFIC STREET",-120.65422451349886,40.41674242233765,9700.0,1100,11000,Back,State,True,27.94751423734031,261
3965,2,36,,LAS,,25.356,,"SUSANVILLE, JCT. RTE. 139 NORTH",-120.64893656710419,40.41549924253043,9700.0,1100,11000,Back,State,True,27.94751423734031,261
3802,2,273,,SHA,,15.921,R,"MARKET/PINE STREETS, BEGIN RIGHT ALIGN",-122.38704036295528,40.5754999293479,9700.0,1250,10400,Ahead,State,True,27.94751423734031,261
3804,2,273,,SHA,,15.978,R,"REDDING, ON PINE ST. AT CYPRESS ST. RIGHT ALIGN",-122.3868212665524,40.576314743519326,9700.0,1250,10400,Ahead,State,True,27.94751423734031,261
3963,2,36,,LAS,,25.05,,"SUSANVILLE, PACIFIC STREET",-120.65422451349886,40.41674242233765,9700.0,1100,11000,Ahead,State,True,27.94751423734031,261
3997,2,36,,TEH,L,40.315,,"RED BLUFF, ADOBE ROAD",-122.23941934633999,40.18984866727141,9600.0,1050,11200,Ahead,State,True,27.797444974603664,267
3827,2,273,,SHA,,6.387,,ALEXANDER AVENUE,-122.31474236515947,40.45965884668849,9500.0,880,10000,Back,State,True,27.60889641372941,268
3785,2,273,,SHA,R,16.659,R,"REDDING, ON PINE ST AT TEHAMA ST, JCT RTE 44, RIGHT ALIGN",-122.39003493737908,40.585688712315736,9400.0,960,9900,Back,State,True,27.462675080806527,269
3783,2,273,,SHA,R,16.45,R,"REDDING, ON PINE ST. AT PLACER ST., RIGHT ALIGN",-122.38876645062088,40.58272675595705,9400.0,960,9900,Ahead,State,True,27.462675080806527,269
3883,2,299,,SHA,,27.239,,OLD OREGON TRAIL,-122.31864975816765,40.62067545380385,9400.0,950,10400,Ahead,State,True,27.462675080806527,269
3873,2,299,,SHA,,21.648,,"REDDING, WEST CITY LIMITS",-122.43765699495606,40.582694385649496,9300.0,1100,12200,Back,State,True,27.32414960751116,272
3875,2,299,,SHA,,22.226,,"REDDING, BUENAVENTURA BLVD",-122.4268189935297,40.58369928785592,9300.0,1100,12200,Back,State,True,27.32414960751116,272
3873,2,299,,SHA,,21.648,,"REDDING, WEST CITY LIMITS",-122.43765699495606,40.582694385649496,9300.0,1100,12200,Ahead,State,True,27.32414960751116,272
4095,2,3,,SIS,L,49.207,,"YREKA, CENTER STREET",-122.63587138888442,41.73089474619666,9200.0,1250,10500,Back,State,True,27.13175311682315,275
4492,2,99,,TEH,,12.308,,ARAMAYO WAY,-122.09986746922216,40.0279692968232,9200.0,830,10200,Ahead,State,True,27.13175311682315,275
3871,2,299,,SHA,,17.739,,ROCK CREEK ROAD,-122.50240882905658,40.604422150564126,9100.0,1100,12000,Ahead,State,True,26.96629213483146,277
3815,2,273,,SHA,,19.77,,CATERPILLAR ROAD,-122.37090726005299,40.625393836972975,9000.0,850,14200,Back,State,True,26.78928736339849,278
3829,2,273,,SHA,,6.9,,OX YOKE ROAD,-122.32203179753309,40.464646396545696,9000.0,1600,11700,Back,State,True,26.78928736339849,278
3999,2,36,,TEH,L,40.87,,"RED BLUFF, CRITTENDEN STREET",-122.23878425719704,40.181845766452206,9000.0,540,9500,Back,State,True,26.78928736339849,278
3813,2,273,,SHA,,18.92,,TWINVIEW BOULEVARD,-122.37527171857266,40.613474885730675,9000.0,850,14200,Ahead,State,True,26.78928736339849,278
3827,2,273,,SHA,,6.387,,ALEXANDER AVENUE,-122.31474236515947,40.45965884668849,9000.0,1600,11700,Ahead,State,True,26.78928736339849,278
4490,2,99,,TEH,,11.181,,SHERMAN STREET,-122.0954402463119,40.011985894317434,9000.0,1250,9700,Ahead,State,True,26.78928736339849,278
4490,2,99,,TEH,,11.181,,SHERMAN STREET,-122.0954402463119,40.011985894317434,8800.0,900,9700,Back,State,True,26.512236416807756,284
3819,2,273,,SHA,,3.812,,JCT. RTE. 5,-122.28462459534123,40.43099679196784,8700.0,840,9000,Ahead,State,True,26.300600277050947,285
4498,2,99,,TEH,,4.491,,SOUTH AVENUE,-122.03306546943753,39.9318159322859,8700.0,830,9600,Ahead,State,True,26.300600277050947,285
3931,2,299,,TRI,,52.07,,"WEAVERVILLE, WASHINGTON STREET",-122.93622105417431,40.727474388811636,8600.0,1050,10300,Back,State,True,26.069724488225333,287
3931,2,299,,TRI,,52.07,,"WEAVERVILLE, WASHINGTON STREET",-122.93622105417431,40.727474388811636,8600.0,870,10300,Ahead,State,True,26.069724488225333,287
4095,2,3,,SIS,L,49.207,,"YREKA, CENTER STREET",-122.63587138888442,41.73089474619666,8600.0,1200,9900,Ahead,State,True,26.069724488225333,287
108,2,151,,SHA,,5.993,,ON SHASTA DAM BOULEVARD; DIVIDED HIGHWAY FACILITY,-122.3658833006725,40.68049155262986,8500.0,1150,9100,Ahead,State,True,25.892719716792367,290
3825,2,273,,SHA,,5.438,,"ANDERSON, NORTH STREET",-122.3013744878058,40.45050535363318,8300.0,810,10000,Ahead,State,True,25.573341542250272,291
4001,2,36,,TEH,L,41.15,,"RED BLUFF, WALNUT STREET",-122.23579486335748,40.1783404671462,8200.0,940,9300,Back,State,True,25.407880560258583,292
4055,2,395,,LAS,R,61.094,,JCT. RTE. 36 WEST,-120.59187926784112,40.38055029952588,8200.0,1050,9600,Back,US,True,25.407880560258583,292
4500,2,99,,TEH,,5.42,,VINA ROAD,-122.046357457116,39.94027212669734,8200.0,750,8800,Ahead,State,True,25.407880560258583,292
4494,2,99,,TEH,,19.517,,KAUFMAN AVENUE,-122.12214090384113,40.12775269479699,8100.0,720,10200,Back,State,True,25.20009235031553,295
4500,2,99,,TEH,,5.42,,VINA ROAD,-122.046357457116,39.94027212669734,8100.0,830,8600,Back,State,True,25.20009235031553,295
20,2,36,,LAS,R,29.394,,"JOHNSTONVILLE, JCT. RTE. 395",-120.59187926784112,40.38055029952588,8000.0,1000,9400,Back,State,True,24.930737263352317,297
3897,2,299,,SHA,,76.181,,BLACK RANCH ROAD,-121.6503097310096,40.892725660831424,8000.0,860,8600,Back,State,True,24.930737263352317,297
3951,2,36,,LAS,R,29.394,,SOUTH JCT. RTE. 395,-120.59187926784112,40.38055029952588,8000.0,1000,9400,Back,State,True,24.930737263352317,297
3895,2,299,,SHA,,74.98,,"BURNEY, PLUMAS STREET",-121.66671343342495,40.88192645990703,8000.0,850,8600,Ahead,State,True,24.930737263352317,297
3949,2,36,,LAS,R,26.22,,"SUSANVILLE, JOHNSTONVILLE ROAD",-120.63500541282968,40.40943964667033,8000.0,1000,9400,Ahead,State,True,24.930737263352317,297
3951,2,36,,LAS,R,29.394,,SOUTH JCT. RTE. 395,-120.59187926784112,40.38055029952588,8000.0,1000,9400,Ahead,State,True,24.930737263352317,297
4306,2,5,,SIS,R,65.517,R,BAILEY HILL ROAD RT,-122.59209968399,41.95474758251862,7800.0,1000,9600,Back,Interstate,True,24.43820224719101,303
3999,2,36,,TEH,L,40.87,,"RED BLUFF, CRITTENDEN STREET",-122.23878425719704,40.181845766452206,7800.0,1050,9500,Ahead,State,True,24.43820224719101,303
3933,2,299,,TRI,,52.72,,MARTIN/NUGGET  ROADS,-122.92823514268956,40.720242337608525,7700.0,870,8800,Back,State,True,24.22271817762044,305
4307,2,5,,SIS,R,65.524,L,BAILEY HILL ROAD  LT,-122.59243284936596,41.9546461753495,7700.0,910,9600,Back,Interstate,True,24.22271817762044,305
4307,2,5,,SIS,R,65.524,L,BAILEY HILL ROAD  LT,-122.59243284936596,41.9546461753495,7700.0,910,9400,Ahead,Interstate,True,24.22271817762044,305
3821,2,273,,SHA,,4.44,,"ANDERSON, PINON AVENUE",-122.29125493379082,40.43865798820684,7600.0,780,7900,Back,State,True,23.972602739726025,308
3885,2,299,,SHA,,31.46,,DESCHUTES ROAD,-122.2424463355725,40.63845373866672,7600.0,790,9100,Back,State,True,23.972602739726025,308
4382,2,70,,PLU,,45.245,,QUINCY STATE HIGHWAY MAINTENANCE STATION,-120.91133960445049,39.934424185287526,7600.0,890,8500,Back,State,True,23.972602739726025,308
3995,2,36,,TEH,L,39.734,,NORTH MAIN STREET,-122.24218029860279,40.197849580273285,7600.0,840,8000,Ahead,State,True,23.972602739726025,308
4382,2,70,,PLU,,45.245,,QUINCY STATE HIGHWAY MAINTENANCE STATION,-120.91133960445049,39.934424185287526,7600.0,890,8500,Ahead,State,True,23.972602739726025,308
4362,2,70,,PLU,R,43.086,L,BEGIN LEFT ALIGN VIA LAWRENCE,-120.94958850380908,39.93768750052217,7500.0,,,Back,State,True,23.691703863321536,313
4466,2,97,,SIS,L,0.43,,JCT. RTE. 265,-122.38735446428426,41.42294317606086,7500.0,840,11000,Back,US,True,23.691703863321536,313
4183,2,44,,SHA,R,7,,DESCHUTES ROAD,-122.23873132846052,40.557379699660345,7400.0,800,8800,Ahead,State,True,23.445436355240883,315
4301,2,5,,SIS,R,58.326,R,JCT. RTE. 96 WEST,-122.57087177247907,41.85799702057377,7200.0,930,8900,Back,Interstate,True,22.937509619824535,316
3815,2,273,,SHA,,19.77,,CATERPILLAR ROAD,-122.37090726005299,40.625393836972975,7200.0,700,7300,Ahead,State,True,22.937509619824535,316
4300,2,5,,SIS,R,58.326,L,"JCT. RTE. 96 WEST, KLAMATH RIVER ROAD , COLLIER SAFETY ROADSIDE REST AREA",-122.57119577144586,41.858116314271385,7100.0,840,8800,Back,Interstate,True,22.741265199322765,318
4300,2,5,,SIS,R,58.326,L,"JCT. RTE. 96 WEST, KLAMATH RIVER ROAD , COLLIER SAFETY ROADSIDE REST AREA",-122.57119577144586,41.858116314271385,7100.0,840,8800,Ahead,Interstate,True,22.741265199322765,318
4470,2,97,,SIS,,1.047,,"WEED, WEST LINCOLN STREET",-122.38706698452872,41.43651991792061,7000.0,740,8500,Back,US,True,22.506541480683392,320
4466,2,97,,SIS,L,0.43,,JCT. RTE. 265,-122.38735446428426,41.42294317606086,7000.0,740,8500,Ahead,US,True,22.506541480683392,320
4069,2,395,,LAS,,55.18,,JANESVILLE ROAD,-120.53815122922563,40.313921887418296,6900.0,640,8500,Ahead,US,True,22.24103432353394,322
4093,2,3,,SIS,L,48.164,,"YREKA, OBERLIN ROAD",-122.64006889640686,41.7162267173454,6900.0,1300,7900,Ahead,State,True,22.24103432353394,322
3933,2,299,,TRI,,52.72,,MARTIN/NUGGET  ROADS,-122.92823514268956,40.720242337608525,6800.0,720,8800,Ahead,State,True,22.02555025396337,324
158,2,273,,SHA,,16.255,L,"REDDING, MARKET/GOLD STREETS, LEFT ALIGN",-122.38894942666447,40.57983008322143,6600.0,810,7100,Back,State,True,21.61382176389103,325
3801,2,273,,SHA,,15.921,L,"REDDING, ON MARKET ST., BEGIN LEFT ALIGN",-122.38729014041833,40.57556614797975,6600.0,810,7100,Back,State,True,21.61382176389103,325
3803,2,273,,SHA,,15.978,L,"REDDING, ON MARKET ST. AT CYPRESS ST., LEFT ALIGN",-122.38750454851372,40.57636877945319,6600.0,810,7100,Back,State,True,21.61382176389103,325
158,2,273,,SHA,,16.255,L,"REDDING, MARKET/GOLD STREETS, LEFT ALIGN",-122.38894942666447,40.57983008322143,6600.0,810,7100,Ahead,State,True,21.61382176389103,325
3801,2,273,,SHA,,15.921,L,"REDDING, ON MARKET ST., BEGIN LEFT ALIGN",-122.38729014041833,40.57556614797975,6600.0,810,7100,Ahead,State,True,21.61382176389103,325
3803,2,273,,SHA,,15.978,L,"REDDING, ON MARKET ST. AT CYPRESS ST., LEFT ALIGN",-122.38750454851372,40.57636877945319,6600.0,810,7100,Ahead,State,True,21.61382176389103,325
4091,2,3,,SIS,L,47.264,,"YREKA, MOONLIT OAKS AVENUE",-122.6451506938169,41.7038125744833,6600.0,1500,7900,Ahead,State,True,21.61382176389103,325
3781,2,273,,SHA,R,16.326,L,"REDDING, GOLD/ CALIFORNIA STREETS, LEFT ALIGN",-122.39026413893055,40.579521996320565,6300.0,780,6700,Back,State,True,20.794212713560103,332
4476,2,97,,SIS,,4.43,,"WEED, BIG SPRINGS ROAD",-122.35161402411832,41.47274795784472,6300.0,630,8100,Back,US,True,20.794212713560103,332
3781,2,273,,SHA,R,16.326,L,"REDDING, GOLD/ CALIFORNIA STREETS, LEFT ALIGN",-122.39026413893055,40.579521996320565,6300.0,780,6700,Ahead,State,True,20.794212713560103,332
4388,2,70,,PLU,,75.96,,GULLING STREET,-120.46946329106216,39.81049796034125,6300.0,720,7600,Ahead,State,True,20.794212713560103,332
52,2,70,,PLU,,43.086,,"LAWRENCE STREET, BEGIN COUPLET",-120.94968882316843,39.93760303299036,6200.0,760,6700,Back,State,True,20.49407418808681,336
3817,2,273,,SHA,,20.033,,JCT. RTE. 5,-122.36837625673995,40.6286331332552,6200.0,630,6800,Back,State,True,20.49407418808681,336
4470,2,97,,SIS,,1.047,,"WEED, WEST LINCOLN STREET",-122.38706698452872,41.43651991792061,6200.0,650,7000,Ahead,US,True,20.49407418808681,336
4053,2,395,,LAS,R,4.615,,JCT. RTE. 70 WEST,-120.03834841838344,39.775101373894074,6100.0,580,7100,Ahead,US,True,20.28628597814376,339
4099,2,3,,SIS,L,50.159,,"YREKA, JCT. RTE. 5",-122.62770994659316,41.73956945039374,6000.0,690,6800,Back,State,True,20.055410189318145,340
4388,2,70,,PLU,,75.96,,GULLING STREET,-120.46946329106216,39.81049796034125,6000.0,690,7600,Back,State,True,20.055410189318145,340
4097,2,3,,SIS,L,49.871,,"YREKA, JCT. RTE. 263 NORTH",-122.63337662360995,41.74030448840907,6000.0,690,6800,Ahead,State,True,20.055410189318145,340
3782,2,273,,SHA,R,16.44,L,"REDDING, ON CALIFORNIA ST. AT SACRAMENTO ST., LEFT ALIGN",-122.39089216641703,40.58105769882054,5900.0,730,6300,Back,State,True,19.797598891796213,343
3871,2,299,,SHA,,17.739,,ROCK CREEK ROAD,-122.50240882905658,40.604422150564126,5900.0,700,7700,Back,State,True,19.797598891796213,343
4065,2,395,,LAS,,29.84,,GARNIER ROAD,-120.17189919187383,40.09082212753764,5900.0,570,6900,Back,US,True,19.797598891796213,343
3897,2,299,,SHA,,76.181,,BLACK RANCH ROAD,-121.6503097310096,40.892725660831424,5800.0,560,6300,Ahead,State,True,19.54363552408804,346
3784,2,273,,SHA,R,16.51,L,"REDDING, ON CALIFORNIA ST. AT PLACER ST., LEFT ALIGN",-122.3913228043912,40.58206273818633,5700.0,580,6000,Back,State,True,19.270432507311067,347
3782,2,273,,SHA,R,16.44,L,"REDDING, ON CALIFORNIA ST. AT SACRAMENTO ST., LEFT ALIGN",-122.39089216641703,40.58105769882054,5700.0,580,6000,Ahead,State,True,19.270432507311067,347
4067,2,395,,LAS,,51.87,,STANDISH ROAD,-120.49009574171055,40.283650383357404,5600.0,580,7400,Ahead,US,True,19.024164999230415,349
3787,2,273,,SHA,R,16.73,R,"JCT RTE 299W AND RTE 44E, END RIGHT ALIGN",-122.39045057618294,40.58668516618569,5500.0,960,9900,Back,State,True,18.716330614129596,350
3785,2,273,,SHA,R,16.659,R,"REDDING, ON PINE ST AT TEHAMA ST, JCT RTE 44, RIGHT ALIGN",-122.39003493737908,40.585688712315736,5500.0,570,5700,Ahead,State,True,18.716330614129596,350
3786,2,273,,SHA,R,16.73,L,"REDDING, CALIFORNIA/ TEHAMA STREETS, LEFT ALIGN",-122.39256534960063,40.58503148472757,5400.0,540,5400,Back,State,True,18.3969524395875,352
4171,2,44,,SHA,R,10.77,,MILLVILLE PLAINS,-122.1742684886751,40.53844677986317,5400.0,600,7800,Back,State,True,18.3969524395875,352
3784,2,273,,SHA,R,16.51,L,"REDDING, ON CALIFORNIA ST. AT PLACER ST., LEFT ALIGN",-122.3913228043912,40.58206273818633,5400.0,540,5400,Ahead,State,True,18.3969524395875,352
3901,2,299,,SHA,,8.648,,FRENCH GULCH ROAD,-122.63655683039565,40.66525297465732,5400.0,570,6000,Ahead,State,True,18.3969524395875,352
3899,2,299,,SHA,,78.65,,PINE ST LT,-121.62343815731944,40.92173327255373,5300.0,520,5700,Back,State,True,18.15068493150685,356
4067,2,395,,LAS,,51.87,,STANDISH ROAD,-120.49009574171055,40.283650383357404,5300.0,590,7000,Back,US,True,18.15068493150685,356
4069,2,395,,LAS,,55.18,,JANESVILLE ROAD,-120.53815122922563,40.313921887418296,5300.0,650,7700,Back,US,True,18.15068493150685,356
3700,2,139,,LAS,,0,,"SUSANVILLE, JCT. RTE. 36",-120.64893656710419,40.41549924253043,5200.0,560,5700,Ahead,State,True,17.954440511005078,359
3983,2,36,,PLU,,8.84,,FEATHER RIVER BRIDGE,-121.22878157124518,40.310478528207135,5100.0,870,6100,Back,State,True,17.723564722179468,360
4367,2,70,,PLU,R,43.7,R,"QUINCY, END RIGN ALIGN ON MAIN STREET AT LAWRENCE STREET",-120.93911978003308,39.93757477931672,5100.0,600,5400,Back,State,True,17.723564722179468,360
3983,2,36,,PLU,,8.84,,FEATHER RIVER BRIDGE,-121.22878157124518,40.310478528207135,5100.0,870,6100,Ahead,State,True,17.723564722179468,360
4378,2,70,,PLU,,41.97,,COUNTY HOSPITAL ROAD,-120.95997038115834,39.951686693231366,5100.0,610,5500,Ahead,State,True,17.723564722179468,360
4079,2,395,,MOD,,22.07,,"ALTURAS, FIRST STREET",-120.54245112402921,41.483999470789996,5000.0,590,5900,Back,US,True,17.477297214098815,364
3915,2,299,,TRI,R,58.11,,EAST JCT. RTE. 3,-122.93930496605311,40.651295546768075,5000.0,540,5800,Ahead,State,True,17.477297214098815,364
4482,2,97,,SIS,,50.89,,"DORRIS, FIRST/MAIN STREETS",-121.91821324806197,41.96695473176328,4950.0,570,6600,Back,US,True,17.319532091734647,366
4482,2,97,,SIS,,50.89,,"DORRIS, FIRST/MAIN STREETS",-121.91821324806197,41.96695473176328,4950.0,570,6200,Ahead,US,True,17.319532091734647,366
3961,2,36,,LAS,,24.46,,"SUSANVILLE, COTTAGE STREET",-120.66460604320012,40.418226439865684,4800.0,610,6400,Back,State,True,17.01554563644759,368
3961,2,36,,LAS,,24.46,,"SUSANVILLE, COTTAGE STREET",-120.66460604320012,40.418226439865684,4800.0,610,6400,Ahead,State,True,17.01554563644759,368
4079,2,395,,MOD,,22.07,,"ALTURAS, FIRST STREET",-120.54245112402921,41.483999470789996,4800.0,560,5800,Ahead,US,True,17.01554563644759,368
4386,2,70,,PLU,,75.332,,"PORTOLA, WEST CITY LIMITS",-120.47910819684053,39.805699657155664,4750.0,500,6100,Back,State,True,16.892411882407266,371
4386,2,70,,PLU,,75.332,,"PORTOLA, WEST CITY LIMITS",-120.47910819684053,39.805699657155664,4750.0,500,6100,Ahead,State,True,16.892411882407266,371
3869,2,299,,SHA,,16.47,,KENNEDY DRIVE,-122.51946667567867,40.615097739624176,4700.0,530,6000,Back,State,True,16.715407110974294,373
3915,2,299,,TRI,R,58.11,,EAST JCT. RTE. 3,-122.93930496605311,40.651295546768075,4700.0,550,5800,Back,State,True,16.715407110974294,373
3746,2,151,,SHA,R,5.931,R,"ON SHASTA DAM BLVD AT HARDENBROOK AVE, END RIGHT ALIGN",-122.36710794515322,40.68054001692592,4650.0,680,7000,Back,State,True,16.492227181776205,375
3744,2,151,,SHA,R,5.62,R,"ASHBY ROAD, BEGIN RIGHT ALIGN",-122.37297405534964,40.68120895290887,4650.0,680,7000,Ahead,State,True,16.492227181776205,375
3869,2,299,,SHA,,16.47,,KENNEDY DRIVE,-122.51946667567867,40.615097739624176,4650.0,880,5900,Ahead,State,True,16.492227181776205,375
4081,2,395,,MOD,,22.764,,"ALTURAS, JCT. RTE. 299 WEST",-120.54260121364858,41.49441130865557,4600.0,330,4700,Back,US,True,16.346005848853316,378
4484,2,97,,SIS,,53.809,,JCT. RTE. 161 EAST,-121.8917978200085,42.0001201990397,4600.0,540,6000,Back,US,True,16.346005848853316,378
4065,2,395,,LAS,,29.84,,GARNIER ROAD,-120.17189919187383,40.09082212753764,4600.0,540,5800,Ahead,US,True,16.346005848853316,378
4097,2,3,,SIS,L,49.871,,"YREKA, JCT. RTE. 263 NORTH",-122.63337662360995,41.74030448840907,4550.0,640,5600,Back,State,True,16.23056795444051,381
4177,2,44,,SHA,R,27.83,,SHINGLETOWN,-121.88823168799362,40.49236496810241,4550.0,620,6200,Back,State,True,16.23056795444051,381
3885,2,299,,SHA,,31.46,,DESCHUTES ROAD,-122.2424463355725,40.63845373866672,4500.0,480,5100,Ahead,State,True,16.095890410958905,383
4081,2,395,,MOD,,22.764,,"ALTURAS, JCT. RTE. 299 WEST",-120.54260121364858,41.49441130865557,4450.0,360,5200,Ahead,US,True,15.945821148222256,384
4360,2,70,,LAS,,3.889,,JCT. RTE. 395,-120.03865423455055,39.77512546645984,4400.0,470,5100,Back,State,True,15.757272587348007,385
4394,2,70,,PLU,,95.964,,PLUMAS/LASSEN COUNTY LINE,-120.10883012328604,39.79077699431572,4400.0,470,5100,Back,State,True,15.757272587348007,385
4173,2,44,,SHA,R,19.01,,DERSCH ROAD,-122.03168363864665,40.51414159137113,4400.0,540,6000,Ahead,State,True,15.757272587348007,385
4358,2,70,,LAS,,0,,PLUMAS/LASSEN COUNTY LINE,-120.10883012328604,39.79077699431572,4400.0,470,5100,Ahead,State,True,15.757272587348007,385
4366,2,70,,PLU,R,43.303,R,"QUINCY, ON MAIN STREET AT RAILWAY AVENUE",-120.9463798752261,39.93674403482308,4400.0,530,4750,Ahead,State,True,15.757272587348007,385
4392,2,70,,PLU,,94.28,,JCT. RTE. 284 NORTH,-120.13962001439651,39.79768764834562,4400.0,470,5100,Ahead,State,True,15.757272587348007,385
3937,2,299,,TRI,,67.425,,NEW LEWISTON ROAD,-122.7972683659274,40.66364735560441,4350.0,510,5400,Back,State,True,15.564876096659997,391
3935,2,299,,TRI,,63.51,,LEWISTON ROAD,-122.86256178982116,40.67268741213428,4350.0,510,5400,Ahead,State,True,15.564876096659997,391
3901,2,299,,SHA,,8.648,,FRENCH GULCH ROAD,-122.63655683039565,40.66525297465732,4250.0,490,5500,Back,State,True,15.337848237648144,393
3937,2,299,,TRI,,67.425,,NEW LEWISTON ROAD,-122.7972683659274,40.66364735560441,4250.0,500,5300,Ahead,State,True,15.337848237648144,393
3903,2,299,,SHA,,80.085,,"FOUR CORNERS, JCT. RTE. 89",-121.60662733033253,40.938178524457136,4200.0,480,5300,Back,State,True,15.195474834539018,395
3939,2,299,,TRI,,72.246,,TRINITY/SHASTA COUNTY LINE,-122.73381152247921,40.63510705105486,4200.0,530,5500,Back,State,True,15.195474834539018,395
3867,2,299,,SHA,,0,,TRINITY/SHASTA COUNTY LINE,-122.73381152247921,40.63510705105486,4200.0,530,5500,Ahead,State,True,15.195474834539018,395
3748,2,151,,SHA,R,5.993,L,"Front Street/Shasta Dam Boulevard, END LEFT ALIGN",-122.36591576039699,40.68058411578726,4100.0,420,6200,Back,State,True,14.910728028320763,398
4392,2,70,,PLU,,94.28,,JCT. RTE. 284 NORTH,-120.13962001439651,39.79768764834562,4100.0,530,5100,Back,State,True,14.910728028320763,398
3747,2,151,,SHA,R,5.93,L,On Front Street at Hardenbrook Avenue,-122.36710618176033,40.680825535298546,4100.0,420,6200,Ahead,State,True,14.910728028320763,398
4390,2,70,,PLU,,92.065,,JCT. RTE. 49 SOUTH,-120.17817940475497,39.80455573876935,4100.0,530,5100,Ahead,State,True,14.910728028320763,398
3747,2,151,,SHA,R,5.93,L,On Front Street at Hardenbrook Avenue,-122.36710618176033,40.680825535298546,4050.0,670,6100,Back,State,True,14.749114976142835,402
3757,2,151,,SHA,,5.508,,SOUTHERN PACIFIC RAILROAD UNDERPASS,-122.37533844094038,40.68178968068886,4050.0,460,6900,Back,State,True,14.749114976142835,402
3935,2,299,,TRI,,63.51,,LEWISTON ROAD,-122.86256178982116,40.67268741213428,4050.0,480,5000,Back,State,True,14.749114976142835,402
3995,2,36,,TEH,L,39.734,,NORTH MAIN STREET,-122.24218029860279,40.197849580273285,4050.0,440,4300,Back,State,True,14.749114976142835,402
4480,2,97,,SIS,,49.827,,DORRIS QUARANTINE STATION,-121.92386971392897,41.95391636965931,4050.0,290,5400,Back,US,True,14.749114976142835,402
3742,2,151,,SHA,R,5.62,L,"ASHBY RD, BEGIN LEFT ALIGN",-122.37297405534964,40.68120895290887,4050.0,670,6100,Ahead,State,True,14.749114976142835,402
3757,2,151,,SHA,,5.508,,SOUTHERN PACIFIC RAILROAD UNDERPASS,-122.37533844094038,40.68178968068886,4050.0,460,6900,Ahead,State,True,14.749114976142835,402
4015,2,36,,TEH,,39.72,,BAKER ROAD,-122.2644759539486,40.20835023063096,4050.0,390,4350,Ahead,State,True,14.749114976142835,402
4480,2,97,,SIS,,49.827,,DORRIS QUARANTINE STATION,-121.92386971392897,41.95391636965931,4050.0,290,5400,Ahead,US,True,14.749114976142835,402
4476,2,97,,SIS,,4.43,,"WEED, BIG SPRINGS ROAD",-122.35161402411832,41.47274795784472,4000.0,280,6400,Ahead,US,True,14.618285362474989,411
3899,2,299,,SHA,,78.65,,PINE ST LT,-121.62343815731944,40.92173327255373,3950.0,440,4250,Ahead,State,True,14.506695397875943,412
3959,2,36,,LAS,,22.06,,EAGLE LAKE ROAD,-120.703078314044,40.42013173792231,3950.0,490,5300,Ahead,State,True,14.506695397875943,412
4055,2,395,,LAS,R,61.094,,JCT. RTE. 36 WEST,-120.59187926784112,40.38055029952588,3950.0,410,5300,Ahead,US,True,14.506695397875943,412
4370,2,70,,PLU,R,76.6,,"PORTOLA, MEADOW WAY",-120.45835076448495,39.81424294389353,3900.0,440,4950,Back,State,True,14.375865784208097,415
4007,2,36,,TEH,R,39.3,,MC COY ROAD,-122.2716804631885,40.21099381010123,3850.0,390,3950,Ahead,State,True,14.24503617054025,416
4111,2,3,,SIS,,32.2,,"FORT JONES, SCOTT RIVER ROAD",-122.84634793196804,41.6014550005448,3850.0,450,4500,Ahead,State,True,14.24503617054025,416
4372,2,70,,PLU,R,80.315,,"BECKWOURTH, CALPINE ROAD",-120.39240120392115,39.82123739156289,3800.0,450,5100,Back,State,True,14.091118977989842,418
4474,2,97,,SIS,,36.15,,1.7-MI. S/O BALL MOUNTAIN RD,-122.04741546590817,41.77888699570891,3800.0,550,5300,Back,US,True,14.091118977989842,418
4171,2,44,,SHA,R,10.77,,MILLVILLE PLAINS,-122.1742684886751,40.53844677986317,3800.0,450,7800,Ahead,State,True,14.091118977989842,418
4177,2,44,,SHA,R,27.83,,SHINGLETOWN,-121.88823168799362,40.49236496810241,3800.0,500,5200,Ahead,State,True,14.091118977989842,418
4474,2,97,,SIS,,36.15,,1.7-MI. S/O BALL MOUNTAIN RD,-122.04741546590817,41.77888699570891,3800.0,530,4950,Ahead,US,True,14.091118977989842,418
3909,2,299,,SHA,,95.24,,MCARTHUR-GLENBURN RD,-121.40361912539949,41.049699232696256,3750.0,460,4200,Back,State,True,13.87563490841927,423
3973,2,36,,PLU,R,13.93,,BIG SPRINGS ROAD,-121.14306704872979,40.305099016096186,3750.0,550,5100,Back,State,True,13.87563490841927,423
3985,2,36,,PLU,,9.18,,"CHESTER, MELISSA AVENUE",-121.22292128303015,40.312492451885646,3750.0,550,5100,Back,State,True,13.87563490841927,423
4366,2,70,,PLU,R,43.303,R,"QUINCY, ON MAIN STREET AT RAILWAY AVENUE",-120.9463798752261,39.93674403482308,3750.0,470,4050,Back,State,True,13.87563490841927,423
3985,2,36,,PLU,,9.18,,"CHESTER, MELISSA AVENUE",-121.22292128303015,40.312492451885646,3750.0,550,5100,Ahead,State,True,13.87563490841927,423
4364,2,70,,PLU,R,43.179,R,"QUINCY, MAIN STREET AT COURT STREET/BUCKS LAKE ROAD",-120.9487320042031,39.936730648256024,3750.0,470,4050,Ahead,State,True,13.87563490841927,423
3959,2,36,,LAS,,22.06,,EAGLE LAKE ROAD,-120.703078314044,40.42013173792231,3700.0,480,4800,Back,State,True,13.6793904879175,429
3981,2,36,,PLU,,8.08,,FARRAR DRIVE,-121.2360870394449,40.301169893599734,3700.0,750,5700,Back,State,True,13.6793904879175,429
4365,2,70,,PLU,R,43.268,L,"QUINCY, ON LAWRENCE STREET AT RAILWAY AVENUE, END LEFT ALIGN",-120.94639374880734,39.9376193983503,3700.0,460,4050,Back,State,True,13.6793904879175,429
3947,2,36,,LAS,R,19.196,,JCT. RTE. 44 NORTHWEST,-120.75541382742519,40.411191225339664,3700.0,480,4800,Ahead,State,True,13.6793904879175,429
3981,2,36,,PLU,,8.08,,FARRAR DRIVE,-121.2360870394449,40.301169893599734,3700.0,750,5700,Ahead,State,True,13.6793904879175,429
4015,2,36,,TEH,,39.72,,BAKER ROAD,-122.2644759539486,40.20835023063096,3650.0,400,4100,Back,State,True,13.548560874249654,434
4414,2,89,,PLU,,8.72,,"BLAIRSDEN, JCT. RTE. 70",-120.98391085089106,40.038682241079975,3650.0,440,5400,Back,State,True,13.548560874249654,434
4412,2,89,,PLU,,7.08,,GOLD LAKE ROAD,-120.614488674173,39.76305498700677,3650.0,440,5400,Ahead,State,True,13.548560874249654,434
4478,2,97,,SIS,,45.248,,SAMS NECK ROAD,-121.96379991005476,41.89461054599404,3650.0,430,4700,Ahead,US,True,13.548560874249654,434
4472,2,97,,SIS,,20.19,,GRASS LAKE STATE HIGHWAY MAINTENANCE STATION,-122.19257863261734,41.633908829890046,3600.0,510,5200,Back,US,True,13.406187471140527,438
3907,2,299,,SHA,,91.56,,"FALL RIVER MILLS, MAIN STREET",-121.43857551508714,41.00413656508015,3600.0,440,3900,Ahead,State,True,13.406187471140527,438
4472,2,97,,SIS,,20.19,,GRASS LAKE STATE HIGHWAY MAINTENANCE STATION,-122.19257863261734,41.633908829890046,3600.0,510,5200,Ahead,US,True,13.406187471140527,438
3788,2,273,,SHA,R,16.801,L,"REDDING, TEHAMA/MARKET STREETS, JCT RTE 44, END LEFT ALIGN",-122.391316575473,40.585365166134885,3550.0,370,4650,Back,State,True,13.27150992765892,441
4173,2,44,,SHA,R,19.01,,DERSCH ROAD,-122.03168363864665,40.51414159137113,3550.0,410,4750,Back,State,True,13.27150992765892,441
3786,2,273,,SHA,R,16.73,L,"REDDING, CALIFORNIA/ TEHAMA STREETS, LEFT ALIGN",-122.39256534960063,40.58503148472757,3550.0,370,4650,Ahead,State,True,13.27150992765892,441
4390,2,70,,PLU,,92.065,,JCT. RTE. 49 SOUTH,-120.17817940475497,39.80455573876935,3500.0,470,4650,Back,State,True,13.109896875480992,444
4372,2,70,,PLU,R,80.315,,"BECKWOURTH, CALPINE ROAD",-120.39240120392115,39.82123739156289,3500.0,470,4650,Ahead,State,True,13.109896875480992,444
4378,2,70,,PLU,,41.97,,COUNTY HOSPITAL ROAD,-120.95997038115834,39.951686693231366,3450.0,400,3750,Back,State,True,12.948283823303065,446
4370,2,70,,PLU,R,76.6,,"PORTOLA, MEADOW WAY",-120.45835076448495,39.81424294389353,3450.0,410,4750,Ahead,State,True,12.948283823303065,446
4426,2,89,,SIS,R,34.622,,JCT. RTE. 5,-122.30206711044943,41.28501658829463,3400.0,480,4000,Back,State,True,12.771279051870094,448
4117,2,3,,SIS,,53.22,,"MONTAGUE, GRENADA ROAD",-122.53022505492984,41.7245823793708,3400.0,390,3900,Ahead,State,True,12.771279051870094,448
4105,2,3,,SIS,R,48.955,,"YREKA, AGER ROAD",-122.59885363331767,41.74109702201706,3350.0,430,3850,Back,State,True,12.586578420809605,450
4099,2,3,,SIS,L,50.159,,"YREKA, JCT. RTE. 5",-122.62770994659316,41.73956945039374,3350.0,430,3850,Ahead,State,True,12.586578420809605,450
4007,2,36,,TEH,R,39.3,,MC COY ROAD,-122.2716804631885,40.21099381010123,3250.0,300,3550,Back,State,True,12.30952747421887,452
4486,2,97,,SIS,,54.089,,OREGON STATE LINE,-121.88913530243957,42.00335013742741,3250.0,380,4250,Back,US,True,12.30952747421887,452
4484,2,97,,SIS,,53.809,,JCT. RTE. 161 EAST,-121.8917978200085,42.0001201990397,3250.0,380,4250,Ahead,US,True,12.30952747421887,452
4384,2,70,,PLU,,46.77,,LA PORTE ROAD,-120.88334198087361,39.93509394420427,3200.0,360,3600,Back,State,True,12.136370632599663,455
3905,2,299,,SHA,,91.08,,GLENBURN/DANA ROADS,-121.44660901751898,41.00119922316642,3150.0,360,3550,Ahead,State,True,12.024780668000616,456
3887,2,299,,SHA,,53.263,,TERRY MILL ROAD,-121.94189899061443,40.79443562659869,3100.0,350,4150,Back,State,True,11.824688317685085,457
3905,2,299,,SHA,,91.08,,GLENBURN/DANA ROADS,-121.44660901751898,41.00119922316642,3100.0,360,3650,Back,State,True,11.824688317685085,457
3907,2,299,,SHA,,91.56,,"FALL RIVER MILLS, MAIN STREET",-121.43857551508714,41.00413656508015,3100.0,350,3600,Back,State,True,11.824688317685085,457
4364,2,70,,PLU,R,43.179,R,"QUINCY, MAIN STREET AT COURT STREET/BUCKS LAKE ROAD",-120.9487320042031,39.936730648256024,3100.0,400,3400,Back,State,True,11.824688317685085,457
3903,2,299,,SHA,,80.085,,"FOUR CORNERS, JCT. RTE. 89",-121.60662733033253,40.938178524457136,3100.0,360,3650,Ahead,State,True,11.824688317685085,457
3979,2,36,,PLU,,6.287,,JCT. RTE. 89,-121.25353921054408,40.27877885058481,3100.0,650,5400,Ahead,State,True,11.824688317685085,457
4362,2,70,,PLU,R,43.086,L,BEGIN LEFT ALIGN VIA LAWRENCE,-120.94958850380908,39.93768750052217,3100.0,400,3350,Ahead,State,True,11.824688317685085,457
4363,2,70,,PLU,R,43.086,R,"LAWRENCE STREET, BEGIN RIGHT ALIGN ",-120.94968882316843,39.93760303299036,3100.0,400,3400,Ahead,State,True,11.824688317685085,457
3726,2,139,,SIS,,5.042,,JCT RTE 161,-121.5194381091922,41.99824565901003,3050.0,340,4000,Back,State,True,11.570724949976913,465
3895,2,299,,SHA,,74.98,,"BURNEY, PLUMAS STREET",-121.66671343342495,40.88192645990703,3050.0,330,3300,Back,State,True,11.570724949976913,465
4115,2,3,,SIS,,44.67,,FOREST MOUNTAIN RANCH,-122.68410143612718,41.67521737554619,3050.0,410,3650,Back,State,True,11.570724949976913,465
3724,2,139,,SIS,,1.04,,"TULELAKE, EAST/WEST ROADS",-121.4698266479769,41.953881857587625,3050.0,340,4000,Ahead,State,True,11.570724949976913,465
3893,2,299,,SHA,,74.48,,ELM STREET,-121.67514075188743,40.879139815805445,3050.0,330,3300,Ahead,State,True,11.570724949976913,465
3917,2,299,,TRI,,0,,HUMBOLT/TRINITY COUNTY LINE,-123.60100940500703,40.888927556773034,3050.0,460,4200,Ahead,State,True,11.570724949976913,465
4113,2,3,,SIS,,38.258,,MOFFETT CREEK ROAD,-122.75274853328459,41.632767897297605,3050.0,410,3650,Ahead,State,True,11.570724949976913,465
4115,2,3,,SIS,,44.67,,FOREST MOUNTAIN RANCH,-122.68410143612718,41.67521737554619,3050.0,410,3650,Ahead,State,True,11.570724949976913,465
3887,2,299,,SHA,,53.263,,TERRY MILL ROAD,-121.94189899061443,40.79443562659869,3000.0,360,4200,Ahead,State,True,11.370632599661382,473
3859,2,299,,MOD,,40.64,,"ALTURAS, JCT. RTE. 395",-120.45990778202756,41.540205356709826,2950.0,430,3250,Back,State,True,11.193627828228413,474
3857,2,299,,MOD,,40.276,,"ALTURAS, JUNIPER STREET",-120.5495989756258,41.49453656075865,2950.0,430,3250,Ahead,State,True,11.193627828228413,474
4368,2,70,,PLU,R,66.628,,JCT. RTE. 89 SOUTH,-120.62006211684306,39.784441120072415,2950.0,350,3850,Ahead,State,True,11.193627828228413,474
3728,2,139,,SIS,,5.043,,"OREGON STATE LINE, JCT RTE 161 W",-121.51945065416515,41.99825607552141,2900.0,280,3800,Back,State,True,11.039710635678006,477
4143,2,3,,TRI,,7.2,,HAYFORK,-123.18159091083959,40.55413368313624,2900.0,390,4250,Back,State,True,11.039710635678006,477
3726,2,139,,SIS,,5.042,,JCT RTE 161,-121.5194381091922,41.99824565901003,2900.0,280,3800,Ahead,State,True,11.039710635678006,477
4143,2,3,,TRI,,7.2,,HAYFORK,-123.18159091083959,40.55413368313624,2900.0,390,4250,Ahead,State,True,11.039710635678006,477
4384,2,70,,PLU,,46.77,,LA PORTE ROAD,-120.88334198087361,39.93509394420427,2850.0,530,3200,Ahead,State,True,10.897337232568878,481
3891,2,299,,SHA,,73.13,,TAMARACK ROAD,-121.69768987228059,40.87295931050106,2800.0,300,3250,Back,State,True,10.731876250577189,482
4478,2,97,,SIS,,45.248,,SAMS NECK ROAD,-121.96379991005476,41.89461054599404,2800.0,670,3600,Back,US,True,10.731876250577189,482
3891,2,299,,SHA,,73.13,,TAMARACK ROAD,-121.69768987228059,40.87295931050106,2800.0,300,3250,Ahead,State,True,10.731876250577189,482
3702,2,139,,LAS,,1.42,,LASSEN COLLEGE,-120.63553174114452,40.43282069162026,2750.0,380,4050,Back,State,True,10.562567338771741,485
4113,2,3,,SIS,,38.258,,MOFFETT CREEK ROAD,-122.75274853328459,41.632767897297605,2750.0,320,3500,Back,State,True,10.562567338771741,485
4119,2,3,,SIS,,54.187,,"MONTAGUE, EAST CITY LIMITS",-122.51559579020362,41.72484507111102,2750.0,360,3150,Back,State,True,10.562567338771741,485
4368,2,70,,PLU,R,66.628,,JCT. RTE. 89 SOUTH,-120.62006211684306,39.784441120072415,2750.0,290,3950,Back,State,True,10.562567338771741,485
3911,2,299,,SHA,,96.78,,PITTVILLE ROAD,-121.37702390223684,41.058511013216226,2700.0,310,3000,Back,State,True,10.331691549946129,489
3919,2,299,,TRI,,1.3,,EAST LIMITS SALYER,-123.58200195191034,40.89258322247773,2700.0,390,3450,Back,State,True,10.331691549946129,489
4083,2,395,,MOD,,23.04,,ALTURAS STATE HIGHWAY MAINTENANCE STATION,-120.53869176709165,41.496440412695264,2700.0,320,3300,Back,US,True,10.331691549946129,489
4406,2,89,,PLU,,20.47,,"GREENVILLE, BECKWOURTH ROAD",-120.95095074593684,40.13976683494602,2700.0,330,2950,Back,State,True,10.331691549946129,489
3909,2,299,,SHA,,95.24,,MCARTHUR-GLENBURN RD,-121.40361912539949,41.049699232696256,2700.0,310,3000,Ahead,State,True,10.331691549946129,489
4083,2,395,,MOD,,23.04,,ALTURAS STATE HIGHWAY MAINTENANCE STATION,-120.53869176709165,41.496440412695264,2700.0,320,3300,Ahead,US,True,10.331691549946129,489
4404,2,89,,PLU,,20.22,,"GREENVILLE, GRAND STREET",-120.94590567704552,40.13944124167814,2700.0,330,2950,Ahead,State,True,10.331691549946129,489
3724,2,139,,SIS,,1.04,,"TULELAKE, EAST/WEST ROADS",-121.4698266479769,41.953881857587625,2650.0,300,3550,Back,State,True,10.112359550561797,496
4111,2,3,,SIS,,32.2,,"FORT JONES, SCOTT RIVER ROAD",-122.84634793196804,41.6014550005448,2650.0,300,3050,Back,State,True,10.112359550561797,496
3755,2,151,,SHA,,4.45,,TOYON,-122.3901295847757,40.689707882152334,2650.0,390,3950,Ahead,State,True,10.112359550561797,496
3720,2,139,,MOD,,50.684,,MODOC/SISKIYOU COUNTY LINE,-121.45730813041928,41.94215270761116,2600.0,310,3400,Back,State,True,9.96229028782515,499
3889,2,299,,SHA,,60.05,,BIG BEND ROAD,-121.90734110167166,40.865630058115165,2600.0,310,3750,Back,State,True,9.96229028782515,499
4404,2,89,,PLU,,20.22,,"GREENVILLE, GRAND STREET",-120.94590567704552,40.13944124167814,2600.0,340,2900,Back,State,True,9.96229028782515,499
3718,2,139,,MOD,,44.505,,NEWELL,-121.36912179727992,41.881842506616444,2600.0,310,3400,Ahead,State,True,9.96229028782515,499
3722,2,139,,SIS,,0,,MODOC/SISKIYOU COUNTY LINE,-121.45730813041928,41.94215270761116,2600.0,310,3400,Ahead,State,True,9.96229028782515,499
3929,2,299,,TRI,,51.03,,"WEAVERVILLE, WEST CITY LIMITS",-122.94777772489594,40.736093544219386,2550.0,360,2900,Back,State,True,9.75835000769586,504
3971,2,36,,LAS,,3.706,,"WESTWOOD, COUNTY ROAD A 21",-120.99293856645859,40.31516656806986,2550.0,300,3250,Ahead,State,True,9.75835000769586,504
4432,2,89,,SIS,,24.75,,BROADWAY/SOUTHERN AVENUE,-122.1362726177826,41.251190147678265,2550.0,350,3450,Ahead,State,True,9.75835000769586,504
3971,2,36,,LAS,,3.706,,"WESTWOOD, COUNTY ROAD A 21",-120.99293856645859,40.31516656806986,2500.0,300,3050,Back,State,True,9.500538710173927,507
3969,2,36,,LAS,,3.1,,"WESTWOOD, DELLWOOD ST",-121.0045363836135,40.31455818822596,2500.0,300,3050,Ahead,State,True,9.500538710173927,507
3947,2,36,,LAS,R,19.196,,JCT. RTE. 44 NORTHWEST,-120.75541382742519,40.411191225339664,2450.0,220,3100,Back,State,True,9.296598430044636,509
3889,2,299,,SHA,,60.05,,BIG BEND ROAD,-121.90734110167166,40.865630058115165,2450.0,290,3550,Ahead,State,True,9.296598430044636,509
4376,2,70,,PLU,,33.026,,JCT. RTE. 89 NORTH,-120.98391085089106,40.038682241079975,2400.0,270,2650,Ahead,State,True,9.169616746190549,511
4402,2,89,,PLU,,16.56,,STAMPFI LN (ENGLE MINE),-120.90787995603442,40.10813020919116,2400.0,770,2550,Ahead,State,True,9.169616746190549,511
4107,2,3,,SIS,R,49.454,,"YREKA, PHILIPE LANE",-122.59311999408295,41.73541814731046,2350.0,340,2650,Back,State,True,9.004155764198861,513
4105,2,3,,SIS,R,48.955,,"YREKA, AGER ROAD",-122.59885363331767,41.74109702201706,2350.0,280,2700,Ahead,State,True,9.004155764198861,513
4414,2,89,,PLU,,8.72,,"BLAIRSDEN, JCT. RTE. 70",-120.98391085089106,40.038682241079975,2350.0,790,2800,Ahead,State,True,9.004155764198861,513
3893,2,299,,SHA,,74.48,,ELM STREET,-121.67514075188743,40.879139815805445,2300.0,360,3650,Back,State,True,8.79636755425581,516
3919,2,299,,TRI,,1.3,,EAST LIMITS SALYER,-123.58200195191034,40.89258322247773,2300.0,360,2950,Ahead,State,True,8.79636755425581,516
4107,2,3,,SIS,R,49.454,,"YREKA, PHILIPE LANE",-122.59311999408295,41.73541814731046,2300.0,280,2650,Ahead,State,True,8.79636755425581,516
4133,2,3,,TRI,,31.94,,TOM BELL ROAD,-122.92460165229974,40.74166796476077,2200.0,300,2450,Back,State,True,8.426966292134832,519
4133,2,3,,TRI,,31.94,,TOM BELL ROAD,-122.92460165229974,40.74166796476077,2200.0,230,2400,Ahead,State,True,8.426966292134832,519
3921,2,299,,TRI,,11.53,,BURNT RANCH ROAD,-123.47613575618831,40.8101889383423,2150.0,250,2700,Back,State,True,8.276897029398183,521
4412,2,89,,PLU,,7.08,,GOLD LAKE ROAD,-120.614488674173,39.76305498700677,2150.0,370,3100,Back,State,True,8.276897029398183,521
4027,2,36,,TEH,,44.004,,JCT. RTE. 99 SOUTH,-122.18605109108059,40.18570371909693,2150.0,350,3100,Ahead,State,True,8.276897029398183,521
3979,2,36,,PLU,,6.287,,JCT. RTE. 89,-121.25353921054408,40.27877885058481,2100.0,370,2850,Back,State,True,8.146067415730338,524
4009,2,36,,TEH,,104.002,,TEHAMA/PLUMAS COUNTY LINE,-121.35244296694418,40.26188650720062,2100.0,370,2850,Back,State,True,8.146067415730338,524
3927,2,299,,TRI,,31.45,,BIGFLATCMP-WHEELGLUCHRD,-123.20405450443116,40.737344397111386,2100.0,360,2400,Ahead,State,True,8.146067415730338,524
3929,2,299,,TRI,,51.03,,"WEAVERVILLE, WEST CITY LIMITS",-122.94777772489594,40.736093544219386,2100.0,1050,2600,Ahead,State,True,8.146067415730338,524
3975,2,36,,PLU,,0,,TEHAMA/PLUMAS COUNTY LINE,-121.35244296694418,40.26188650720062,2100.0,370,2850,Ahead,State,True,8.146067415730338,524
4039,2,36,,TEH,,99.935,,JCT. RTE. 32 SOUTHWEST,-121.42121750090445,40.2794030053878,2100.0,370,2850,Ahead,State,True,8.146067415730338,524
3853,2,299,,MOD,,21.749,,JCT. RTE. 139 NORTH,-120.87871101556533,41.437936571384824,2050.0,200,2450,Ahead,State,True,7.980606433738649,530
4101,2,3,,SIS,R,21.472,,COLLIER WAY,-122.89686620653009,41.463295149405944,2050.0,220,2400,Ahead,State,True,7.980606433738649,530
4139,2,3,,TRI,,6.22,,MORGAN HILL ROAD,-123.19116933859202,40.54593180343951,2050.0,270,2500,Ahead,State,True,7.980606433738649,530
3969,2,36,,LAS,,3.1,,"WESTWOOD, DELLWOOD ST",-121.0045363836135,40.31455818822596,2000.0,220,2250,Back,State,True,7.795905802678159,533
4139,2,3,,TRI,,6.22,,MORGAN HILL ROAD,-123.19116933859202,40.54593180343951,2000.0,230,2500,Back,State,True,7.795905802678159,533
3716,2,139,,MOD,,40.45,,COUNTY ROAD TO MALIN,-121.30968889516319,41.843651124718846,2000.0,170,2350,Ahead,State,True,7.795905802678159,533
3955,2,36,,LAS,,0.76,,JCT. RTE. 147 SOUTH,-121.04859662378394,40.31082840866518,2000.0,220,2250,Ahead,State,True,7.795905802678159,533
3755,2,151,,SHA,,4.45,,TOYON,-122.3901295847757,40.689707882152334,1950.0,340,2950,Back,State,True,7.545790364783746,537
3955,2,36,,LAS,,0.76,,JCT. RTE. 147 SOUTH,-121.04859662378394,40.31082840866518,1950.0,240,2400,Back,State,True,7.545790364783746,537
3977,2,36,,PLU,,18.421,,PLUMAS/LASSEN COUNTY LINE,-121.06096010380158,40.31470453785131,1950.0,240,2400,Back,State,True,7.545790364783746,537
4127,2,3,,TRI,L,30.89,,"WEAVERVILLE, NORTH JCT. RTE. 299",-122.93934128134677,40.6512902471022,1950.0,240,2450,Back,State,True,7.545790364783746,537
4432,2,89,,SIS,,24.75,,BROADWAY/SOUTHERN AVENUE,-122.1362726177826,41.251190147678265,1950.0,280,2400,Back,State,True,7.545790364783746,537
3957,2,36,,LAS,,0,,PLUMAS/LASSEN COUNTY LINE,-121.06096010380158,40.31470453785131,1950.0,240,2400,Ahead,State,True,7.545790364783746,537
3973,2,36,,PLU,R,13.93,,BIG SPRINGS ROAD,-121.14306704872979,40.305099016096186,1950.0,240,2400,Ahead,State,True,7.545790364783746,537
4400,2,89,,PLU,,14.84,,ARLINGTON ROAD,-120.91892448912776,40.085903444723336,1900.0,340,2300,Back,State,True,7.287979067261813,544
4406,2,89,,PLU,,20.47,,"GREENVILLE, BECKWOURTH ROAD",-120.95095074593684,40.13976683494602,1900.0,250,2500,Ahead,State,True,7.287979067261813,544
4147,2,44,,LAS,,19.29,,COUNTY ROAD A 21,-121.03934193448686,40.531623342481254,1850.0,330,2600,Back,State,True,7.099430506387564,546
4402,2,89,,PLU,,16.56,,STAMPFI LN (ENGLE MINE),-120.90787995603442,40.10813020919116,1850.0,220,2300,Back,State,True,7.099430506387564,546
4145,2,44,,LAS,,0,,SHASTA/LASSEN COUNTY LINE,-121.32237470238292,40.65512569523473,1850.0,330,2600,Ahead,State,True,7.099430506387564,546
4400,2,89,,PLU,,14.84,,ARLINGTON ROAD,-120.91892448912776,40.085903444723336,1850.0,220,2300,Ahead,State,True,7.099430506387564,546
4456,2,96,,SIS,,41.101,,"HAPPY CAMP, MAIN STREET",-123.37831970868031,41.79141243446298,1850.0,330,2250,Ahead,State,True,7.099430506387564,546
4029,2,36,,TEH,,55.26,,MANTON ROAD,-122.07078923434223,40.313694327926065,1800.0,400,2600,Back,State,True,6.907034015699553,551
4185,2,44,,SHA,,42.818,,VIOLA,-121.68265525805377,40.518520160325465,1800.0,240,2500,Back,State,True,6.907034015699553,551
4458,2,96,,SIS,,41.25,,"HAPPY CAMP, SECOND STREET",-123.37647687596038,41.79287454956778,1800.0,290,2250,Back,State,True,6.907034015699553,551
3921,2,299,,TRI,,11.53,,BURNT RANCH ROAD,-123.47613575618831,40.8101889383423,1800.0,280,2350,Ahead,State,True,6.907034015699553,551
3775,2,263,,SIS,,50.63,,"HAWKINSVILLE, HUMBUG ROAD",-122.62185300370423,41.76086671567992,1750.0,210,2200,Back,State,True,6.737725103894104,555
3925,2,299,,TRI,,24.263,,LITTLE FRENCH CR,-123.3069855870147,40.77011081480014,1750.0,210,2200,Ahead,State,True,6.737725103894104,555
3923,2,299,,TRI,,21.731,,DEL LOMA,-123.33212803134369,40.778303845095635,1700.0,280,2150,Back,State,True,6.506849315068493,557
4071,2,395,,LAS,,70.12,,"STANDISH, COUNTY ROAD A 3",-120.42280220176873,40.36518917684277,1700.0,180,2000,Back,US,True,6.506849315068493,557
4117,2,3,,SIS,,53.22,,"MONTAGUE, GRENADA ROAD",-122.53022505492984,41.7245823793708,1700.0,210,1950,Back,State,True,6.506849315068493,557
4396,2,89,,PLU,R,42.185,,JCT. RTE. 36,-121.25356706550444,40.278740979140686,1700.0,340,2550,Back,State,True,6.506849315068493,557
3773,2,263,,SIS,,49.07,,"YREKA, JCT. RTE. 3",-122.63337639903116,41.740305365826494,1700.0,200,1900,Ahead,State,True,6.506849315068493,557
4410,2,89,,PLU,,36.655,,ALMANOR,-121.19014077555568,40.216900502952434,1700.0,340,2550,Ahead,State,True,6.506849315068493,557
4418,2,89,,SHA,,21.719,,"FOUR CORNERS, JCT. RTE. 299",-121.60664413421821,40.9381715368852,1700.0,360,2850,Ahead,State,True,6.506849315068493,557
4430,2,89,,SIS,,14.34,,MILITARY PASS ROAD,-121.94318566915544,41.26361341285661,1700.0,150,2250,Ahead,State,True,6.506849315068493,557
3925,2,299,,TRI,,24.263,,LITTLE FRENCH CR,-123.3069855870147,40.77011081480014,1650.0,250,2100,Back,State,True,6.275973526242881,565
3923,2,299,,TRI,,21.731,,DEL LOMA,-123.33212803134369,40.778303845095635,1650.0,280,2100,Ahead,State,True,6.275973526242881,565
4458,2,96,,SIS,,41.25,,"HAPPY CAMP, SECOND STREET",-123.37647687596038,41.79287454956778,1650.0,270,2250,Ahead,State,True,6.275973526242881,565
3718,2,139,,MOD,,44.505,,NEWELL,-121.36912179727992,41.881842506616444,1600.0,160,2050,Back,State,True,6.079729105741111,568
3779,2,265,,SIS,,20.328,,"WEED, JCT. RTE. 5",-122.39661796605425,41.4233289702581,1600.0,190,1750,Back,State,True,6.079729105741111,568
4149,2,44,,LAS,,37.247,,JCT. RTE. 36,-120.75522574445922,40.41123392531445,1600.0,270,2250,Back,State,True,6.079729105741111,568
4418,2,89,,SHA,,21.719,,"FOUR CORNERS, JCT. RTE. 299",-121.60664413421821,40.9381715368852,1600.0,310,2450,Back,State,True,6.079729105741111,568
4430,2,89,,SIS,,14.34,,MILITARY PASS ROAD,-121.94318566915544,41.26361341285661,1600.0,150,2150,Back,State,True,6.079729105741111,568
3777,2,265,,SIS,,19.801,,"WEED, JCT. RTE. 97",-122.38734524217955,41.42293109103262,1600.0,190,1750,Ahead,State,True,6.079729105741111,568
4075,2,395,,MOD,R,20.975,,GLENN STREET,-120.54240250001952,41.479201436656346,1600.0,220,1900,Ahead,US,True,6.079729105741111,568
4147,2,44,,LAS,,19.29,,COUNTY ROAD A 21,-121.03934193448686,40.531623342481254,1600.0,270,2250,Ahead,State,True,6.079729105741111,568
3857,2,299,,MOD,,40.276,,"ALTURAS, JUNIPER STREET",-120.5495989756258,41.49453656075865,1550.0,170,1700,Back,State,True,5.837309527474218,576
4005,2,36,,TEH,R,33.739,,OAK KNOLL DRIVE,-122.34072676447165,40.224000530784345,1550.0,190,1650,Back,State,True,5.837309527474218,576
4460,2,96,,SIS,,41.67,,DAVIS ROAD,-123.37455710343465,41.79878499205028,1550.0,250,2250,Back,State,True,5.837309527474218,576
4005,2,36,,TEH,R,33.739,,OAK KNOLL DRIVE,-122.34072676447165,40.224000530784345,1550.0,190,1650,Ahead,State,True,5.837309527474218,576
4029,2,36,,TEH,,55.26,,MANTON ROAD,-122.07078923434223,40.313694327926065,1550.0,840,2400,Ahead,State,True,5.837309527474218,576
3927,2,299,,TRI,,31.45,,BIGFLATCMP-WHEELGLUCHRD,-123.20405450443116,40.737344397111386,1500.0,300,1700,Back,State,True,5.610281668462367,581
4031,2,36,,TEH,,58.18,,PAYNES CREEK,-122.01745044202754,40.31107127670335,1500.0,300,2200,Back,State,True,5.610281668462367,581
4073,2,395,,LAS,,72.943,,"LITCHFIELD, COUNTY ROAD A-27",-120.38536086629102,40.381956204731694,1500.0,190,1750,Back,US,True,5.610281668462367,581
4101,2,3,,SIS,R,21.472,,COLLIER WAY,-122.89686620653009,41.463295149405944,1500.0,160,2500,Back,State,True,5.610281668462367,581
3753,2,151,,SHA,,3.781,,LAKE BOULEVARD,-122.40276677427394,40.69122738740834,1500.0,220,1850,Ahead,State,True,5.610281668462367,581
3945,2,32,,TEH,,4.698,,BUTTE/TEHAMA COUNTY LINE,-121.58204839918126,40.10031485765409,1500.0,190,2700,Ahead,State,True,5.610281668462367,581
4071,2,395,,LAS,,70.12,,"STANDISH, COUNTY ROAD A 3",-120.42280220176873,40.36518917684277,1500.0,190,1750,Ahead,US,True,5.610281668462367,581
4103,2,3,,SIS,R,21,,"ETNA, MAIN STREET",-122.88847947485043,41.46144307876526,1500.0,160,2500,Ahead,State,True,5.610281668462367,581
3845,2,299,,LAS,,15.101,,LOOKOUT ROAD,-121.12991733981926,41.13347627800064,1450.0,160,1600,Back,State,True,5.364014160381714,589
3945,2,32,,TEH,,4.698,,BUTTE/TEHAMA COUNTY LINE,-121.58204839918126,40.10031485765409,1450.0,190,2850,Back,State,True,5.364014160381714,589
4085,2,395,,MOD,,28.285,,JCT. RTE. 299 EAST,-120.45994635658417,41.54017297082182,1450.0,140,1600,Back,US,True,5.364014160381714,589
4189,2,44,,SHA,,71.389,,SHASTA/LASSEN COUNTY LINE,-121.32237470238292,40.65512569523473,1450.0,280,2100,Back,State,True,5.364014160381714,589
4187,2,44,,SHA,,62.685,,JCT. RTE. 89 NORTHWEST,-121.42464117179337,40.68067165261851,1450.0,280,2100,Ahead,State,True,5.364014160381714,589
4416,2,89,,SHA,,0,,JCT. RTE. 44,-121.42461401123077,40.68064125494642,1450.0,770,2100,Ahead,State,True,5.364014160381714,589
3716,2,139,,MOD,,40.45,,COUNTY ROAD TO MALIN,-121.30968889516319,41.843651124718846,1400.0,200,1850,Back,State,True,5.121594582114822,595
3740,2,147,,PLU,,9.891,,PLUMAS/LASSEN COUNTY LINE,-121.06105972786492,40.29415325638678,1400.0,200,2050,Back,State,True,5.121594582114822,595
4181,2,44,,SHA,R,49.353,,LASSEN VOLCANIC NATIONAL PARK,-121.57774337050581,40.544651377611636,1400.0,310,2000,Back,State,True,5.121594582114822,595
4408,2,89,,PLU,,29.589,,JCT. RTE. 147 NORTH,-121.08065397308161,40.17197790983411,1400.0,770,1700,Back,State,True,5.121594582114822,595
3714,2,139,,MOD,,17.35,,LOOKOUT/HACKMORE ROADS,-121.15310912574643,41.539981588759694,1400.0,240,2000,Ahead,State,True,5.121594582114822,595
3730,2,147,,LAS,,0,,PLUMAS/LASSEN COUNTY LINE,-121.06105972786492,40.29415325638678,1400.0,200,2050,Ahead,State,True,5.121594582114822,595
3738,2,147,,PLU,,7.37,,BIG SPRINGS ROAD,-121.08654349247598,40.27029371013176,1400.0,230,2050,Ahead,State,True,5.121594582114822,595
3843,2,299,,LAS,,10.407,,CEMETERY ROAD,-121.19547147277477,41.08438873700727,1400.0,140,1750,Ahead,State,True,5.121594582114822,595
3855,2,299,,MOD,,22.435,,CANBY RANGER STA LT,-120.86884769969694,41.44446689999716,1400.0,160,1600,Ahead,State,True,5.121594582114822,595
3943,2,32,,TEH,,0,,BUTTE/TEHAMA COUNTY LINE,-121.61484506105947,40.0471924365479,1400.0,170,2050,Ahead,State,True,5.121594582114822,595
4185,2,44,,SHA,,42.818,,VIOLA,-121.68265525805377,40.518520160325465,1400.0,310,2000,Ahead,State,True,5.121594582114822,595
3732,2,147,,LAS,,1.14,,COUNTY ROAD A-21,-121.04620302857342,40.30188782338816,1350.0,140,2050,Back,State,True,4.921502231799292,606
4187,2,44,,SHA,,62.685,,JCT. RTE. 89 NORTHWEST,-121.42464117179337,40.68067165261851,1350.0,360,1900,Back,State,True,4.921502231799292,606
4045,2,36,,TRI,,0,,HUMBOLDT/TRINITY COUNTY LINE,-123.54449929653302,40.46554329072594,1350.0,220,1950,Ahead,State,True,4.921502231799292,606
4181,2,44,,SHA,R,49.353,,LASSEN VOLCANIC NATIONAL PARK,-121.57774337050581,40.544651377611636,1350.0,250,2150,Ahead,State,True,4.921502231799292,606
4057,2,395,,LAS,R,76.927,,WENDEL ROAD,-120.31167862842278,40.37867023062584,1300.0,100,1500,Back,US,True,4.732953670925042,610
4103,2,3,,SIS,R,21,,"ETNA, MAIN STREET",-122.88847947485043,41.46144307876526,1300.0,140,2050,Back,State,True,4.732953670925042,610
4031,2,36,,TEH,,58.18,,PAYNES CREEK,-122.01745044202754,40.31107127670335,1300.0,330,1700,Ahead,State,True,4.732953670925042,610
4073,2,395,,LAS,,72.943,,"LITCHFIELD, COUNTY ROAD A-27",-120.38536086629102,40.381956204731694,1300.0,130,1500,Ahead,US,True,4.732953670925042,610
3843,2,299,,LAS,,10.407,,CEMETERY ROAD,-121.19547147277477,41.08438873700727,1250.0,150,1500,Back,State,True,4.559796829305833,614
3913,2,299,,SHA,,99.361,,SHASTA/LASSEN COUNTY LINE,-121.33155174939166,41.07287172391867,1250.0,130,1550,Back,State,True,4.559796829305833,614
3841,2,299,,LAS,,0,,SHASTA/LASSEN COUNTY LINE,-121.33155174939166,41.07287172391867,1250.0,130,1550,Ahead,State,True,4.559796829305833,614
4041,2,36,,TRI,R,3.324,,LOWER MAD RIV RD 501 RT,-123.49503566477578,40.444389291548255,1200.0,180,1700,Back,State,True,4.386639987686625,617
4376,2,70,,PLU,,33.026,,JCT. RTE. 89 NORTH,-120.98391085089106,40.038682241079975,1200.0,160,1300,Back,State,True,4.386639987686625,617
4135,2,3,,TRI,,37.9,,RUSH CREEK ROAD,-122.89049608756038,40.79517179183772,1150.0,200,1850,Back,State,True,4.194243496998615,619
4195,2,49,,PLU,,7.5,,JCT. RTE. 70,-120.17807998730416,39.80452229440281,1150.0,130,1250,Back,State,True,4.194243496998615,619
4420,2,89,,SHA,,30,,LAKE BRITTON ROAD,-121.62552549888332,41.02667536192915,1150.0,270,1900,Back,State,True,4.194243496998615,619
4422,2,89,,SHA,,38.777,,COUNTY ROAD A 19/McARTHUR ROAD,-121.64707659458905,41.14565361531873,1150.0,350,2200,Back,State,True,4.194243496998615,619
4424,2,89,,SHA,,43.345,,SHASTA/SISKIYOU COUNTY LINE,-121.71807532395512,41.18330369992974,1150.0,210,1450,Back,State,True,4.194243496998615,619
4374,2,70,,PLU,,0,,BUTTE/PLUMAS COUNTY LINE,-121.38735308800483,39.86270360524553,1150.0,190,1600,Ahead,State,True,4.194243496998615,619
4420,2,89,,SHA,,30,,LAKE BRITTON ROAD,-121.62552549888332,41.02667536192915,1150.0,270,1900,Ahead,State,True,4.194243496998615,619
4422,2,89,,SHA,,38.777,,COUNTY ROAD A 19/McARTHUR ROAD,-121.64707659458905,41.14565361531873,1150.0,210,1450,Ahead,State,True,4.194243496998615,619
4428,2,89,,SIS,,0,,SHASTA/SISKIYOU COUNTY LINE,-121.71807532395512,41.18330369992974,1150.0,210,1450,Ahead,State,True,4.194243496998615,619
3738,2,147,,PLU,,7.37,,BIG SPRINGS ROAD,-121.08654349247598,40.27029371013176,1100.0,120,1900,Back,State,True,3.982607357241804,628
3855,2,299,,MOD,,22.435,,CANBY RANGER STA LT,-120.86884769969694,41.44446689999716,1100.0,170,1100,Back,State,True,3.982607357241804,628
4033,2,36,,TEH,,83.142,,"MINERAL, JCT. RTE. 172 SOUTHEAST",-121.59661409642301,40.34760588878054,1100.0,320,1450,Back,State,True,3.982607357241804,628
3849,2,299,,MOD,,0.332,,"ADIN, JCT. RTE. 139, SOUTH",-120.94517874145296,41.18746354734869,1100.0,130,1200,Ahead,State,True,3.982607357241804,628
3911,2,299,,SHA,,96.78,,PITTVILLE ROAD,-121.37702390223684,41.058511013216226,1100.0,150,1300,Ahead,State,True,3.982607357241804,628
4057,2,395,,LAS,R,76.927,,WENDEL ROAD,-120.31167862842278,40.37867023062584,1100.0,60,1250,Ahead,US,True,3.982607357241804,628
4193,2,49,,PLU,,3.92,,DYSON LANE,-120.20920457451983,39.762335849279296,1100.0,130,1350,Ahead,State,True,3.982607357241804,628
3765,2,161,,SIS,,19.361,,JCT. RTE. 139,-121.51952398184518,41.998274911090526,1050.0,150,1450,Back,State,True,3.782515006926274,635
3777,2,265,,SIS,,19.801,,"WEED, JCT. RTE. 97",-122.38734524217955,41.42293109103262,1050.0,140,1350,Back,State,True,3.782515006926274,635
4035,2,36,,TEH,,87.681,,JCT. RTE. 89 NORTH,-121.53581713847994,40.365995547746905,1050.0,180,1450,Back,State,True,3.782515006926274,635
4037,2,36,,TEH,,91.253,,"MORGAN SPRINGS, JCT. RTE. 172 SOUTHWEST",-121.51182314442767,40.36193379962718,1050.0,170,1400,Back,State,True,3.782515006926274,635
4039,2,36,,TEH,,99.935,,JCT. RTE. 32 SOUTHWEST,-121.42121750090445,40.2794030053878,1050.0,150,1450,Back,State,True,3.782515006926274,635
3763,2,161,,SIS,,17.31,,HILL ROAD,-121.5593764745972,41.99868803912988,1050.0,140,1450,Ahead,State,True,3.782515006926274,635
3775,2,263,,SIS,,50.63,,"HAWKINSVILLE, HUMBUG ROAD",-122.62185300370423,41.76086671567992,1050.0,140,1350,Ahead,State,True,3.782515006926274,635
4033,2,36,,TEH,,83.142,,"MINERAL, JCT. RTE. 172 SOUTHEAST",-121.59661409642301,40.34760588878054,1050.0,180,1350,Ahead,State,True,3.782515006926274,635
4035,2,36,,TEH,,87.681,,JCT. RTE. 89 NORTH,-121.53581713847994,40.365995547746905,1050.0,170,1400,Ahead,State,True,3.782515006926274,635
4037,2,36,,TEH,,91.253,,"MORGAN SPRINGS, JCT. RTE. 172 SOUTHWEST",-121.51182314442767,40.36193379962718,1050.0,150,1450,Ahead,State,True,3.782515006926274,635
3763,2,161,,SIS,,17.31,,HILL ROAD,-121.5593764745972,41.99868803912988,1000.0,160,1350,Back,State,True,3.6093581653070648,645
3714,2,139,,MOD,,17.35,,LOOKOUT/HACKMORE ROADS,-121.15310912574643,41.539981588759694,980.0,150,1400,Back,State,True,3.5093119901492997,646
4456,2,96,,SIS,,41.101,,"HAPPY CAMP, MAIN STREET",-123.37831970868031,41.79141243446298,980.0,250,1300,Back,State,True,3.5093119901492997,646
4454,2,96,,SIS,,41.021,,INDIAN CREEK BRIDGE,-123.37954071588247,41.79074741539894,980.0,250,1300,Ahead,State,True,3.5093119901492997,646
3941,2,32,,TEH,R,24.876,,JCT. RTE. 36,-121.42118728157828,40.27938776923091,960.0,650,1650,Back,State,True,3.470832692011698,649
4075,2,395,,MOD,R,20.975,,GLENN STREET,-120.54240250001952,41.479201436656346,930.0,110,1100,Back,US,True,3.397722025550254,650
4410,2,89,,PLU,,36.655,,ALMANOR,-121.19014077555568,40.216900502952434,920.0,110,1000,Back,State,True,3.363090657226412,651
3710,2,139,,MOD,R,0.231,,JCT. RTE. 299,-120.87871101556533,41.437936571384824,920.0,120,1100,Ahead,State,True,3.363090657226412,651
4408,2,89,,PLU,,29.589,,JCT. RTE. 147 NORTH,-121.08065397308161,40.17197790983411,920.0,110,1000,Ahead,State,True,3.363090657226412,651
4446,2,96,,SIS,,103.418,,JCT. RTE. 263 SOUTH,-122.59123744864094,41.832305484282784,920.0,190,1050,Ahead,State,True,3.363090657226412,651
3861,2,299,,MOD,,57.354,,LAKE CITY ROAD,-120.17193006697016,41.5295756211789,900.0,100,1150,Back,State,True,3.286132060951208,655
3704,2,139,,LAS,,2.34,,SUSANVILLE DUMP,-120.62666687037512,40.44452128240131,880.0,120,1100,Back,State,True,3.201477605048484,656
3702,2,139,,LAS,,1.42,,LASSEN COLLEGE,-120.63553174114452,40.43282069162026,880.0,120,1100,Ahead,State,True,3.201477605048484,656
4049,2,36,,TRI,,27.23,,JCT. RTE. 3 NORTH,-123.17510727625903,40.42022769337459,870.0,180,1650,Back,State,True,3.182237955979683,658
3736,2,147,,PLU,,0,,"CANYON DAM, JCT. RTE. 89",-121.0805973154383,40.171976628987174,860.0,120,1150,Ahead,State,True,3.1553024472833617,659
4087,2,395,,MOD,,3.216,,"LIKELY, JESS VALLEY ROAD",-120.50392768514676,41.23059195204136,860.0,70,1100,Ahead,US,True,3.1553024472833617,659
3853,2,299,,MOD,,21.749,,JCT. RTE. 139 NORTH,-120.87871101556533,41.437936571384824,850.0,140,1050,Back,State,True,3.101431429890719,661
3845,2,299,,LAS,,15.101,,LOOKOUT ROAD,-121.12991733981926,41.13347627800064,850.0,90,920,Ahead,State,True,3.101431429890719,661
3851,2,299,,MOD,,0,,LASSEN/MODOC COUNTY LINE,-120.95036211676207,41.18430076369688,850.0,100,960,Ahead,State,True,3.101431429890719,661
3849,2,299,,MOD,,0.332,,"ADIN, JCT. RTE. 139, SOUTH",-120.94517874145296,41.18746354734869,840.0,110,980,Back,State,True,3.047560412498076,664
3734,2,147,,LAS,,1.79,,JCT. RTE. 36,-121.04855085462017,40.310831145267265,820.0,90,930,Back,State,True,2.9744497460366324,665
3732,2,147,,LAS,,1.14,,COUNTY ROAD A-21,-121.04620302857342,40.30188782338816,820.0,90,930,Ahead,State,True,2.9744497460366324,665
3847,2,299,,LAS,,25.635,,LASSEN/MODOC COUNTY LINE,-120.95036211676207,41.18430076369688,810.0,100,960,Back,State,True,2.9282745882715098,667
4446,2,96,,SIS,,103.418,,JCT. RTE. 263 SOUTH,-122.59123744864094,41.832305484282784,810.0,190,1050,Back,State,True,2.9282745882715098,667
4125,2,3,,TRI,L,0,,JCT. RTE. 36,-123.17507215931792,40.42021849497395,800.0,150,1250,Ahead,State,True,2.851315991996306,669
3761,2,161,,SIS,,0.037,,JCT. RTE. 97,-121.89175671489772,42.0000983131885,780.0,,,Back,State,True,2.7628136062798214,670
4087,2,395,,MOD,,3.216,,"LIKELY, JESS VALLEY ROAD",-120.50392768514676,41.23059195204136,770.0,120,1050,Back,US,True,2.7204863783284594,671
4085,2,395,,MOD,,28.285,,JCT. RTE. 299 EAST,-120.45994635658417,41.54017297082182,770.0,100,950,Ahead,US,True,2.7204863783284594,671
3859,2,299,,MOD,,40.64,,"ALTURAS, JCT. RTE. 395",-120.45990778202756,41.540205356709826,750.0,100,950,Ahead,State,True,2.639679852239495,673
4398,2,89,,PLU,,0,,SIERRA/PLUMAS COUNTY LINE,-120.53125981520161,39.706436548309284,740.0,170,1300,Ahead,State,True,2.601200554101893,674
4454,2,96,,SIS,,41.021,,INDIAN CREEK BRIDGE,-123.37954071588247,41.79074741539894,730.0,120,1250,Back,State,True,2.5588733261505308,675
3991,2,36,,SHA,,8.87,,PLATINA ROAD,-122.88783286930553,40.36136634491539,720.0,90,1050,Back,State,True,2.5088502385716485,676
4059,2,395,,LAS,,108.455,,RAVENDALE,-120.3667132226016,40.7991025979594,710.0,80,990,Back,US,True,2.4703709404340466,677
4089,2,395,,MOD,,61.563,,OREGON STATE LINE,-120.29808830484855,41.99300346534654,700.0,80,1600,Back,US,True,2.4088040634138834,678
4059,2,395,,LAS,,108.455,,RAVENDALE,-120.3667132226016,40.7991025979594,700.0,80,990,Ahead,US,True,2.4088040634138834,678
4460,2,96,,SIS,,41.67,,DAVIS ROAD,-123.37455710343465,41.79878499205028,700.0,140,850,Ahead,State,True,2.4088040634138834,678
4193,2,49,,PLU,,3.92,,DYSON LANE,-120.20920457451983,39.762335849279296,690.0,100,830,Back,State,True,2.34338925657996,681
3837,2,284,,PLU,,0,,JCT. RTE. 70,-120.13962511413243,39.79766128814164,690.0,150,980,Ahead,State,True,2.34338925657996,681
4191,2,49,,PLU,,0,,SIERRA/PLUMAS COUNTY LINE,-120.2217965221654,39.70801857514553,690.0,100,860,Ahead,State,True,2.34338925657996,681
4061,2,395,,LAS,,129.195,,"MADELINE, ASH VALLEY ROAD",-120.47446387987219,41.053281493067736,670.0,80,1000,Back,US,True,2.274126519932276,684
4063,2,395,,LAS,,138.979,,LASSEN/MODOC COUNTY LINE,-120.50475093271416,41.18413434463493,670.0,70,870,Back,US,True,2.274126519932276,684
4061,2,395,,LAS,,129.195,,"MADELINE, ASH VALLEY ROAD",-120.47446387987219,41.053281493067736,670.0,70,970,Ahead,US,True,2.274126519932276,684
4077,2,395,,MOD,,0.055,,LASSEN/MODOC COUNTY LINE,-120.50475093271416,41.18413434463493,670.0,70,870,Ahead,US,True,2.274126519932276,684
3991,2,36,,SHA,,8.87,,PLATINA ROAD,-122.88783286930553,40.36136634491539,660.0,80,1050,Ahead,State,True,2.227951362167154,688
4011,2,36,,TEH,,23.2,,BOWMAN ROAD,-122.4923744550935,40.27861552280584,620.0,110,800,Back,State,True,2.074034169616746,689
4135,2,3,,TRI,,37.9,,RUSH CREEK ROAD,-122.89049608756038,40.79517179183772,620.0,90,1050,Ahead,State,True,2.074034169616746,689
4462,2,96,,SIS,,60.757,,SEIAD MAINTENANCE STATION,-123.18813671422772,41.83809307354023,610.0,90,800,Back,State,True,1.993227643527782,691
4444,2,96,,SIS,R,52.509,,THOMPSON CREEK BRIDGE,-123.31057798397187,41.86337833263422,610.0,90,800,Ahead,State,True,1.993227643527782,691
4462,2,96,,SIS,,60.757,,SEIAD MAINTENANCE STATION,-123.18813671422772,41.83809307354023,610.0,90,800,Ahead,State,True,1.993227643527782,691
4041,2,36,,TRI,R,3.324,,LOWER MAD RIV RD 501 RT,-123.49503566477578,40.444389291548255,600.0,110,820,Ahead,State,True,1.95090041557642,694
3706,2,139,,LAS,,61.46,,COUNTY ROAD A-2,-120.9214135168625,41.113429396513126,590.0,110,830,Back,State,True,1.9085731876250578,695
3761,2,161,,SIS,,0.037,,JCT. RTE. 97,-121.89175671489772,42.0000983131885,580.0,80,660,Ahead,State,True,1.8662459596736953,696
4049,2,36,,TRI,,27.23,,JCT. RTE. 3 NORTH,-123.17510727625903,40.42022769337459,580.0,90,700,Ahead,State,True,1.8662459596736953,696
4444,2,96,,SIS,R,52.509,,THOMPSON CREEK BRIDGE,-123.31057798397187,41.86337833263422,570.0,80,610,Back,State,True,1.8277666615360937,698
3704,2,139,,LAS,,2.34,,SUSANVILLE DUMP,-120.62666687037512,40.44452128240131,570.0,100,1200,Ahead,State,True,1.8277666615360937,698
4013,2,36,,TEH,,28.216,,CANNON ROAD,-122.46091652104218,40.22643453847255,550.0,80,600,Back,State,True,1.7661997845159305,700
4011,2,36,,TEH,,23.2,,BOWMAN ROAD,-122.4923744550935,40.27861552280584,550.0,80,630,Ahead,State,True,1.7661997845159305,700
4047,2,36,,TRI,,18.09,,FOREST GLEN MAINTENANCE STATION,-123.30839464933507,40.37248121074798,540.0,90,770,Back,State,True,1.7277204863783284,702
4047,2,36,,TRI,,18.09,,FOREST GLEN MAINTENANCE STATION,-123.30839464933507,40.37248121074798,540.0,90,770,Ahead,State,True,1.7277204863783284,702
4013,2,36,,TEH,,28.216,,CANNON ROAD,-122.46091652104218,40.22643453847255,530.0,90,740,Ahead,State,True,1.681545328613206,704
3989,2,36,,SHA,,11.928,,SHASTA/TEHAMA COUNTY LINE,-122.86464966947585,40.34776220483265,520.0,70,570,Back,State,True,1.646913960289364,705
3993,2,36,,TEH,L,0,,SHASTA/TEHAMA COUNTY LINE,-122.86464966947585,40.34776220483265,520.0,70,570,Ahead,State,True,1.646913960289364,705
4137,2,3,,TRI,,59.64,,TRINITY CENTER STATE HIGHWAY MAINTENANCE STATION,-122.71118870430018,40.9816466330353,500.0,80,770,Back,State,True,1.5853470832692012,707
4141,2,3,,TRI,,67.894,,COFFEE CREEK RD,-122.70703443179404,41.08628463457335,500.0,50,770,Back,State,True,1.5853470832692012,707
4137,2,3,,TRI,,59.64,,TRINITY CENTER STATE HIGHWAY MAINTENANCE STATION,-122.71118870430018,40.9816466330353,500.0,80,660,Ahead,State,True,1.5853470832692012,707
4043,2,36,,TRI,R,41.139,,TRINITY/SHASTA COUNTY LINE,-123.01600803071098,40.38171230259866,480.0,70,650,Back,State,True,1.5083884869939972,710
4464,2,96,,SIS,,71.33,,SCOTT BAR ROAD,-123.03616225243812,41.777659792104245,480.0,50,620,Back,State,True,1.5083884869939972,710
3987,2,36,,SHA,,0,,TRINITY/SHASTA COUNTY LINE,-123.01600803071098,40.38171230259866,480.0,70,650,Ahead,State,True,1.5083884869939972,710
4448,2,96,,SIS,,105.823,,JCT. RTE. 5,-122.57107845775796,41.8580277012595,450.0,60,480,Back,State,True,1.427581960905033,713
4464,2,96,,SIS,,71.33,,SCOTT BAR ROAD,-123.03616225243812,41.777659792104245,450.0,50,580,Ahead,State,True,1.427581960905033,713
4436,2,89,,TEH,,4.403,,JCT. RTE. 44,-121.53425544969787,40.42414618109606,410.0,140,710,Back,State,True,1.2159458211482221,715
4434,2,89,,TEH,R,0.01,,JCT. RTE. 36,-121.53600634793332,40.366279433144655,410.0,140,710,Ahead,State,True,1.2159458211482221,715
3839,2,284,,PLU,,8.302,,FRENCHMAN RESERVOIR,-120.19107713353335,39.89275429279877,390.0,100,580,Back,State,True,1.131291365245498,717
3708,2,139,,LAS,,66.635,,LASSEN/MODOC COUNTY LINE,-120.94415530791777,41.18428058779888,380.0,80,540,Back,State,True,1.0966599969216562,718
3710,2,139,,MOD,R,0.231,,JCT. RTE. 299,-120.87871101556533,41.437936571384824,380.0,80,540,Back,State,True,1.0966599969216562,718
3712,2,139,,MOD,,0,,LASSEN/MODOC COUNTY LINE,-120.94415530791777,41.18428058779888,380.0,80,540,Ahead,State,True,1.0966599969216562,718
4123,2,3,,SIS,,8.8,,CALLAHAN,-122.80138075448343,41.309415163771774,370.0,60,460,Ahead,State,True,1.0620286285978144,721
4452,2,96,,SIS,,38.758,,BENJAMIN CREEK ROAD,-123.40326143613713,41.770164134123526,350.0,50,440,Back,State,True,1.0081576112051718,722
3751,2,151,,SHA,,0,,SHASTA DAM,-122.41588277929331,40.71210765761728,300.0,90,420,Ahead,State,True,0.8350007695859628,723
4452,2,96,,SIS,,38.758,,BENJAMIN CREEK ROAD,-123.40326143613713,41.770164134123526,300.0,50,950,Ahead,State,True,0.8350007695859628,723
3861,2,299,,MOD,,57.354,,LAKE CITY ROAD,-120.17193006697016,41.5295756211789,290.0,40,360,Ahead,State,True,0.7464983838694783,725
3753,2,151,,SHA,,3.781,,LAKE BOULEVARD,-122.40276677427394,40.69122738740834,270.0,70,340,Back,State,True,0.6926273664768354,726
4123,2,3,,SIS,,8.8,,CALLAHAN,-122.80138075448343,41.309415163771774,260.0,40,320,Back,State,True,0.6733877174080345,727
4121,2,3,,SIS,,6.955,,GAZELLE ROAD,-122.76909719682078,41.310368531687935,260.0,40,320,Ahead,State,True,0.6733877174080345,727
3706,2,139,,LAS,,61.46,,COUNTY ROAD A-2,-120.9214135168625,41.113429396513126,230.0,50,320,Ahead,State,True,0.6156687702016315,729
4141,2,3,,TRI,,67.894,,COFFEE CREEK RD,-122.70703443179404,41.08628463457335,220.0,40,470,Ahead,State,True,0.565645682622749,730
3769,2,172,,TEH,,5.77,,MILL CREEK,-121.5267704990027,40.323868029468386,180.0,40,290,Back,State,True,0.4348160689549022,731
3767,2,172,,TEH,,0,,"MINERAL, JCT. RTE. 36",-121.59655441954203,40.34758921521123,180.0,40,290,Ahead,State,True,0.4348160689549022,731
3771,2,172,,TEH,,8.917,,"MORGAN SPRINGS, JCT. RTE. 36",-121.51182314442767,40.36193379962718,160.0,40,240,Back,State,True,0.3386178236108973,733
4129,2,3,,TRI,R,79.501,,U. S. FOREST SERVICE ROAD,-122.64582261208986,41.23427189141379,160.0,30,250,Back,State,True,0.3386178236108973,733
3769,2,172,,TEH,,5.77,,MILL CREEK,-121.5267704990027,40.323868029468386,160.0,40,240,Ahead,State,True,0.3386178236108973,733
4129,2,3,,TRI,R,79.501,,U. S. FOREST SERVICE ROAD,-122.64582261208986,41.23427189141379,150.0,30,230,Ahead,State,True,0.30013852547329534,736
4121,2,3,,SIS,,6.955,,GAZELLE ROAD,-122.76909719682078,41.310368531687935,140.0,30,180,Back,State,True,0.22702785901185163,737
4131,2,3,,TRI,T,85.068,,TRINITY/SISKIYOU COUNTY LINE,-122.69761899257013,41.275645059274936,140.0,30,180,Back,State,True,0.22702785901185163,737
4109,2,3,,SIS,,0.408,,TRINITY/SISKIYOU COUNTY LINE,-122.69761899257013,41.275645059274936,140.0,30,180,Ahead,State,True,0.22702785901185163,737
3863,2,299,,MOD,,66.632,,NEVADA STATE LINE,-119.99916537623226,41.55758091067481,95.0,20,130,Back,State,True,0.08465445590272433,740
4440,2,96,,SIS,R,0.72,,"ETNA, SOMES BAR ROAD",-123.4933792360706,41.38571193625012,85.0,20,120,Back,State,True,0.05002308757888256,741
4450,2,96,,SIS,,23.268,,SWILLUP CREEK BRIDGE,-123.50144402053556,41.608382684821066,85.0,20,120,Back,State,True,0.05002308757888256,741
4438,2,96,,SIS,R,0.55,,ISHI PISHI ROAD,-123.49336522684372,41.383302069942744,85.0,20,120,Ahead,State,True,0.05002308757888256,741
4440,2,96,,SIS,R,0.72,,"ETNA, SOMES BAR ROAD",-123.4933792360706,41.38571193625012,85.0,20,120,Ahead,State,True,0.05002308757888256,741
4438,2,96,,SIS,R,0.55,,ISHI PISHI ROAD,-123.49336522684372,41.383302069942744,80.0,20,110,Back,State,True,0.02693550869632138,745
4442,2,96,,SIS,R,0,,HUMBOLDT/SISKIYOU COUNTY LINE,-123.48819972351718,41.37714073418253,80.0,20,110,Ahead,State,True,0.02693550869632138,745
4450,2,96,,SIS,,23.268,,SWILLUP CREEK BRIDGE,-123.50144402053556,41.608382684821066,70.0,20,90,Ahead,State,True,0.011543789441280592,747
5800,3,80,,SAC,R,10.989,,JCT. RTE. 51,-121.37705579242943,38.64617628803194,228000.0,18400,236000,Ahead,Interstate,True,95.46713867939049,1
5802,3,80,,SAC,,12.476,,MADISON AVENUE,-121.35983294325597,38.66102194052793,223000.0,18600,232000,Back,Interstate,True,94.85916576881638,2
5350,3,50,,SAC,R,0,,JCT. RTES. 51/99,-121.47353722190296,38.55869182961943,205000.0,11800,207000,Back,US,True,92.23487763583192,3
5346,3,50,,SAC,L,1.37,,"SACRAMENTO, JCT. RTE. 160 15TH/16TH STREETS",-121.49304676676813,38.563485225095356,205000.0,11800,207000,Ahead,US,True,92.23487763583192,3
5350,3,50,,SAC,R,0,,JCT. RTES. 51/99,-121.47353722190296,38.55869182961943,205000.0,11800,207000,Ahead,US,True,92.23487763583192,3
5354,3,50,,SAC,R,2.131,,"SACRAMENTO, 59TH STREET",-121.43662078462215,38.5530962111125,203000.0,19000,221000,Back,US,True,91.9385870401724,6
5348,3,50,,SAC,R,0.6,,"SACRAMENTO, STOCKTON BOULEVARD",-121.4627141549682,38.560748001021274,203000.0,19000,221000,Ahead,US,True,91.9385870401724,6
5712,3,80,,PLA,,0.268,,"ROSEVILLE, RIVERSIDE DRIVE",-121.29041436484768,38.72456216765917,202000.0,19900,212000,Back,Interstate,True,91.71155918116054,8
5804,3,80,,SAC,,14.454,,GREENBACK LANE,-121.33626437066094,38.68268600080499,202000.0,17300,208000,Back,Interstate,True,91.71155918116054,8
5806,3,80,,SAC,,16.685,,ANTELOPE ROAD,-121.3093094836181,38.70738879320626,202000.0,18800,212000,Back,Interstate,True,91.71155918116054,8
5808,3,80,,SAC,,18,,SACRAMENTO/PLACER COUNTY LINE,-121.29351875292511,38.7217405045822,202000.0,19900,212000,Back,Interstate,True,91.71155918116054,8
5714,3,80,,PLA,,0,,SACRAMENTO/PLACER COUNTY LINE,-121.29351875292511,38.7217405045822,202000.0,19900,212000,Ahead,Interstate,True,91.71155918116054,8
5802,3,80,,SAC,,12.476,,MADISON AVENUE,-121.35983294325597,38.66102194052793,202000.0,17300,208000,Ahead,Interstate,True,91.71155918116054,8
5804,3,80,,SAC,,14.454,,GREENBACK LANE,-121.33626437066094,38.68268600080499,202000.0,18800,212000,Ahead,Interstate,True,91.71155918116054,8
5806,3,80,,SAC,,16.685,,ANTELOPE ROAD,-121.3093094836181,38.70738879320626,202000.0,19900,212000,Ahead,Interstate,True,91.71155918116054,8
5493,3,5,,SAC,,25.34,,"SACRAMENTO, GARDEN HIGHWAY",-121.50789018626479,38.606443239212794,197000.0,16000,207000,Back,Interstate,True,91.06510697244882,16
5491,3,5,,SAC,,24.645,,"SACRAMENTO, RICHARDS BOULEVARD",-121.50377688951203,38.596813827611406,197000.0,16000,207000,Ahead,Interstate,True,91.06510697244882,16
5948,3,99,,SAC,R,24.351,,JCT. RTES. 50/51/5 - BREAK IN RTE,-121.47340102472945,38.55882676068821,194000.0,14500,209000,Back,State,True,90.72648914883793,18
5346,3,50,,SAC,L,1.37,,"SACRAMENTO, JCT. RTE. 160 15TH/16TH STREETS",-121.49304676676813,38.563485225095356,193000.0,12900,213000,Back,US,True,90.6033553947976,19
5344,3,50,,SAC,L,1.06,,"SACRAMENTO, 9TH/10TH STREETS  (RIVERSIDE BOULEVARD)",-121.49840672570926,38.564896643445415,193000.0,12900,213000,Ahead,US,True,90.6033553947976,19
5495,3,5,,SAC,,25.972,,"SACRAMENTO, WEST EL CAMINO AVENUE",-121.51218577184997,38.6147956379234,192000.0,15100,199000,Back,Interstate,True,90.43404648299214,21
5493,3,5,,SAC,,25.34,,"SACRAMENTO, GARDEN HIGHWAY",-121.50789018626479,38.606443239212794,192000.0,15100,199000,Ahead,Interstate,True,90.43404648299214,21
5348,3,50,,SAC,R,0.6,,"SACRAMENTO, STOCKTON BOULEVARD",-121.4627141549682,38.560748001021274,190000.0,14900,229000,Back,US,True,90.18393104509774,23
5794,3,80,,SAC,M,7.634,,"SACRAMENTO, RALEY BOULEVARD",-121.42915750398657,38.64268652592578,190000.0,16700,252000,Back,Interstate,True,90.18393104509774,23
5792,3,80,,SAC,M,6.116,,"SACRAMENTO, NORWOOD AVENUE",-121.45692745943617,38.64125089180018,190000.0,16700,252000,Ahead,Interstate,True,90.18393104509774,23
5356,3,50,,SAC,R,2.628,,"SACRAMENTO, 65TH STREET",-121.4280965738731,38.55052647579568,188000.0,22000,226000,Back,US,True,89.98383869478221,26
5358,3,50,,SAC,R,3.473,,"SACRAMENTO, STATE COLLEGE",-121.41292659341445,38.55279315453782,188000.0,21900,218000,Back,US,True,89.98383869478221,26
5487,3,5,,SAC,,23.177,,"SACRAMENTO, P/Q STREETS",-121.50770658589208,38.57674961701426,188000.0,12700,206000,Back,Interstate,True,89.98383869478221,26
5354,3,50,,SAC,R,2.131,,"SACRAMENTO, 59TH STREET",-121.43662078462215,38.5530962111125,188000.0,22000,226000,Ahead,US,True,89.98383869478221,26
5356,3,50,,SAC,R,2.628,,"SACRAMENTO, 65TH STREET",-121.4280965738731,38.55052647579568,188000.0,21900,218000,Ahead,US,True,89.98383869478221,26
5485,3,5,,SAC,,22.565,,"SACRAMENTO, JCT. RTE. 50",-121.51070899991336,38.56836528344248,188000.0,12700,206000,Ahead,Interstate,True,89.98383869478221,26
5491,3,5,,SAC,,24.645,,"SACRAMENTO, RICHARDS BOULEVARD",-121.50377688951203,38.596813827611406,185000.0,14200,194000,Back,Interstate,True,89.33738648607049,32
5489,3,5,,SAC,,23.799,,"SACRAMENTO, I STREET",-121.50273133136969,38.584726499878364,185000.0,14200,194000,Ahead,Interstate,True,89.33738648607049,32
5344,3,50,,SAC,L,1.06,,"SACRAMENTO, 9TH/10TH STREETS  (RIVERSIDE BOULEVARD)",-121.49840672570926,38.564896643445415,184000.0,14600,202000,Back,US,True,89.06033553947977,34
5716,3,80,,PLA,,1.975,,"ROSEVILLE, DOUGLAS BOULEVARD",-121.27062174287019,38.74408990039309,184000.0,15200,205000,Back,Interstate,True,89.06033553947977,34
5340,3,50,,SAC,L,0.35,,"SACRAMENTO, JCT. RTE. 5",-121.51101788023392,38.56824994792895,184000.0,14600,202000,Ahead,US,True,89.06033553947977,34
5712,3,80,,PLA,,0.268,,"ROSEVILLE, RIVERSIDE DRIVE",-121.29041436484768,38.72456216765917,184000.0,15200,205000,Ahead,Interstate,True,89.06033553947977,34
5738,3,80,,PLA,,3.07,,"ROSEVILLE, ATLANTIC STREET",-121.26145448390479,38.75810025021928,182000.0,15900,211000,Back,Interstate,True,88.64860704940742,38
5716,3,80,,PLA,,1.975,,"ROSEVILLE, DOUGLAS BOULEVARD",-121.27062174287019,38.74408990039309,182000.0,15900,211000,Ahead,Interstate,True,88.64860704940742,38
5405,3,51,,SAC,,4.743,,"SACRAMENTO, EL CAMINO AVENUE",-121.42653804356755,38.61120236578128,181000.0,18200,211000,Back,State,True,88.4369709096506,40
5407,3,51,,SAC,,5.498,,"SACRAMENTO, MARCONI AVENUE",-121.41952227935201,38.62001556923338,181000.0,18200,192000,Back,State,True,88.4369709096506,40
5740,3,80,,PLA,,3.661,,"ROSEVILLE, TAYLOR ROAD",-121.25589483576418,38.76532980619297,181000.0,13800,190000,Back,Interstate,True,88.4369709096506,40
5405,3,51,,SAC,,4.743,,"SACRAMENTO, EL CAMINO AVENUE",-121.42653804356755,38.61120236578128,181000.0,18200,192000,Ahead,State,True,88.4369709096506,40
5738,3,80,,PLA,,3.07,,"ROSEVILLE, ATLANTIC STREET",-121.26145448390479,38.75810025021928,181000.0,15600,190000,Ahead,Interstate,True,88.4369709096506,40
5988,3,99,,SAC,,23.128,,"SACRAMENTO, 12TH AVENUE",-121.47370619051631,38.54117290976123,181000.0,14000,209000,Ahead,State,True,88.4369709096506,40
5366,3,50,,SAC,R,9.505,,MATHER FIELD ROAD,-121.30792994712446,38.57842363296307,177000.0,13800,183000,Back,US,True,87.49422810527936,46
5364,3,50,,SAC,R,7.746,,BRADSHAW ROAD,-121.33636521283981,38.5658200031945,177000.0,13800,183000,Ahead,US,True,87.49422810527936,46
5497,3,5,,SAC,,26.722,,"SACRAMENTO, JCT. RTE. 80",-121.51702927046964,38.625030914802956,176000.0,14200,205000,Ahead,Interstate,True,87.33261505310143,48
5792,3,80,,SAC,M,6.116,,"SACRAMENTO, NORWOOD AVENUE",-121.45692745943617,38.64125089180018,174000.0,15000,193000,Back,Interstate,True,86.94782207172541,49
5790,3,80,,SAC,M,4.983,,NORTHGATE BOULEVARD,-121.47774849251385,38.640552927455964,174000.0,15000,193000,Ahead,Interstate,True,86.94782207172541,49
5352,3,50,,SAC,R,10.919,,ZINFANDEL DRIVE,-121.2874879267399,38.59080654963323,173000.0,17800,223000,Back,US,True,86.78620901954748,51
5366,3,50,,SAC,R,9.505,,MATHER FIELD ROAD,-121.30792994712446,38.57842363296307,173000.0,17800,223000,Ahead,US,True,86.78620901954748,51
5497,3,5,,SAC,,26.722,,"SACRAMENTO, JCT. RTE. 80",-121.51702927046964,38.625030914802956,170000.0,14700,209000,Back,Interstate,True,86.37063259966138,53
5988,3,99,,SAC,,23.128,,"SACRAMENTO, 12TH AVENUE",-121.47370619051631,38.54117290976123,170000.0,13300,195000,Back,State,True,86.37063259966138,53
5495,3,5,,SAC,,25.972,,"SACRAMENTO, WEST EL CAMINO AVENUE",-121.51218577184997,38.6147956379234,170000.0,14700,209000,Ahead,Interstate,True,86.37063259966138,53
5986,3,99,,SAC,,21.944,,"SACRAMENTO, FRUITRIDGE ROAD",-121.46752785826652,38.52493715036636,170000.0,13300,195000,Ahead,State,True,86.37063259966138,53
5489,3,5,,SAC,,23.799,,"SACRAMENTO, I STREET",-121.50273133136969,38.584726499878364,169000.0,13700,195000,Back,Interstate,True,86.1859319686009,57
5487,3,5,,SAC,,23.177,,"SACRAMENTO, P/Q STREETS",-121.50770658589208,38.57674961701426,169000.0,13700,195000,Ahead,Interstate,True,86.1859319686009,57
5364,3,50,,SAC,R,7.746,,BRADSHAW ROAD,-121.33636521283981,38.5658200031945,168000.0,13900,170000,Back,US,True,86.02816684623672,59
5788,3,80,,SAC,M,3.643,,TRUXEL ROAD,-121.50034557126509,38.63366240228268,168000.0,14100,182000,Back,Interstate,True,86.02816684623672,59
5362,3,50,,SAC,R,5.336,,"SACRAMENTO, WATT AVENUE",-121.37932983445205,38.55863854552804,168000.0,13900,170000,Ahead,US,True,86.02816684623672,59
5786,3,80,,SAC,M,2.554,,"SACRAMENTO, JCT. RTE. 5",-121.51709410547694,38.62482612866733,168000.0,14100,182000,Ahead,Interstate,True,86.02816684623672,59
5360,3,50,,SAC,R,3.674,,JCT. RTE. 16,-121.409355761414,38.55358694873883,167000.0,18600,188000,Back,US,True,85.80883484685239,63
5362,3,50,,SAC,R,5.336,,"SACRAMENTO, WATT AVENUE",-121.37932983445205,38.55863854552804,167000.0,15500,185000,Back,US,True,85.80883484685239,63
5358,3,50,,SAC,R,3.473,,"SACRAMENTO, STATE COLLEGE",-121.41292659341445,38.55279315453782,167000.0,18600,188000,Ahead,US,True,85.80883484685239,63
5360,3,50,,SAC,R,3.674,,JCT. RTE. 16,-121.409355761414,38.55358694873883,167000.0,15700,185000,Ahead,US,True,85.80883484685239,63
5396,3,51,,SAC,,1.204,,"SACRAMENTO, H STREET",-121.4662195276322,38.575299692997085,166000.0,11600,176000,Back,State,True,85.65876558411574,67
5392,3,51,,SAC,,0.241,,"SACRAMENTO,VIADUCT (P/N STREET RAMPS)",-121.47194860432357,38.5620830046434,166000.0,11600,176000,Ahead,State,True,85.65876558411574,67
5404,3,51,,SAC,,4.061,R,"SACRAMENTO, ARDEN WAY",-121.43467589340449,38.60324091126802,165000.0,11900,187000,Back,State,True,85.53178390026166,69
5750,3,80,,PLA,,4.16,,JCT. RTE. 65,-121.2486636007463,38.76983314212117,165000.0,14300,170000,Back,Interstate,True,85.53178390026166,69
5740,3,80,,PLA,,3.661,,"ROSEVILLE, TAYLOR ROAD",-121.25589483576418,38.76532980619297,165000.0,14300,170000,Ahead,Interstate,True,85.53178390026166,69
5485,3,5,,SAC,,22.565,,"SACRAMENTO, JCT. RTE. 50",-121.51070899991336,38.56836528344248,163000.0,10500,167000,Back,Interstate,True,85.3047560412498,72
5404,3,51,,SAC,,4.061,R,"SACRAMENTO, ARDEN WAY",-121.43467589340449,38.60324091126802,163000.0,11900,169000,Ahead,State,True,85.3047560412498,72
5483,3,5,,SAC,,20.534,,"SACRAMENTO, SUTTERVILLE ROAD",-121.51070642174851,38.540665437847814,163000.0,10500,167000,Ahead,Interstate,True,85.3047560412498,72
5796,3,80,,SAC,M,8.669,,"SACRAMENTO, WINTERS STREET",-121.41175170392235,38.637243600079856,162000.0,13700,170000,Back,Interstate,True,85.03924888410035,75
5976,3,99,,SAC,,17.656,,"SACRAMENTO, MACK ROAD",-121.42271540750473,38.474286624305876,162000.0,10200,168000,Back,State,True,85.03924888410035,75
5794,3,80,,SAC,M,7.634,,"SACRAMENTO, RALEY BOULEVARD",-121.42915750398657,38.64268652592578,162000.0,13700,170000,Ahead,Interstate,True,85.03924888410035,75
5974,3,99,,SAC,,17.242,,"SACRAMENTO, STOCKTON BOULEVARD",-121.41800350398934,38.46984347530085,162000.0,10200,168000,Ahead,State,True,85.03924888410035,75
5398,3,51,,SAC,,1.444,,"SACRAMENTO, E STREET",-121.46479990292072,38.578565166163116,160000.0,11500,165000,Back,State,True,84.75065414806834,79
5396,3,51,,SAC,,1.204,,"SACRAMENTO, H STREET",-121.4662195276322,38.575299692997085,160000.0,11500,165000,Ahead,State,True,84.75065414806834,79
5499,3,5,,SAC,,29.022,,"SACRAMENTO, DEL PASO ROAD",-121.5329781316021,38.65587089564786,158000.0,11300,168000,Back,Interstate,True,84.44666769278129,81
5784,3,80,,SAC,M,10.361,,WATT AVENUE,-121.38328176772865,38.644920734575386,157000.0,12900,165000,Back,Interstate,True,84.20040018470063,82
5798,3,80,,SAC,M,9.401,,"SACRAMENTO, LONGVIEW DRIVE",-121.39904157840957,38.639660019673926,157000.0,13100,165000,Ahead,Interstate,True,84.20040018470063,82
5483,3,5,,SAC,,20.534,,"SACRAMENTO, SUTTERVILLE ROAD",-121.51070642174851,38.540665437847814,156000.0,10400,180000,Back,Interstate,True,84.0195474834539,84
5479,3,5,,SAC,,19.304,,"SACRAMENTO, SEAMAS AVENUE",-121.5212611960439,38.52537062569758,156000.0,10400,180000,Ahead,Interstate,True,84.0195474834539,84
5986,3,99,,SAC,,21.944,,"SACRAMENTO, FRUITRIDGE ROAD",-121.46752785826652,38.52493715036636,155000.0,13400,172000,Back,State,True,83.80021548406957,86
5984,3,99,,SAC,,21.573,,MARTIN LUTHER KING JR. BOULEVARD,-121.46496894699257,38.52012069184257,155000.0,13400,175000,Ahead,State,True,83.80021548406957,86
5800,3,80,,SAC,R,10.989,,JCT. RTE. 51,-121.37705579242943,38.64617628803194,153000.0,14600,160000,Back,Interstate,True,83.50392488841003,88
5407,3,51,,SAC,,5.498,,"SACRAMENTO, MARCONI AVENUE",-121.41952227935201,38.62001556923338,153000.0,15200,163000,Ahead,State,True,83.50392488841003,88
5830,3,80,,YOL,,9.179,,"YOLO CAUSEWAY , WEST CAPITOL AVENUE",-121.57777303826639,38.57413933071314,150000.0,11300,172000,Back,Interstate,True,82.81899338156073,90
5828,3,80,,YOL,,5.781,,WEBSTER  (ROAD 32/CHILES ROAD),-121.63884999299867,38.56330975894519,150000.0,11300,172000,Ahead,Interstate,True,82.81899338156073,90
5501,3,5,,SAC,,29.907,,"SACRAMENTO, JCT. RTE. 99 NORTH",-121.54014489093882,38.667560713766605,149000.0,10500,156000,Back,Interstate,True,82.55348622441126,92
5499,3,5,,SAC,,29.022,,"SACRAMENTO, DEL PASO ROAD",-121.5329781316021,38.65587089564786,149000.0,10500,156000,Ahead,Interstate,True,82.55348622441126,92
5403,3,51,,SAC,,3.688,R,"SACRAMENTO, JCT. RTE. 160 WEST, RIGHT ALIGN",-121.43965562782519,38.60011293224909,147000.0,11400,163000,Ahead,State,True,82.17638910266277,94
5413,3,51,,SAC,,6.788,,"SACRAMENTO, FULTON AVENUE",-121.40145204577777,38.630739023321695,147000.0,11500,150000,Ahead,State,True,82.17638910266277,94
5784,3,80,,SAC,M,10.361,,WATT AVENUE,-121.38328176772865,38.644920734575386,147000.0,14600,160000,Ahead,Interstate,True,82.17638910266277,94
5984,3,99,,SAC,,21.573,,MARTIN LUTHER KING JR. BOULEVARD,-121.46496894699257,38.52012069184257,145000.0,10800,158000,Back,State,True,81.83392334923812,97
5982,3,99,,SAC,,20.859,,47TH AVENUE,-121.4598018311901,38.51042549507247,145000.0,10800,158000,Ahead,State,True,81.83392334923812,97
5368,3,50,,SAC,,12.496,,SUNRISE BOULEVARD,-121.27050034813594,38.608871447432485,143000.0,12400,149000,Back,US,True,81.6222872094813,99
5352,3,50,,SAC,R,10.919,,ZINFANDEL DRIVE,-121.2874879267399,38.59080654963323,143000.0,12400,149000,Ahead,US,True,81.6222872094813,99
5974,3,99,,SAC,,17.242,,"SACRAMENTO, STOCKTON BOULEVARD",-121.41800350398934,38.46984347530085,142000.0,10000,147000,Back,State,True,81.44528243804832,101
5796,3,80,,SAC,M,8.669,,"SACRAMENTO, WINTERS STREET",-121.41175170392235,38.637243600079856,142000.0,17000,147000,Ahead,Interstate,True,81.44528243804832,101
5972,3,99,,SAC,,16.28,,DULUTH AVENUE,-121.41055606244886,38.457107484749905,142000.0,10000,147000,Ahead,State,True,81.44528243804832,101
5411,3,51,,SAC,,6.213,,"SACRAMENTO, BELL STREET CONNECTION",-121.4107204092301,38.62671671019998,140000.0,10700,145000,Back,State,True,81.14514391257504,104
5409,3,51,,SAC,,5.963,,"SACRAMENTO, HOWE AVENUE CONNECTION",-121.41507701916913,38.62490185731472,140000.0,10700,145000,Ahead,State,True,81.14514391257504,104
5409,3,51,,SAC,,5.963,,"SACRAMENTO, HOWE AVENUE CONNECTION",-121.41507701916913,38.62490185731472,138000.0,10700,145000,Back,State,True,80.78728643989534,106
5479,3,5,,SAC,,19.304,,"SACRAMENTO, SEAMAS AVENUE",-121.5212611960439,38.52537062569758,136000.0,10200,154000,Back,Interstate,True,80.47560412498076,107
5798,3,80,,SAC,M,9.401,,"SACRAMENTO, LONGVIEW DRIVE",-121.39904157840957,38.639660019673926,136000.0,15300,162000,Back,Interstate,True,80.47560412498076,107
5477,3,5,,SAC,,18.651,,"SACRAMENTO, 43RD AVENUE",-121.52188774939499,38.51597050967484,136000.0,10100,154000,Ahead,Interstate,True,80.47560412498076,107
5964,3,99,,SAC,,13.838,,LAGUNA BOULEVARD/ BOND ROAD,-121.3953464797609,38.423799163989244,135000.0,11100,144000,Ahead,State,True,80.29090349392027,110
5415,3,51,,SAC,,7.701,,"SACRAMENTO, AUBURN BOULEVARD",-121.38641073640714,38.63677750625903,134000.0,10200,137000,Back,State,True,80.15237802062491,111
5826,3,80,,YOL,,2.68,,"DAVIS, MACE BOULEVARD  (COUNTY ROAD 104)",-121.69434644520103,38.55247229000372,133000.0,11400,153000,Ahead,Interstate,True,80.0177004771433,112
5413,3,51,,SAC,,6.788,,"SACRAMENTO, FULTON AVENUE",-121.40145204577777,38.630739023321695,132000.0,10400,137000,Back,State,True,79.813760197014,113
5411,3,51,,SAC,,6.213,,"SACRAMENTO, BELL STREET CONNECTION",-121.4107204092301,38.62671671019998,132000.0,10400,137000,Ahead,State,True,79.813760197014,113
5501,3,5,,SAC,,29.907,,"SACRAMENTO, JCT. RTE. 99 NORTH",-121.54014489093882,38.667560713766605,132000.0,10000,136000,Ahead,Interstate,True,79.813760197014,113
5828,3,80,,YOL,,5.781,,WEBSTER  (ROAD 32/CHILES ROAD),-121.63884999299867,38.56330975894519,131000.0,11400,153000,Back,Interstate,True,79.67908265353239,116
5403,3,51,,SAC,,3.688,R,"SACRAMENTO, JCT. RTE. 160 WEST, RIGHT ALIGN",-121.43965562782519,38.60011293224909,128000.0,8900,143000,Back,State,True,79.35585654917654,117
5400,3,51,,SAC,,3.357,,"SACRAMENTO, EXPOSITION BOULEVARD",-121.44349556454208,38.596912784028724,128000.0,8900,143000,Ahead,State,True,79.35585654917654,117
5966,3,99,,SAC,,14.869,,SHELDON ROAD,-121.40165404813908,38.43782218678881,125000.0,11100,144000,Back,State,True,78.79021086655379,119
5417,3,51,,SAC,,7.969,,"SACRAMENTO, WATT AVENUE",-121.38316853059551,38.63975321949513,124000.0,9400,127000,Back,State,True,78.62090195474835,120
5826,3,80,,YOL,,2.68,,"DAVIS, MACE BOULEVARD  (COUNTY ROAD 104)",-121.69434644520103,38.55247229000372,124000.0,10800,144000,Back,Interstate,True,78.62090195474835,120
5415,3,51,,SAC,,7.701,,"SACRAMENTO, AUBURN BOULEVARD",-121.38641073640714,38.63677750625903,124000.0,9400,127000,Ahead,State,True,78.62090195474835,120
5563,3,65,,PLA,R,5.926,,"ROSEVILLE, GALLERIA BOULEVARD",-121.26578910398399,38.77750994787724,123000.0,9400,127000,Back,State,True,78.42080960443282,123
5561,3,65,,PLA,R,4.863,,"ROSEVILLE, JCT. RTE. 80",-121.24863335357234,38.76996350022002,123000.0,9400,127000,Ahead,State,True,78.42080960443282,123
5503,3,5,,SAC,,32.734,,"SACRAMENTO, AIRPORT BOULEVARD",-121.59107314851168,38.67137523002201,122000.0,90000,129000,Back,Interstate,True,78.21302139448977,125
5400,3,51,,SAC,,3.357,,"SACRAMENTO, EXPOSITION BOULEVARD",-121.44349556454208,38.596912784028724,121000.0,10100,141000,Back,State,True,78.03216869324304,126
5398,3,51,,SAC,,1.444,,"SACRAMENTO, E STREET",-121.46479990292072,38.578565166163116,121000.0,10100,141000,Ahead,State,True,78.03216869324304,126
5790,3,80,,SAC,M,4.983,,NORTHGATE BOULEVARD,-121.47774849251385,38.640552927455964,120000.0,11600,158000,Back,Interstate,True,77.74357395721103,128
5788,3,80,,SAC,M,3.643,,TRUXEL ROAD,-121.50034557126509,38.63366240228268,120000.0,11600,158000,Ahead,Interstate,True,77.74357395721103,128
5419,3,51,,SAC,,8.86,,JCT. RTE. 80 WEST,-121.37420730024051,38.64768105032867,118000.0,8700,122000,Back,State,True,77.36647683546252,130
5417,3,51,,SAC,,7.969,,"SACRAMENTO, WATT AVENUE",-121.38316853059551,38.63975321949513,118000.0,8700,122000,Ahead,State,True,77.36647683546252,130
5824,3,80,,YOL,,0,,SOLANO/YOLO COUNTY LINE,-121.73840897338046,38.537592364984576,118000.0,11200,140000,Ahead,Interstate,True,77.36647683546252,130
5964,3,99,,SAC,,13.838,,LAGUNA BOULEVARD/ BOND ROAD,-121.3953464797609,38.423799163989244,113000.0,8500,125000,Back,State,True,76.37755887332615,133
5968,3,99,,SAC,,15.55,,JACINTO ROAD,-121.40580113412294,38.447170978038855,113000.0,10200,143000,Back,State,True,76.37755887332615,133
5970,3,99,,SAC,,15.9,,CALVINE ROAD,-121.40805092881939,38.451942391353484,113000.0,10200,143000,Back,State,True,76.37755887332615,133
5962,3,99,,SAC,,12.761,,ELK GROVE BOULEVARD,-121.38860179116548,38.4090989191394,113000.0,8500,125000,Ahead,State,True,76.37755887332615,133
5966,3,99,,SAC,,14.869,,SHELDON ROAD,-121.40165404813908,38.43782218678881,113000.0,10200,143000,Ahead,State,True,76.37755887332615,133
5968,3,99,,SAC,,15.55,,JACINTO ROAD,-121.40580113412294,38.447170978038855,113000.0,10200,143000,Ahead,State,True,76.37755887332615,133
5970,3,99,,SAC,,15.9,,CALVINE ROAD,-121.40805092881939,38.451942391353484,113000.0,10200,143000,Ahead,State,True,76.37755887332615,133
5972,3,99,,SAC,,16.28,,DULUTH AVENUE,-121.41055606244886,38.457107484749905,111000.0,8100,119000,Back,State,True,75.93119901492997,140
5477,3,5,,SAC,,18.651,,"SACRAMENTO, 43RD AVENUE",-121.52188774939499,38.51597050967484,110000.0,8700,122000,Back,Interstate,True,75.73110666461443,141
5475,3,5,,SAC,,17.185,,"SACRAMENTO, FLORIN ROAD",-121.51640951916185,38.49553833068189,110000.0,8700,122000,Ahead,Interstate,True,75.73110666461443,141
5402,3,51,,SAC,,3.688,L,"SACRAMENTO, JCT. RTE. 160 WEST, LEFT ALIGN",-121.4396857564215,38.60026420084368,109000.0,10900,121000,Ahead,State,True,75.54640603355395,143
5402,3,51,,SAC,,3.688,L,"SACRAMENTO, JCT. RTE. 160 WEST, LEFT ALIGN",-121.4396857564215,38.60026420084368,108000.0,10200,123000,Back,State,True,75.39248884100354,144
5786,3,80,,SAC,M,2.554,,"SACRAMENTO, JCT. RTE. 5",-121.51709410547694,38.62482612866733,108000.0,12700,158000,Back,Interstate,True,75.39248884100354,144
5782,3,80,,SAC,M,1.355,,WEST EL CAMINO AVENUE,-121.53521760285935,38.615190983867286,108000.0,12700,158000,Ahead,Interstate,True,75.39248884100354,144
5820,3,80,,YOL,,0.237,,RICHARDS BOULEVARD,-121.73541867853066,38.54009820096571,106000.0,10800,142000,Back,Interstate,True,75.08465445590272,147
5372,3,50,,SAC,,16.1,,AEROJET ROAD,-121.21154885946822,38.633640521171614,103000.0,11400,131000,Back,US,True,74.54979221179005,148
5475,3,5,,SAC,,17.185,,"SACRAMENTO, FLORIN ROAD",-121.51640951916185,38.49553833068189,103000.0,8300,115000,Back,Interstate,True,74.54979221179005,148
5370,3,50,,SAC,,15.759,,NIMBUS ROAD,-121.21697619924217,38.63078246871353,103000.0,11400,131000,Ahead,US,True,74.54979221179005,148
5473,3,5,,SAC,,16.147,,"SACRAMENTO, POCKET/MEADOWVIEW ROADS",-121.51043513322765,38.48124127982173,103000.0,8300,115000,Ahead,Interstate,True,74.54979221179005,148
5822,3,80,,YOL,,0.84,,"DAVIS, OLIVE AVENUE (WESTBOUND OFF RAMP TO DAVIS)",-121.7269535454863,38.54539443628721,103000.0,10800,140000,Ahead,Interstate,True,74.54979221179005,148
5473,3,5,,SAC,,16.147,,"SACRAMENTO, POCKET/MEADOWVIEW ROADS",-121.51043513322765,38.48124127982173,102000.0,7900,113000,Back,Interstate,True,74.342004001847,153
5814,3,80,,YOL,R,11.228,,JCT. RTE. 84 EAST,-121.55199827160556,38.59196621505652,102000.0,8200,106000,Back,Interstate,True,74.342004001847,153
5818,3,80,,YOL,R,9.905,,"WEST SACRAMENTO, JCT. RTE. 50",-121.56436985622373,38.57554960785651,102000.0,8200,106000,Ahead,Interstate,True,74.342004001847,153
5374,3,50,,SAC,,17.008,,FOLSOM BOULEVARD/NATOMA,-121.19740233949423,38.63978751535974,101000.0,9900,128000,Back,US,True,74.17269509004156,156
5822,3,80,,YOL,,0.84,,"DAVIS, OLIVE AVENUE (WESTBOUND OFF RAMP TO DAVIS)",-121.7269535454863,38.54539443628721,101000.0,10500,139000,Back,Interstate,True,74.17269509004156,156
5372,3,50,,SAC,,16.1,,AEROJET ROAD,-121.21154885946822,38.633640521171614,101000.0,9900,128000,Ahead,US,True,74.17269509004156,156
5820,3,80,,YOL,,0.237,,RICHARDS BOULEVARD,-121.73541867853066,38.54009820096571,101000.0,10500,139000,Ahead,Interstate,True,74.17269509004156,156
5282,3,50,,ED,,0.857,,LATROBE ROAD,-121.07085760595643,38.65277270359693,100000.0,8900,104000,Back,US,True,73.9841465291673,160
5380,3,50,,SAC,,23.136,,SACRAMENTO/EL DORADO COUNTY LINE,-121.0854705366158,38.64789690039191,100000.0,8900,104000,Back,US,True,73.9841465291673,160
5770,3,80,,PLA,,6.055,,"ROCKLIN, ROCKLIN ROAD",-121.22263794630469,38.788390711378,100000.0,10600,121000,Back,Interstate,True,73.9841465291673,160
5284,3,50,,ED,,0,,SACRAMENTO/EL DORADO COUNTY LINE,-121.0854705366158,38.64789690039191,100000.0,8900,104000,Ahead,US,True,73.9841465291673,160
5378,3,50,,SAC,,21.502,,SCOTT ROAD,-121.11470488611569,38.64316178740029,100000.0,8900,104000,Ahead,US,True,73.9841465291673,160
5750,3,80,,PLA,,4.16,,JCT. RTE. 65,-121.2486636007463,38.76983314212117,100000.0,10600,121000,Ahead,Interstate,True,73.9841465291673,160
5471,3,5,,SAC,,12.037,,LAGUNA BOULEVARD,-121.48719952119271,38.42607489165043,99000.0,7500,112000,Ahead,Interstate,True,73.7147914422041,166
5340,3,50,,SAC,L,0.35,,"SACRAMENTO, JCT. RTE. 5",-121.51101788023392,38.56824994792895,98000.0,7100,106000,Back,US,True,73.48391565337849,167
5390,3,50,,YOL,,3.156,,YOLO/SACRAMENTO COUNTY LINE,-121.51602612448681,38.57116579547773,98000.0,7100,106000,Back,US,True,73.48391565337849,167
5978,3,99,,SAC,,19.612,,FLORIN ROAD,-121.44593283045181,38.49614353427913,98000.0,8200,118000,Back,State,True,73.48391565337849,167
5342,3,50,,SAC,L,0,,YOLO/SACRAMENTO COUNTY LINE,-121.51602612448681,38.57116579547773,98000.0,7100,106000,Ahead,US,True,73.48391565337849,167
5976,3,99,,SAC,,17.656,,"SACRAMENTO, MACK ROAD",-121.42271540750473,38.474286624305876,98000.0,8200,118000,Ahead,State,True,73.48391565337849,167
5370,3,50,,SAC,,15.759,,NIMBUS ROAD,-121.21697619924217,38.63078246871353,97000.0,11900,133000,Back,US,True,73.24919193473912,172
5376,3,50,,SAC,,19.233,,PRAIRIE CITY ROAD,-121.15650081122136,38.64191734564694,97000.0,8400,106000,Back,US,True,73.24919193473912,172
5368,3,50,,SAC,,12.496,,SUNRISE BOULEVARD,-121.27050034813594,38.608871447432485,97000.0,11900,133000,Ahead,US,True,73.24919193473912,172
5374,3,50,,SAC,,17.008,,FOLSOM BOULEVARD/NATOMA,-121.19740233949423,38.63978751535974,97000.0,8400,106000,Ahead,US,True,73.24919193473912,172
5378,3,50,,SAC,,21.502,,SCOTT ROAD,-121.11470488611569,38.64316178740029,94000.0,8200,97000,Back,US,True,72.73741726950901,176
5376,3,50,,SAC,,19.233,,PRAIRIE CITY ROAD,-121.15650081122136,38.64191734564694,94000.0,8200,97000,Ahead,US,True,72.73741726950901,176
5782,3,80,,SAC,M,1.355,,WEST EL CAMINO AVENUE,-121.53521760285935,38.615190983867286,93000.0,7700,98000,Back,Interstate,True,72.54886870863476,178
5816,3,80,,YOL,R,11.718,,YOLO/SACRAMENTO COUNTY LINE,-121.54776297555237,38.59814818704233,93000.0,7700,98000,Back,Interstate,True,72.54886870863476,178
5818,3,80,,YOL,R,9.905,,"WEST SACRAMENTO, JCT. RTE. 50",-121.56436985622373,38.57554960785651,93000.0,7300,104000,Back,Interstate,True,72.54886870863476,178
5910,3,99,,BUT,R,33.282,,"CHICO, EAST FIRST AVENUE",-121.83129790798047,39.74528589624035,93000.0,8500,95000,Back,State,True,72.54886870863476,178
5780,3,80,,SAC,M,0,,YOLO/SACRAMENTO COUNTY LINE,-121.54776297555237,38.59814818704233,93000.0,7700,98000,Ahead,Interstate,True,72.54886870863476,178
5814,3,80,,YOL,R,11.228,,JCT. RTE. 84 EAST,-121.55199827160556,38.59196621505652,93000.0,7700,98000,Ahead,Interstate,True,72.54886870863476,178
5830,3,80,,YOL,,9.179,,"YOLO CAUSEWAY , WEST CAPITOL AVENUE",-121.57777303826639,38.57413933071314,93000.0,7300,104000,Ahead,Interstate,True,72.54886870863476,178
5908,3,99,,BUT,R,32.445,,"CHICO, JCT. RTE. 32 EAST",-121.8199334291189,39.73688573976855,93000.0,9100,95000,Ahead,State,True,72.54886870863476,178
5388,3,50,,YOL,,2.918,,OFF CONNECTION TO SOUTH RIVER ROAD,-121.51893547214635,38.57378020070366,91000.0,7400,102000,Ahead,US,True,72.16407572725873,186
6002,3,99,,SAC,,7.363,,DILLARD ROAD,-121.33560576362389,38.34354130677279,91000.0,6200,97000,Ahead,State,True,72.16407572725873,186
5388,3,50,,YOL,,2.918,,OFF CONNECTION TO SOUTH RIVER ROAD,-121.51893547214635,38.57378020070366,89000.0,7100,101000,Back,US,True,71.87163306141296,188
5386,3,50,,YOL,,2.498,,JCT. RTE. 84,-121.5250932545357,38.57703474178403,89000.0,7100,101000,Ahead,US,True,71.87163306141296,188
5392,3,51,,SAC,,0.241,,"SACRAMENTO,VIADUCT (P/N STREET RAMPS)",-121.47194860432357,38.5620830046434,88000.0,7900,119000,Back,State,True,71.60612590426351,190
5567,3,65,,PLA,R,9.569,,PLACER/SUNSET BOULEVARDS,-121.29998762369398,38.81705619017007,88000.0,6800,91000,Back,State,True,71.60612590426351,190
5394,3,51,,SAC,,0,,"SACRAMENTO, JCT. RTES. 50/99",-121.47340102472945,38.55882676068821,88000.0,7900,138000,Ahead,State,True,71.60612590426351,190
5541,3,65,,PLA,M,8.258,,WASHINGTON BOULEVARD,-121.29880291471751,38.79826147103651,88000.0,6800,91000,Ahead,State,True,71.60612590426351,190
5386,3,50,,YOL,,2.498,,JCT. RTE. 84,-121.5250932545357,38.57703474178403,87000.0,7600,97000,Back,US,True,71.42527320301679,194
5982,3,99,,SAC,,20.859,,47TH AVENUE,-121.4598018311901,38.51042549507247,87000.0,10300,120000,Back,State,True,71.42527320301679,194
5384,3,50,,YOL,,1.202,,HARBOR BOULEVARD,-121.54870432103691,38.574950777374504,87000.0,7600,97000,Ahead,US,True,71.42527320301679,194
5978,3,99,,SAC,,19.612,,FLORIN ROAD,-121.44593283045181,38.49614353427913,87000.0,10300,120000,Ahead,State,True,71.42527320301679,194
5726,3,80,,PLA,,17.289,,"AUBURN, NEVADA STREET",-121.0780553140513,38.89725847819395,86000.0,7500,88000,Back,Interstate,True,71.24442050177005,198
5960,3,99,,SAC,,10.07,,GRANT LINE ROAD,-121.36192803817902,38.37642105839102,86000.0,6500,93000,Back,State,True,71.24442050177005,198
6002,3,99,,SAC,,7.363,,DILLARD ROAD,-121.33560576362389,38.34354130677279,86000.0,6500,92000,Back,State,True,71.24442050177005,198
5724,3,80,,PLA,,16.846,,"AUBURN, AUBURN RAVINE/ OPHIR ROADS",-121.08403962726771,38.89308186727102,86000.0,7500,88000,Ahead,Interstate,True,71.24442050177005,198
6000,3,99,,SAC,,6.008,,ARNO ROAD,-121.32707585845422,38.32508069847865,86000.0,6500,92000,Ahead,State,True,71.24442050177005,198
6000,3,99,,SAC,,6.008,,ARNO ROAD,-121.32707585845422,38.32508069847865,85000.0,6500,89000,Back,State,True,71.08665537940588,203
5565,3,65,,PLA,R,7.1,,PLEASANT GROVE,-121.28402570105727,38.78662188696548,84000.0,10700,120000,Back,State,True,70.90580267815915,204
5908,3,99,,BUT,R,32.445,,"CHICO, JCT. RTE. 32 EAST",-121.8199334291189,39.73688573976855,84000.0,8000,87000,Back,State,True,70.90580267815915,204
5962,3,99,,SAC,,12.761,,ELK GROVE BOULEVARD,-121.38860179116548,38.4090989191394,84000.0,6200,90000,Back,State,True,70.90580267815915,204
5563,3,65,,PLA,R,5.926,,"ROSEVILLE, GALLERIA BOULEVARD",-121.26578910398399,38.77750994787724,84000.0,10700,120000,Ahead,State,True,70.90580267815915,204
5906,3,99,,BUT,R,31.498,,EAST 20TH STREET,-121.80911059125452,39.72611238127938,84000.0,8000,87000,Ahead,State,True,70.90580267815915,204
5960,3,99,,SAC,,10.07,,GRANT LINE ROAD,-121.36192803817902,38.37642105839102,84000.0,6200,90000,Ahead,State,True,70.90580267815915,204
5718,3,80,,PLA,,10.35,,PENRYN ROAD,-121.16856038219527,38.833831335302825,83000.0,7600,89000,Back,Interstate,True,70.62490380175466,210
5567,3,65,,PLA,R,9.569,,PLACER/SUNSET BOULEVARDS,-121.29998762369398,38.81705619017007,83000.0,6600,88000,Ahead,State,True,70.62490380175466,210
5778,3,80,,PLA,,8.724,,NIXON LOOMIS ROAD,-121.18900704866654,38.81667595005438,83000.0,7600,89000,Ahead,Interstate,True,70.62490380175466,210
5541,3,65,,PLA,M,8.258,,WASHINGTON BOULEVARD,-121.29880291471751,38.79826147103651,81000.0,8100,107000,Back,State,True,70.13236878559334,213
5778,3,80,,PLA,,8.724,,NIXON LOOMIS ROAD,-121.18900704866654,38.81667595005438,81000.0,7700,86000,Back,Interstate,True,70.13236878559334,213
5998,3,99,,SAC,,4.39,,MINGO ROAD CONNECTION,-121.31787698957059,38.30274336837667,81000.0,6100,84000,Back,State,True,70.13236878559334,213
5565,3,65,,PLA,R,7.1,,PLEASANT GROVE,-121.28402570105727,38.78662188696548,81000.0,9200,119000,Ahead,State,True,70.13236878559334,213
5776,3,80,,PLA,,7.421,,"ROCKLIN, SIERRA COLLEGE BOULEVARD",-121.20541185511135,38.80287754361279,81000.0,7700,86000,Ahead,Interstate,True,70.13236878559334,213
5990,3,99,,SAC,,3.525,,JCT. RTE. 104 EAST,-121.31213001933708,38.291060930656265,81000.0,6100,84000,Ahead,State,True,70.13236878559334,213
5998,3,99,,SAC,,4.39,,MINGO ROAD CONNECTION,-121.31787698957059,38.30274336837667,81000.0,6500,84000,Ahead,State,True,70.13236878559334,213
5718,3,80,,PLA,,10.35,,PENRYN ROAD,-121.16856038219527,38.833831335302825,80000.0,7800,86000,Ahead,Interstate,True,69.91303678620902,220
5956,3,99,,SAC,,1.566,,"GALT, SIMMERHORN ROAD",-121.299883635615,38.26450280299002,79000.0,6000,82000,Back,State,True,69.72448822533477,221
5954,3,99,,SAC,,0.792,,"GALT, C STREET",-121.29350038417417,38.25445723065204,79000.0,6000,82000,Ahead,State,True,69.72448822533477,221
5980,3,99,,SAC,,2.7,,WALNUT STREET CONNECTION,-121.30594182448378,38.28020756807039,78000.0,5900,79000,Back,State,True,69.51285208557796,223
5958,3,99,,SAC,,1.88,,"GALT, PRINGLE AVENUE CONNECTION",-121.30166471993893,38.26884674271103,78000.0,5900,79000,Ahead,State,True,69.51285208557796,223
5952,3,99,,SAC,,0.33,,"GALT, FRONTAGE ROAD CONNECTION",-121.28971357831476,38.248526372937846,77000.0,6200,83000,Back,State,True,69.22810527935971,225
5954,3,99,,SAC,,0.792,,"GALT, C STREET",-121.29350038417417,38.25445723065204,77000.0,5800,79000,Back,State,True,69.22810527935971,225
5958,3,99,,SAC,,1.88,,"GALT, PRINGLE AVENUE CONNECTION",-121.30166471993893,38.26884674271103,77000.0,5700,78000,Back,State,True,69.22810527935971,225
5990,3,99,,SAC,,3.525,,JCT. RTE. 104 EAST,-121.31213001933708,38.291060930656265,77000.0,5800,78000,Back,State,True,69.22810527935971,225
5950,3,99,,SAC,,0.123,,SAN JOAQUIN/SACRAMENTO COUNTY LINE,-121.28800248981946,38.24582951621274,77000.0,6200,83000,Ahead,State,True,69.22810527935971,225
5952,3,99,,SAC,,0.33,,"GALT, FRONTAGE ROAD CONNECTION",-121.28971357831476,38.248526372937846,77000.0,5800,79000,Ahead,State,True,69.22810527935971,225
5956,3,99,,SAC,,1.566,,"GALT, SIMMERHORN ROAD",-121.299883635615,38.26450280299002,77000.0,5700,78000,Ahead,State,True,69.22810527935971,225
5980,3,99,,SAC,,2.7,,WALNUT STREET CONNECTION,-121.30594182448378,38.28020756807039,77000.0,5800,78000,Ahead,State,True,69.22810527935971,225
5720,3,80,,PLA,,13.808,,NEWCASTLE ROAD,-121.13145346793829,38.873139261947,76000.0,7800,79000,Back,Interstate,True,68.9587501923965,233
5382,3,50,,YOL,,0,,JCT. RTE. 80 EAST,-121.57164441159787,38.574982349117406,76000.0,5700,83000,Ahead,US,True,68.9587501923965,233
5722,3,80,,PLA,,15.62,,HALLBOM ROAD UC,-121.1028962711945,38.883477263352674,75000.0,7000,81000,Back,Interstate,True,68.6970909650608,235
5724,3,80,,PLA,,16.846,,"AUBURN, AUBURN RAVINE/ OPHIR ROADS",-121.08403962726771,38.89308186727102,75000.0,7000,81000,Back,Interstate,True,68.6970909650608,235
5720,3,80,,PLA,,13.808,,NEWCASTLE ROAD,-121.13145346793829,38.873139261947,75000.0,7600,84000,Ahead,Interstate,True,68.6970909650608,235
5722,3,80,,PLA,,15.62,,HALLBOM ROAD UC,-121.1028962711945,38.883477263352674,75000.0,7000,81000,Ahead,Interstate,True,68.6970909650608,235
5992,3,99,,SAC,,33.364,,ELKHORN BOULEVARD,-121.5400252065969,38.685503475725014,74000.0,6400,78000,Back,State,True,68.3969524395875,239
5994,3,99,,SAC,,35.37,,ELVERTA ROAD,-121.54023600526146,38.71460989276003,74000.0,6400,78000,Back,State,True,68.3969524395875,239
5282,3,50,,ED,,0.857,,LATROBE ROAD,-121.07085760595643,38.65277270359693,74000.0,7000,80000,Ahead,US,True,68.3969524395875,239
5992,3,99,,SAC,,33.364,,ELKHORN BOULEVARD,-121.5400252065969,38.685503475725014,74000.0,6400,78000,Ahead,State,True,68.3969524395875,239
5471,3,5,,SAC,,12.037,,LAGUNA BOULEVARD,-121.48719952119271,38.42607489165043,73000.0,7300,78000,Back,Interstate,True,68.11605356318302,243
5469,3,5,,SAC,,10.826,,ELK GROVE BOULEVARD,-121.48358685554777,38.40879345731271,73000.0,7300,78000,Ahead,Interstate,True,68.11605356318302,243
5728,3,80,,PLA,,17.541,,"AUBURN, JCT. RTE. 49",-121.07488350112361,38.899947817406996,71000.0,6800,80000,Back,Interstate,True,67.58119131907034,245
5726,3,80,,PLA,,17.289,,"AUBURN, NEVADA STREET",-121.0780553140513,38.89725847819395,71000.0,6800,80000,Ahead,Interstate,True,67.58119131907034,245
5543,3,65,,PLA,R,11.921,,TWELVE BRIDGES OVERCROSSING,-121.2995953590538,38.85108390745181,70000.0,5900,73000,Back,State,True,67.16561489918423,247
5276,3,50,,ED,R,3.232,,BASS LAKE ROAD,-121.03004506928718,38.65527616710465,68000.0,7000,80000,Back,US,True,66.34985377866708,248
5280,3,50,,ED,R,8.564,,SHINGLE SPRINGS,-120.93755532893147,38.66246500588306,66000.0,5700,71000,Back,US,True,65.77266430660305,249
5469,3,5,,SAC,,10.826,,ELK GROVE BOULEVARD,-121.48358685554777,38.40879345731271,66000.0,6000,70000,Back,Interstate,True,65.77266430660305,249
5545,3,65,,PLA,R,12.412,,INDUSTRIAL AVENUE,-121.29951928252902,38.85827481303333,66000.0,5900,69000,Back,State,True,65.77266430660305,249
5730,3,80,,PLA,,17.83,,"AUBURN, ELM AVENUE",-121.07159374748397,38.903374217966906,66000.0,6500,75000,Back,Interstate,True,65.77266430660305,249
5312,3,50,,ED,,6.57,,CAMERON PARK,-120.96925770714799,38.659353734635836,66000.0,5700,71000,Ahead,US,True,65.77266430660305,249
5481,3,5,,SAC,,2.13,,TWIN CITIES ROAD,-121.45773741642894,38.284377850271035,66000.0,4400,71000,Ahead,Interstate,True,65.77266430660305,249
5507,3,5,,SAC,,8.493,,HOOD FRANKLIN ROAD,-121.47664818654653,38.375427695882614,66000.0,6000,70000,Ahead,Interstate,True,65.77266430660305,249
5543,3,65,,PLA,R,11.921,,TWELVE BRIDGES OVERCROSSING,-121.2995953590538,38.85108390745181,66000.0,5900,68000,Ahead,State,True,65.77266430660305,249
5728,3,80,,PLA,,17.541,,"AUBURN, JCT. RTE. 49",-121.07488350112361,38.899947817406996,66000.0,6500,75000,Ahead,Interstate,True,65.77266430660305,249
5481,3,5,,SAC,,2.13,,TWIN CITIES ROAD,-121.45773741642894,38.284377850271035,65000.0,4400,70000,Back,Interstate,True,65.44174234261966,258
5547,3,65,,PLA,R,13.359,,FERRARI RANCH RD,-121.30727352479019,38.87020677061841,65000.0,5700,67000,Back,State,True,65.44174234261966,258
5467,3,5,,SAC,,0.018,,SAN JOAQUIN/SACRAMENTO COUNTY LINE,-121.44772190618852,38.25487751592224,65000.0,4400,70000,Ahead,Interstate,True,65.44174234261966,258
5384,3,50,,YOL,,1.202,,HARBOR BOULEVARD,-121.54870432103691,38.574950777374504,64000.0,6600,88000,Back,US,True,65.1300600277051,261
5545,3,65,,PLA,R,12.412,,INDUSTRIAL AVENUE,-121.29951928252902,38.85827481303333,64000.0,5700,66000,Ahead,State,True,65.1300600277051,261
5310,3,50,,ED,,4.962,,CAMBRIDGE ROAD,-120.99825442710241,38.65651624362109,63000.0,5900,76000,Back,US,True,64.81837771279052,263
5507,3,5,,SAC,,8.493,,HOOD FRANKLIN ROAD,-121.47664818654653,38.375427695882614,63000.0,4400,66000,Back,Interstate,True,64.81837771279052,263
5912,3,99,,BUT,R,34.245,,"CHICO, COHASSET HIGHWAY",-121.84503822146105,39.754269876180096,63000.0,5600,68000,Back,State,True,64.81837771279052,263
5276,3,50,,ED,R,3.232,,BASS LAKE ROAD,-121.03004506928718,38.65527616710465,63000.0,5900,76000,Ahead,US,True,64.81837771279052,263
5910,3,99,,BUT,R,33.282,,"CHICO, EAST FIRST AVENUE",-121.83129790798047,39.74528589624035,63000.0,6000,68000,Ahead,State,True,64.81837771279052,263
5312,3,50,,ED,,6.57,,CAMERON PARK,-120.96925770714799,38.659353734635836,62000.0,5800,74000,Back,US,True,64.39895336309065,268
5776,3,80,,PLA,,7.421,,"ROCKLIN, SIERRA COLLEGE BOULEVARD",-121.20541185511135,38.80287754361279,62000.0,8600,96000,Back,Interstate,True,64.39895336309065,268
5906,3,99,,BUT,R,31.498,,EAST 20TH STREET,-121.80911059125452,39.72611238127938,62000.0,5600,63000,Back,State,True,64.39895336309065,268
5310,3,50,,ED,,4.962,,CAMBRIDGE ROAD,-120.99825442710241,38.65651624362109,62000.0,5800,74000,Ahead,US,True,64.39895336309065,268
5770,3,80,,PLA,,6.055,,"ROCKLIN, ROCKLIN ROAD",-121.22263794630469,38.788390711378,62000.0,8600,95000,Ahead,Interstate,True,64.39895336309065,268
5692,3,80,,PLA,R,18.906,,LINCOLN WAY,-121.06247378302163,38.916396965737164,61000.0,6200,67000,Back,Interstate,True,64.02185624134216,273
5730,3,80,,PLA,,17.83,,"AUBURN, ELM AVENUE",-121.07159374748397,38.903374217966906,61000.0,6200,67000,Ahead,Interstate,True,64.02185624134216,273
5535,3,5,,YOL,,5.53,,COUNTY ROAD 102,-121.72853614704819,38.67391963907828,60000.0,5100,71000,Back,Interstate,True,63.756349084192706,275
5505,3,5,,SAC,,34.652,,SACRAMENTO/YOLO COUNTY LINE,-121.62655281044557,38.673401528925744,59000.0,4750,64000,Back,Interstate,True,63.54086501462214,276
5531,3,5,,YOL,,0.52,,ELKHORN ROAD,-121.63578023946707,38.673449640369135,59000.0,4750,64000,Back,Interstate,True,63.54086501462214,276
5694,3,80,,PLA,R,19.465,,AUBURN RAVINE ROAD,-121.05730158365297,38.923474773609755,59000.0,6200,67000,Back,Interstate,True,63.54086501462214,276
5503,3,5,,SAC,,32.734,,"SACRAMENTO, AIRPORT BOULEVARD",-121.59107314851168,38.67137523002201,59000.0,4750,64000,Ahead,Interstate,True,63.54086501462214,276
5531,3,5,,YOL,,0.52,,ELKHORN ROAD,-121.63578023946707,38.673449640369135,59000.0,4950,72000,Ahead,Interstate,True,63.54086501462214,276
5533,3,5,,YOL,,0,,SACRAMENTO/YOLO COUNTY LINE,-121.62655281044557,38.673401528925744,59000.0,4750,64000,Ahead,Interstate,True,63.54086501462214,276
5692,3,80,,PLA,R,18.906,,LINCOLN WAY,-121.06247378302163,38.916396965737164,59000.0,6200,67000,Ahead,Interstate,True,63.54086501462214,276
5641,3,70,,YUB,,14.083,,"MARYSVILLE, 1ST STREET",-121.5898669392572,39.135708535107064,58000.0,4750,60000,Back,State,True,63.30614129598276,283
5639,3,70,,YUB,,13.5,,NORTH BEALE ROAD (to Beale Air Force Base),-121.58418191504903,39.12884998936583,58000.0,4650,60000,Ahead,State,True,63.30614129598276,283
5698,3,80,,PLA,R,21.128,,HAINES ROAD,-121.04610576528265,38.94528095936734,56000.0,5900,66000,Back,Interstate,True,62.74434354317378,285
5525,3,5,,YOL,R,7.086,,"WOODLAND, JCT. RTE. 113",-121.7507575925684,38.68441490813517,56000.0,8400,69000,Ahead,Interstate,True,62.74434354317378,285
5696,3,80,,PLA,R,20.127,,BOWMAN,-121.05499496153163,38.932785054287244,56000.0,5900,66000,Ahead,Interstate,True,62.74434354317378,285
5643,3,70,,YUB,,14.242,,"MARYSVILLE, 3RD STREET",-121.59019393320715,39.13788579473925,54000.0,6400,57000,Back,State,True,62.32491919347392,288
5641,3,70,,YUB,,14.083,,"MARYSVILLE, 1ST STREET",-121.5898669392572,39.135708535107064,54000.0,7400,57000,Ahead,State,True,62.32491919347392,288
5264,3,50,,ED,R,10.295,,EAST SHINGLE SPRINGS,-120.91512900464441,38.67996652464323,53000.0,5000,62000,Back,US,True,62.08634754502078,290
5639,3,70,,YUB,,13.5,,NORTH BEALE ROAD (to Beale Air Force Base),-121.58418191504903,39.12884998936583,53000.0,4800,56000,Back,State,True,62.08634754502078,290
5280,3,50,,ED,R,8.564,,SHINGLE SPRINGS,-120.93755532893147,38.66246500588306,53000.0,5000,62000,Ahead,US,True,62.08634754502078,290
5627,3,70,,YUB,R,11.386,,FEATHER RIVER BOULEVARD,-121.57697899582722,39.124470551039266,53000.0,4800,56000,Ahead,State,True,62.08634754502078,290
5696,3,80,,PLA,R,20.127,,BOWMAN,-121.05499496153163,38.932785054287244,52000.0,4950,63000,Back,Interstate,True,61.851623826381406,294
5694,3,80,,PLA,R,19.465,,AUBURN RAVINE ROAD,-121.05730158365297,38.923474773609755,52000.0,4950,63000,Ahead,Interstate,True,61.851623826381406,294
5912,3,99,,BUT,R,34.245,,"CHICO, COHASSET HIGHWAY",-121.84503822146105,39.754269876180096,52000.0,4900,56000,Ahead,State,True,61.851623826381406,294
4918,3,20,,SUT,,16.52,,"YUBA CITY, PLUMAS STREET",-121.61769729922311,39.1405974792358,51000.0,4750,56000,Back,State,True,61.62074803755579,297
5523,3,5,,YOL,R,6.51,,"WOODLAND, EAST MAIN STREET",-121.74524074465951,38.677108712641555,50000.0,4250,54000,Back,Interstate,True,61.347545020778824,298
5700,3,80,,PLA,R,22.212,,DRY CREEK ROAD,-121.03334818357004,38.95728300257327,50000.0,5300,57000,Back,Interstate,True,61.347545020778824,298
5996,3,99,,SAC,,36.863,,SACRAMENTO/SUTTER COUNTY LINE,-121.54029535066408,38.73627274431892,50000.0,4350,54000,Back,State,True,61.347545020778824,298
6016,3,99,,SUT,,0.95,,RIEGO ROAD,-121.5403909484783,38.750367023158915,50000.0,4350,54000,Back,State,True,61.347545020778824,298
4916,3,20,,SUT,,16.33,,"YUBA CITY, LIVE OAK BOULEVARD",-121.62095460930797,39.14131726388153,50000.0,5200,56000,Ahead,State,True,61.347545020778824,298
5535,3,5,,YOL,,5.53,,COUNTY ROAD 102,-121.72853614704819,38.67391963907828,50000.0,4250,54000,Ahead,Interstate,True,61.347545020778824,298
5698,3,80,,PLA,R,21.128,,HAINES ROAD,-121.04610576528265,38.94528095936734,50000.0,5300,57000,Ahead,Interstate,True,61.347545020778824,298
5994,3,99,,SAC,,35.37,,ELVERTA ROAD,-121.54023600526146,38.71460989276003,50000.0,4350,54000,Ahead,State,True,61.347545020778824,298
6016,3,99,,SUT,,0.95,,RIEGO ROAD,-121.5403909484783,38.750367023158915,50000.0,4350,54000,Ahead,State,True,61.347545020778824,298
6018,3,99,,SUT,,0,,SACRAMENTO/SUTTER COUNTY LINE,-121.54029535066408,38.73627274431892,50000.0,4350,54000,Ahead,State,True,61.347545020778824,298
5627,3,70,,YUB,R,11.386,,FEATHER RIVER BOULEVARD,-121.57697899582722,39.124470551039266,49500.0,4450,51000,Back,State,True,61.09742958288441,308
5264,3,50,,ED,R,10.295,,EAST SHINGLE SPRINGS,-120.91512900464441,38.67996652464323,49500.0,4050,58000,Ahead,US,True,61.09742958288441,308
5625,3,70,,YUB,R,10.16,,ERLE ROAD,-121.55917467884842,39.11332035612202,49500.0,4450,53000,Ahead,State,True,61.09742958288441,308
5527,3,5,,YOL,R,8.262,,"WOODLAND, JCT. RTE. 113 NORTH",-121.76500791287344,38.69666420054903,49000.0,7500,59000,Back,Interstate,True,60.9242727412652,311
5635,3,70,,YUB,R,9.282,,OLIVEHURST AVENUE,-121.55054463757573,39.1026146402115,48000.0,4350,52000,Back,State,True,60.48560874249653,312
5633,3,70,,YUB,R,8.293,,JCT. RTE. 65 SOUTH,-121.54036503657393,39.09094465269107,47500.0,4500,52000,Ahead,State,True,60.30475604124981,313
4866,3,20,,NEV,R,13.614,,"GRASS VALLEY, IDAHO/MARYLAND ROAD",-121.05102389144454,39.22255063464692,47000.0,4650,52000,Back,State,True,60.15468677851315,314
4920,3,20,,SUT,,16.838,,"YUBA CITY, SUTTER STREET",-121.61221313112597,39.14245748235226,47000.0,3900,51000,Ahead,State,True,60.15468677851315,314
4862,3,20,,NEV,R,12.864,,"GRASS VALLEY, NORTH AUBURN STREET",-121.06171050788092,39.215872846839574,46500.0,4200,47000,Back,State,True,59.97768200708019,316
5266,3,50,,ED,R,12.19,,GREENSTONE ROAD,-120.88797785367828,38.6957674953196,46500.0,4050,55000,Back,US,True,59.97768200708019,316
5702,3,80,,PLA,R,23.429,,CLIPPER GAP,-121.01767333285373,38.96970550615234,46500.0,5100,55000,Back,Interstate,True,59.97768200708019,316
5700,3,80,,PLA,R,22.212,,DRY CREEK ROAD,-121.03334818357004,38.95728300257327,46500.0,5100,55000,Ahead,Interstate,True,59.97768200708019,316
4920,3,20,,SUT,,16.838,,"YUBA CITY, SUTTER STREET",-121.61221313112597,39.14245748235226,46000.0,4400,51000,Back,State,True,59.80452516546099,320
4918,3,20,,SUT,,16.52,,"YUBA CITY, PLUMAS STREET",-121.61769729922311,39.1405974792358,46000.0,4750,51000,Ahead,State,True,59.80452516546099,320
4916,3,20,,SUT,,16.33,,"YUBA CITY, LIVE OAK BOULEVARD",-121.62095460930797,39.14131726388153,45500.0,5100,52000,Back,State,True,59.61597660458673,322
5286,3,50,,ED,,15.829,,"PLACERVILLE, FAIRGROUNDS",-120.83350828633846,38.721262000341035,45500.0,4200,52000,Back,US,True,59.61597660458673,322
5704,3,80,,PLA,R,26.209,,APPLEGATE ROAD,-120.9933989009394,39.00386089883239,45500.0,5400,55000,Back,Interstate,True,59.61597660458673,322
4860,3,20,,NEV,R,12.24,,"GRASS VALLEY, JCT. RTE. 49",-121.06846362716529,39.20966594134474,45500.0,4450,48000,Ahead,State,True,59.61597660458673,322
4910,3,20,,SUT,R,15.598,,JCT. RTE. 99,-121.63456421611811,39.141726292189134,45500.0,5100,52000,Ahead,State,True,59.61597660458673,322
5270,3,50,,ED,R,15.055,,MISSOURI FLAT ROAD,-120.83921028062066,38.71125447726534,45500.0,4200,52000,Ahead,US,True,59.61597660458673,322
5702,3,80,,PLA,R,23.429,,CLIPPER GAP,-121.01767333285373,38.96970550615234,45500.0,5400,55000,Ahead,Interstate,True,59.61597660458673,322
4922,3,20,,SUT,,17.057,,SUTTER/YUBA COUNTY LINE,-121.6080737733485,39.143453038989485,44000.0,3750,46000,Back,State,True,58.86178236108973,329
4944,3,20,,YUB,,0,,SUTTER/YUBA COUNTY LINE,-121.6080737733485,39.143453038989485,44000.0,3750,46000,Ahead,State,True,58.86178236108973,329
5268,3,50,,ED,R,14.011,,EL DORADO ROAD,-120.85654668762581,38.70459171434705,43500.0,3950,50000,Back,US,True,58.68862551947053,331
5645,3,70,,YUB,,14.395,,"MARYSVILLE, 5TH STREET",-121.59051387358548,39.140142240950915,43500.0,5600,48000,Back,State,True,58.68862551947053,331
5266,3,50,,ED,R,12.19,,GREENSTONE ROAD,-120.88797785367828,38.6957674953196,43500.0,3950,50000,Ahead,US,True,58.68862551947053,331
5288,3,50,,ED,,16.99,,WEST PLACERVILLE,-120.81679447291063,38.73025770023705,43500.0,4650,49500,Ahead,US,True,58.68862551947053,331
5643,3,70,,YUB,,14.242,,"MARYSVILLE, 3RD STREET",-121.59019393320715,39.13788579473925,43500.0,5600,48000,Ahead,State,True,58.68862551947053,331
5625,3,70,,YUB,R,10.16,,ERLE ROAD,-121.55917467884842,39.11332035612202,43000.0,3850,46500,Back,State,True,58.546252116361394,336
5734,3,80,,PLA,,28.587,,WEIMAR,-120.97515024218679,39.03437080582115,43000.0,4800,50000,Back,Interstate,True,58.546252116361394,336
4864,3,20,,NEV,R,13.112,,"GRASS VALLEY, BENNETT STREET",-121.05874400580974,39.21851828457344,43000.0,5200,52000,Ahead,State,True,58.546252116361394,336
5635,3,70,,YUB,R,9.282,,OLIVEHURST AVENUE,-121.55054463757573,39.1026146402115,43000.0,3850,46000,Ahead,State,True,58.546252116361394,336
5732,3,80,,PLA,,27.392,,HEATHER GLEN,-120.9825380697284,39.018497946727734,43000.0,4800,50000,Ahead,Interstate,True,58.546252116361394,336
5270,3,50,,ED,R,15.055,,MISSOURI FLAT ROAD,-120.83921028062066,38.71125447726534,42500.0,3950,48500,Back,US,True,58.257657380329384,341
5732,3,80,,PLA,,27.392,,HEATHER GLEN,-120.9825380697284,39.018497946727734,42500.0,4850,51000,Back,Interstate,True,58.257657380329384,341
5268,3,50,,ED,R,14.011,,EL DORADO ROAD,-120.85654668762581,38.70459171434705,42500.0,3950,48500,Ahead,US,True,58.257657380329384,341
5704,3,80,,PLA,R,26.209,,APPLEGATE ROAD,-120.9933989009394,39.00386089883239,42500.0,4850,51000,Ahead,Interstate,True,58.257657380329384,341
6010,3,99,,SUT,R,8.07,,JCT. RTE. 70 NORTH,-121.54450175150782,38.85319472803225,42500.0,3650,44500,Ahead,State,True,58.257657380329384,341
5290,3,50,,ED,,17.52,,"PLACERVILLE, CANAL STREET",-120.80755554006365,38.72813894310804,42000.0,4600,49500,Back,US,True,57.99984608280745,346
5529,3,5,,YOL,R,9.411,,"COUNTY ROAD 99, WEST STREET",-121.78389518306322,38.70327862581602,41000.0,4700,53000,Back,Interstate,True,57.576573803293826,347
5527,3,5,,YOL,R,8.262,,"WOODLAND, JCT. RTE. 113 NORTH",-121.76500791287344,38.69666420054903,41000.0,4700,53000,Ahead,Interstate,True,57.576573803293826,347
4946,3,20,,YUB,,1.236,,"MARYSVILLE, 9TH/B STREETS",-121.58665572801779,39.14502159173503,40500.0,2900,43500,Back,State,True,57.391873172233346,349
4938,3,20,,YUB,,0.678,,"MARYSVILLE, H STREET",-121.59583811910416,39.145346751046944,40000.0,3350,43000,Back,State,True,57.16099738340773,350
4716,3,16,,SAC,T,1.753,,INT EB OFF 50 TO 16,-121.40941143989363,38.55226287868141,40000.0,4450,43500,Ahead,State,True,57.16099738340773,350
4942,3,20,,YUB,,0.989,,"MARYSVILLE, SOUTH JCT. RTE. 70",-121.5911720323632,39.14468878193729,39500.0,3150,41500,Back,State,True,56.97244882253347,352
5647,3,70,,YUB,,14.71,,"MARYSVILLE, JCT. RTE. 20",-121.58714203638672,39.148441636242254,39000.0,4750,43000,Back,State,True,56.73387717408035,353
4866,3,20,,NEV,R,13.614,,"GRASS VALLEY, IDAHO/MARYLAND ROAD",-121.05102389144454,39.22255063464692,39000.0,4100,42000,Ahead,State,True,56.73387717408035,353
4938,3,20,,YUB,,0.678,,"MARYSVILLE, H STREET",-121.59583811910416,39.145346751046944,39000.0,3300,40500,Ahead,State,True,56.73387717408035,353
5645,3,70,,YUB,,14.395,,"MARYSVILLE, 5TH STREET",-121.59051387358548,39.140142240950915,39000.0,4750,43000,Ahead,State,True,56.73387717408035,353
4946,3,20,,YUB,,1.236,,"MARYSVILLE, 9TH/B STREETS",-121.58665572801779,39.14502159173503,38500.0,2950,45500,Ahead,State,True,56.418346929352005,357
5904,3,99,,BUT,R,30.603,,"CHICO, SKYWAY OVERCROSSING",-121.80053309513774,39.71485653982993,38500.0,3750,40000,Ahead,State,True,56.418346929352005,357
5914,3,99,,BUT,R,34.927,,EAST AVENUE,-121.85530233057489,39.76008243346915,38500.0,4100,41500,Ahead,State,True,56.418346929352005,357
6020,3,99,,SUT,,11.975,,GARDEN HIGHWAY,-121.58398890033214,38.898798853100004,38000.0,2500,40000,Back,State,True,56.148991842388796,360
5290,3,50,,ED,,17.52,,"PLACERVILLE, CANAL STREET",-120.80755554006365,38.72813894310804,38000.0,4000,43500,Ahead,US,True,56.148991842388796,360
5746,3,80,,PLA,,37.782,,MAGRA ROAD,-120.90783167248624,39.14712903800736,38000.0,4150,39500,Ahead,Interstate,True,56.148991842388796,360
5736,3,80,,PLA,,29.323,,WEIMAR CROSSROAD,-120.97396367369767,39.044715808781454,37500.0,4300,42000,Back,Interstate,True,55.85654917654303,363
5734,3,80,,PLA,,28.587,,WEIMAR,-120.97515024218679,39.03437080582115,37500.0,4300,42000,Ahead,Interstate,True,55.85654917654303,363
5292,3,50,,ED,,17.667,,"PLACERVILLE, JCT. RTE. 49",-120.80538138261579,38.72809979169169,37000.0,4000,43000,Back,US,True,55.641065106972455,365
5742,3,80,,PLA,,31.794,,ILLINOIS TOWN,-120.95979133254917,39.078505522546244,37000.0,4050,37500,Back,Interstate,True,55.641065106972455,365
5904,3,99,,BUT,R,30.603,,"CHICO, SKYWAY OVERCROSSING",-121.80053309513774,39.71485653982993,37000.0,3650,39000,Back,State,True,55.641065106972455,365
4862,3,20,,NEV,R,12.864,,"GRASS VALLEY, NORTH AUBURN STREET",-121.06171050788092,39.215872846839574,37000.0,3900,40000,Ahead,State,True,55.641065106972455,365
5736,3,80,,PLA,,29.323,,WEIMAR CROSSROAD,-120.97396367369767,39.044715808781454,37000.0,4050,37500,Ahead,Interstate,True,55.641065106972455,365
4532,3,113,,YOL,R,0.42,,HUTCHINSON DRIVE,-121.7682523860329,38.53680976270348,36500.0,4650,50000,Back,State,True,55.46406033553948,370
4596,3,160,,SAC,R,44.63,,"SACRAMENTO, NORTHGATE BOULEVARD",-121.47464073934742,38.597114396415826,36500.0,3600,46500,Back,State,True,55.46406033553948,370
5509,3,5,,YOL,R,10.807,,"JCT. RTE. 16, COUNTY ROAD 18",-121.80033321459713,38.718757743155145,36500.0,4700,46000,Back,Interstate,True,55.46406033553948,370
4534,3,113,,YOL,R,0,,SOLANO/ YOLO COUNTY LINE (PUTAH CREEK BRIDGE),-121.7685126468353,38.530897457821524,36500.0,4650,50000,Ahead,State,True,55.46406033553948,370
4594,3,160,,SAC,R,44.456,,"SACRAMENTO, AMERICAN RIVER BRIDGE",-121.47715185934993,38.595563654124476,36500.0,3600,46500,Ahead,State,True,55.46406033553948,370
4596,3,160,,SAC,R,44.63,,"SACRAMENTO, NORTHGATE BOULEVARD",-121.47464073934742,38.597114396415826,36500.0,4250,38500,Ahead,State,True,55.46406033553948,370
5529,3,5,,YOL,R,9.411,,"COUNTY ROAD 99, WEST STREET",-121.78389518306322,38.70327862581602,36500.0,4700,46000,Ahead,Interstate,True,55.46406033553948,370
6012,3,99,,SUT,T,30.629,,"YUBA CITY, JCT. RTE. 20",-121.63447025323768,39.14185189146805,36000.0,9600,44500,Back,State,True,55.256272125596425,377
4940,3,20,,YUB,,0.84,,"MARYSVILLE, F STREET",-121.59289170156612,39.1455773640986,36000.0,2900,37500,Ahead,State,True,55.256272125596425,377
6038,3,99,,SUT,,30.39,,"YUBA CITY, ONSTOTT ROAD CONNECTION",-121.63453781283525,39.138363595302,36000.0,9600,44500,Ahead,State,True,55.256272125596425,377
4870,3,20,,NEV,R,14.797,,BRUNSWICK ROAD,-121.03654483850859,39.23525546138101,35500.0,4850,37500,Back,State,True,54.98306910881946,380
6034,3,99,,SUT,,29.67,,FRANKLIN ROAD,-121.63447645340977,39.12726020871082,35500.0,2900,37000,Back,State,True,54.98306910881946,380
4618,3,160,,SAC,,46.33,,"SACRAMENTO, TRIBUTE ROAD",-121.44461812986383,38.600081318899996,35500.0,3850,36500,Ahead,State,True,54.98306910881946,380
4868,3,20,,NEV,R,14.266,,DORSEY DRIVE OC,-121.0429638536775,39.22936096815302,35500.0,4850,37500,Ahead,State,True,54.98306910881946,380
5200,3,49,,PLA,,5.21,,LUTHER ROAD,-121.08655738402352,38.92738429513669,35500.0,3350,41000,Ahead,State,True,54.98306910881946,380
5686,3,80,,NEV,,27.292,,TRUCKEE RIVER  (FLORISTON),-120.02527440601033,39.39430955573716,35500.0,3550,41000,Ahead,Interstate,True,54.98306910881946,380
4864,3,20,,NEV,R,13.112,,"GRASS VALLEY, BENNETT STREET",-121.05874400580974,39.21851828457344,35000.0,3900,40000,Back,State,True,54.71371402185624,386
5288,3,50,,ED,,16.99,,WEST PLACERVILLE,-120.81679447291063,38.73025770023705,34500.0,3650,40500,Back,US,True,54.49822995228567,387
6036,3,99,,SUT,,30.03,,"YUBA CITY, BRIDGE STREET",-121.6344510292906,39.13240610185255,34500.0,2900,36000,Back,State,True,54.49822995228567,387
6038,3,99,,SUT,,30.39,,"YUBA CITY, ONSTOTT ROAD CONNECTION",-121.63453781283525,39.138363595302,34500.0,2900,36000,Back,State,True,54.49822995228567,387
5286,3,50,,ED,,15.829,,"PLACERVILLE, FAIRGROUNDS",-120.83350828633846,38.721262000341035,34500.0,3650,40500,Ahead,US,True,54.49822995228567,387
6034,3,99,,SUT,,29.67,,FRANKLIN ROAD,-121.63447645340977,39.12726020871082,34500.0,2900,36000,Ahead,State,True,54.49822995228567,387
6036,3,99,,SUT,,30.03,,"YUBA CITY, BRIDGE STREET",-121.6344510292906,39.13240610185255,34500.0,2900,36000,Ahead,State,True,54.49822995228567,387
4620,3,160,,SAC,,46.581,,"SACRAMENTO, JCT. RTE. 51",-121.44009241746241,38.60006438893838,34000.0,3950,36000,Back,State,True,54.14422040941973,393
5202,3,49,,PLA,,5.86,,ATWOOD ROAD,-121.09317721038771,38.93518966902793,34000.0,3300,39000,Back,State,True,54.14422040941973,393
5204,3,49,,PLA,,5.99,,COTTAGE DRIVE,-121.09453877249081,38.936656218596795,34000.0,3400,39500,Back,State,True,54.14422040941973,393
5296,3,50,,ED,,18.032,,"PLACERVILLE, BEDFORD AVENUE",-120.79905892825504,38.73035269804918,34000.0,4300,43000,Back,US,True,54.14422040941973,393
5298,3,50,,ED,,18.517,,"PLACERVILLE, MOSQUITO ROAD OVERHEAD (BROADWAY)",-120.7904777409608,38.731710334944005,34000.0,3800,39000,Back,US,True,54.14422040941973,393
5439,3,5,,COL,R,6.793,,HILLGATE ROAD  (MILEPOST EQUATION),-122.05520957450334,39.01323577953028,34000.0,3100,38000,Back,Interstate,True,54.14422040941973,393
5517,3,5,,YOL,R,23.787,,COUNTY ROAD 8,-121.95352834492404,38.8613155892072,34000.0,3350,39000,Back,Interstate,True,54.14422040941973,393
5629,3,70,,YUB,R,3.474,,PLUMAS LAKE BLVD,-121.54674896714111,39.0223092220518,34000.0,1750,35000,Back,State,True,54.14422040941973,393
5680,3,80,,NEV,,16.285,,"JCT. RTE. 89 NORTH, JCT. RTE. 267 SOUTH",-120.17412384542047,39.33647115984336,34000.0,4450,39000,Back,Interstate,True,54.14422040941973,393
5744,3,80,,PLA,,33.131,,"COLFAX, JCT. RTE. 174 NORTH",-120.94950263744433,39.095795053591715,34000.0,4150,41500,Back,Interstate,True,54.14422040941973,393
5746,3,80,,PLA,,37.782,,MAGRA ROAD,-120.90783167248624,39.14712903800736,34000.0,4200,41000,Back,Interstate,True,54.14422040941973,393
5202,3,49,,PLA,,5.86,,ATWOOD ROAD,-121.09317721038771,38.93518966902793,34000.0,3400,39500,Ahead,State,True,54.14422040941973,393
5204,3,49,,PLA,,5.99,,COTTAGE DRIVE,-121.09453877249081,38.936656218596795,34000.0,3400,39000,Ahead,State,True,54.14422040941973,393
5294,3,50,,ED,,17.788,,"PLACERVILLE, COLOMA STREET",-120.80275658800059,38.728968759994224,34000.0,4300,43000,Ahead,US,True,54.14422040941973,393
5296,3,50,,ED,,18.032,,"PLACERVILLE, BEDFORD AVENUE",-120.79905892825504,38.73035269804918,34000.0,3800,39000,Ahead,US,True,54.14422040941973,393
5421,3,5,,COL,R,0,,YOLO/COLUSA COUNTY (COUNTY LINE ROAD ),-122.00000047180077,38.92548003800003,34000.0,3100,38000,Ahead,Interstate,True,54.14422040941973,393
5515,3,5,,YOL,R,22.61,,JCT. RTE. 505 SOUTH,-121.93988389695562,38.8481301405123,34000.0,3350,39000,Ahead,Interstate,True,54.14422040941973,393
5623,3,70,,YUB,R,0.354,,FEATHER RIVER BOULEVARD,-121.54286157063116,38.97771406799914,34000.0,1900,35000,Ahead,State,True,54.14422040941973,393
5742,3,80,,PLA,,31.794,,ILLINOIS TOWN,-120.95979133254917,39.078505522546244,34000.0,4150,41500,Ahead,Interstate,True,54.14422040941973,393
5744,3,80,,PLA,,33.131,,"COLFAX, JCT. RTE. 174 NORTH",-120.94950263744433,39.095795053591715,34000.0,4200,41000,Ahead,Interstate,True,54.14422040941973,393
4910,3,20,,SUT,R,15.598,,JCT. RTE. 99,-121.63456421611811,39.141726292189134,33500.0,3250,37000,Back,State,True,53.74403570878867,413
5206,3,49,,PLA,,6.38,,"AUBURN, BELL ROAD",-121.09700923294693,38.94202072080216,33500.0,3100,38000,Back,State,True,53.74403570878867,413
5294,3,50,,ED,,17.788,,"PLACERVILLE, COLOMA STREET",-120.80275658800059,38.728968759994224,33500.0,4050,43000,Back,US,True,53.74403570878867,413
5519,3,5,,YOL,R,25.572,,COUNTY ROAD 6,-121.97371874809589,38.88165433094242,33500.0,3300,38000,Back,Interstate,True,53.74403570878867,413
5525,3,5,,YOL,R,7.086,,"WOODLAND, JCT. RTE. 113",-121.7507575925684,38.68441490813517,33500.0,5500,44500,Back,Interstate,True,53.74403570878867,413
5292,3,50,,ED,,17.667,,"PLACERVILLE, JCT. RTE. 49",-120.80538138261579,38.72809979169169,33500.0,4050,43000,Ahead,US,True,53.74403570878867,413
5517,3,5,,YOL,R,23.787,,COUNTY ROAD 8,-121.95352834492404,38.8613155892072,33500.0,3300,38000,Ahead,Interstate,True,53.74403570878867,413
4868,3,20,,NEV,R,14.266,,DORSEY DRIVE OC,-121.0429638536775,39.22936096815302,33000.0,3600,40000,Back,State,True,53.44389718331538,420
5521,3,5,,YOL,R,28.92,,YOLO/COLUSA COUNTY (COUNTY LINE ROAD ),-122.00000047180077,38.92548003800003,33000.0,3200,37000,Back,Interstate,True,53.44389718331538,420
5688,3,80,,NEV,,29.489,,FARAD,-120.03520142500876,39.42233336665329,33000.0,3550,39500,Back,Interstate,True,53.44389718331538,420
5690,3,80,,NEV,,31.783,,NEVADA/SIERRA COUNTY LINE,-120.01038756554607,39.44514668549099,33000.0,3250,39000,Back,Interstate,True,53.44389718331538,420
5812,3,80,,SIE,,1.593,,NEVADA STATE LINE,-120.00272014455881,39.46834861094236,33000.0,3250,39000,Back,Interstate,True,53.44389718331538,420
4908,3,20,,SUT,R,15.35,,CIVIC CENTER BOULEVARD,-121.63934412659205,39.1417508962104,33000.0,3250,37000,Ahead,State,True,53.44389718331538,420
5519,3,5,,YOL,R,25.572,,COUNTY ROAD 6,-121.97371874809589,38.88165433094242,33000.0,3200,37000,Ahead,Interstate,True,53.44389718331538,420
5523,3,5,,YOL,R,6.51,,"WOODLAND, EAST MAIN STREET",-121.74524074465951,38.677108712641555,33000.0,5200,38000,Ahead,Interstate,True,53.44389718331538,420
5688,3,80,,NEV,,29.489,,FARAD,-120.03520142500876,39.42233336665329,33000.0,3550,39500,Ahead,Interstate,True,53.44389718331538,420
5810,3,80,,SIE,,0,,NEVADA/SIERRA COUNTY LINE,-120.01038756554607,39.44514668549099,33000.0,3250,39000,Ahead,Interstate,True,53.44389718331538,420
4536,3,113,,YOL,R,1.082,,"DAVIS, RUSSELL BOULEVARD",-121.76790720389337,38.5464021372033,32500.0,4600,49000,Back,State,True,53.05140834231183,430
4960,3,244,,SAC,T,1.076,,INT AUBURN BLVD,-121.36526379544269,38.64372579698834,32500.0,2900,33500,Back,State,True,53.05140834231183,430
5328,3,50,,ED,,76.407,,UPPER TRUCKEE RIVER BRIDGE,-119.99082474339804,38.92223716289597,32500.0,3100,37500,Back,US,True,53.05140834231183,430
5423,3,5,,COL,R,10.305,,HAHN ROAD,-122.08591435922379,39.05690170408095,32500.0,3100,35000,Back,Interstate,True,53.05140834231183,430
5678,3,80,,NEV,,14.97,,WEST TRUCKEE,-120.19340355811681,39.325159469456985,32500.0,4400,36000,Back,Interstate,True,53.05140834231183,430
5684,3,80,,NEV,,22.412,,HIRSCHDALE ROAD OVERHEAD (BOCA),-120.08363015533784,39.38396211298366,32500.0,4400,39500,Back,Interstate,True,53.05140834231183,430
4532,3,113,,YOL,R,0.42,,HUTCHINSON DRIVE,-121.7682523860329,38.53680976270348,32500.0,4600,47000,Ahead,State,True,53.05140834231183,430
4964,3,244,,SAC,,0.457,,"SACRAMENTO, JCT. RTE. 51",-121.37543266337346,38.64632777240719,32500.0,2900,33500,Ahead,State,True,53.05140834231183,430
5328,3,50,,ED,,76.407,,UPPER TRUCKEE RIVER BRIDGE,-119.99082474339804,38.92223716289597,32500.0,2450,37500,Ahead,US,True,53.05140834231183,430
5441,3,5,,COL,R,7.7,,NORTH ARBUCKLE,-122.06250950189438,39.02421813111296,32500.0,3100,35000,Ahead,Interstate,True,53.05140834231183,430
5547,3,65,,PLA,R,13.359,,FERRARI RANCH RD,-121.30727352479019,38.87020677061841,32500.0,2900,35000,Ahead,State,True,53.05140834231183,430
4940,3,20,,YUB,,0.84,,"MARYSVILLE, F STREET",-121.59289170156612,39.1455773640986,32000.0,3050,33500,Back,State,True,52.70509465907342,441
5200,3,49,,PLA,,5.21,,LUTHER ROAD,-121.08655738402352,38.92738429513669,32000.0,3000,36500,Back,State,True,52.70509465907342,441
5686,3,80,,NEV,,27.292,,TRUCKEE RIVER  (FLORISTON),-120.02527440601033,39.39430955573716,32000.0,2450,38500,Back,Interstate,True,52.70509465907342,441
4942,3,20,,YUB,,0.989,,"MARYSVILLE, SOUTH JCT. RTE. 70",-121.5911720323632,39.14468878193729,32000.0,2900,39500,Ahead,State,True,52.70509465907342,441
5684,3,80,,NEV,,22.412,,HIRSCHDALE ROAD OVERHEAD (BOCA),-120.08363015533784,39.38396211298366,32000.0,2450,38500,Ahead,Interstate,True,52.70509465907342,441
5441,3,5,,COL,R,7.7,,NORTH ARBUCKLE,-122.06250950189438,39.02421813111296,31500.0,3100,34000,Back,Interstate,True,52.3780206249038,446
5511,3,5,,YOL,R,12.342,,"YOLO , COUNTY ROAD 17",-121.8182991007663,38.735418945871814,31500.0,3500,37500,Back,Interstate,True,52.3780206249038,446
5575,3,65,,YUB,R,9.177,,JCT. RTE. 70,-121.53779196695281,39.08930353870641,31500.0,2900,40500,Back,State,True,52.3780206249038,446
5439,3,5,,COL,R,6.793,,HILLGATE ROAD  (MILEPOST EQUATION),-122.05520957450334,39.01323577953028,31500.0,3100,34000,Ahead,Interstate,True,52.3780206249038,446
5509,3,5,,YOL,R,10.807,,"JCT. RTE. 16, COUNTY ROAD 18",-121.80033321459713,38.718757743155145,31500.0,3500,37500,Ahead,Interstate,True,52.3780206249038,446
5573,3,65,,YUB,R,8.028,,MC GOWAN ROAD,-121.52754296840035,39.07752498610568,31500.0,2650,39000,Ahead,State,True,52.3780206249038,446
4622,3,160,,SAC,,47.05,,END OF ROUTE,-121.43411882294397,38.60385177916556,31000.0,3550,34000,Back,State,True,52.15099276589194,452
4620,3,160,,SAC,,46.581,,"SACRAMENTO, JCT. RTE. 51",-121.44009241746241,38.60006438893838,31000.0,3550,34000,Ahead,State,True,52.15099276589194,452
5678,3,80,,NEV,,14.97,,WEST TRUCKEE,-120.19340355811681,39.325159469456985,31000.0,4150,34000,Ahead,Interstate,True,52.15099276589194,452
4598,3,160,,SAC,R,44.977,,"SACRAMENTO, DEL PASO BOULEVARD",-121.46939575667783,38.59944507183965,30500.0,3100,40500,Back,State,True,51.88163767892874,455
5682,3,80,,NEV,,18.276,,POLARIS ROAD (CHP SCALES),-120.14638430872301,39.35500752100872,30500.0,3650,34500,Back,Interstate,True,51.88163767892874,455
5206,3,49,,PLA,,6.38,,"AUBURN, BELL ROAD",-121.09700923294693,38.94202072080216,30500.0,2800,35000,Ahead,State,True,51.88163767892874,455
5188,3,49,,PLA,R,8.973,,LORENSEN RD,-121.10825235839677,38.9781993029444,30000.0,2900,31000,Ahead,State,True,51.56995536401416,458
5198,3,49,,PLA,,3.78,,"AUBURN, PALM AVENUE",-121.07688544883656,38.908354999338904,30000.0,2700,35000,Ahead,State,True,51.56995536401416,458
5676,3,80,,NEV,,14.164,,"TRUCKEE, JCT. RTE. 89 SOUTH",-120.20797355110227,39.323010381431786,30000.0,3450,31500,Ahead,Interstate,True,51.56995536401416,458
5932,3,99,,BUT,,26.04,,NEAL HIGHWAY,-121.7437729567741,39.665821349022366,30000.0,3200,32000,Ahead,State,True,51.56995536401416,458
4872,3,20,,NEV,R,15.41,,BANNER RIDGE OVERCROSSING,-121.03100416368511,39.24294619621913,29500.0,3450,33000,Back,State,True,51.1697706633831,462
5176,3,49,,NEV,,15.81,,WEST BROAD STREET,-121.02902374050468,39.26734035515165,29500.0,3000,31000,Back,State,True,51.1697706633831,462
5198,3,49,,PLA,,3.78,,"AUBURN, PALM AVENUE",-121.07688544883656,38.908354999338904,29500.0,2800,34000,Back,State,True,51.1697706633831,462
5208,3,49,,PLA,,7.427,,DRY CREEK ROAD,-121.10126144158197,38.95665229263015,29500.0,2800,33000,Back,State,True,51.1697706633831,462
5306,3,50,,ED,,23.957,,"JUNCTION OLD HIGHWAY, CAMINO, WEST",-120.69838587432588,38.7396881373394,29500.0,3200,37500,Back,US,True,51.1697706633831,462
5447,3,5,,GLE,R,10.877,,COUNTY ROAD 48;N/O JCT RTE 162,-122.21464003787978,39.53880105447837,29500.0,2900,33000,Back,Interstate,True,51.1697706633831,462
5670,3,80,,NEV,R,9.007,R,"DONNER LAKE, RIGHT ALIGN",-120.28931950800046,39.33102007806453,29500.0,4250,35000,Back,Interstate,True,51.1697706633831,462
5168,3,49,,NEV,R,14.475,,"NEVADA CITY, JCT. RTE. 20",-121.06805928198114,39.20953807778077,29500.0,3000,31000,Ahead,State,True,51.1697706633831,462
5304,3,50,,ED,,20.741,,NEW TOWN ROAD,-120.75233447000488,38.73140180716401,29500.0,3300,37500,Ahead,US,True,51.1697706633831,462
5465,3,5,,GLE,R,9.872,,"WILLOWS, JCT. RTE. 162",-122.21460142828884,39.52423283059218,29500.0,2950,33000,Ahead,Interstate,True,51.1697706633831,462
5663,3,80,,NEV,R,5.066,R,"CASTLE PEAK, RIGHT ALIGN",-120.34986169923734,39.33860145270767,29500.0,4200,35000,Ahead,Interstate,True,51.1697706633831,462
5680,3,80,,NEV,,16.285,,"JCT. RTE. 89 NORTH, JCT. RTE. 267 SOUTH",-120.17412384542047,39.33647115984336,29500.0,3350,31500,Ahead,Interstate,True,51.1697706633831,462
5300,3,50,,ED,,18.99,,"PLACERVILLE, SCHNELL SCHOOL ROAD",-120.78210176301339,38.732876930208676,29000.0,3100,30500,Back,US,True,50.83500076958596,474
5302,3,50,,ED,,20.296,,"PLACERVILLE, POINT VIEW DRIVE",-120.76012973563013,38.731225698488835,29000.0,3300,32500,Back,US,True,50.83500076958596,474
5304,3,50,,ED,,20.741,,NEW TOWN ROAD,-120.75233447000488,38.73140180716401,29000.0,3000,29500,Back,US,True,50.83500076958596,474
5513,3,5,,YOL,R,17.616,,"ZAMORA , COUNTY ROAD 13",-121.8791769708653,38.794244751905126,29000.0,3150,30000,Back,Interstate,True,50.83500076958596,474
5663,3,80,,NEV,R,5.066,R,"CASTLE PEAK, RIGHT ALIGN",-120.34986169923734,39.33860145270767,29000.0,4350,41000,Back,Interstate,True,50.83500076958596,474
5932,3,99,,BUT,,26.04,,NEAL HIGHWAY,-121.7437729567741,39.665821349022366,29000.0,3150,31500,Back,State,True,50.83500076958596,474
5298,3,50,,ED,,18.517,,"PLACERVILLE, MOSQUITO ROAD OVERHEAD (BROADWAY)",-120.7904777409608,38.731710334944005,29000.0,3100,30500,Ahead,US,True,50.83500076958596,474
5300,3,50,,ED,,18.99,,"PLACERVILLE, SCHNELL SCHOOL ROAD",-120.78210176301339,38.732876930208676,29000.0,3450,33500,Ahead,US,True,50.83500076958596,474
5302,3,50,,ED,,20.296,,"PLACERVILLE, POINT VIEW DRIVE",-120.76012973563013,38.731225698488835,29000.0,3000,29500,Ahead,US,True,50.83500076958596,474
5332,3,50,,ED,,79.29,,"SOUTH LAKE TAHOE, SKI RUN BOULEVARD",-119.95754177854077,38.948521911841894,29000.0,3400,36000,Ahead,US,True,50.83500076958596,474
5511,3,5,,YOL,R,12.342,,"YOLO , COUNTY ROAD 17",-121.8182991007663,38.735418945871814,29000.0,3150,30000,Ahead,Interstate,True,50.83500076958596,474
5661,3,80,,NEV,R,2.476,R,"SODA SPRINGS, RIGHT ALIGN",-120.39219466057611,39.325187128658705,29000.0,4350,41000,Ahead,Interstate,True,50.83500076958596,474
4542,3,113,,YOL,R,2.082,,COUNTY ROAD 31,-121.76765985457654,38.56091022481978,28500.0,3950,35500,Back,State,True,50.49253501616131,486
4908,3,20,,SUT,R,15.35,,CIVIC CENTER BOULEVARD,-121.63934412659205,39.1417508962104,28500.0,2800,32000,Back,State,True,50.49253501616131,486
5272,3,50,,ED,R,25.949,,EAST CAMINO ROAD,-120.66529284116746,38.73766679636527,28500.0,3500,36000,Back,US,True,50.49253501616131,486
5334,3,50,,ED,,80.02,,"SOUTH LAKE TAHOE, PIONEER TRAIL ROAD",-119.94600130444371,38.95392257297043,28500.0,3400,35500,Back,US,True,50.49253501616131,486
5549,3,65,,PLA,R,15.546,,NELSON LANE,-121.34008836767141,38.8860790475878,28500.0,1650,30000,Back,State,True,50.49253501616131,486
5551,3,65,,PLA,R,15.568,,NELSON RD NB 65,-121.34049380161365,38.886089951609705,28500.0,1900,30000,Back,State,True,50.49253501616131,486
5661,3,80,,NEV,R,2.476,R,"SODA SPRINGS, RIGHT ALIGN",-120.39219466057611,39.325187128658705,28500.0,4250,39500,Back,Interstate,True,50.49253501616131,486
4536,3,113,,YOL,R,1.082,,"DAVIS, RUSSELL BOULEVARD",-121.76790720389337,38.5464021372033,28500.0,3950,38500,Ahead,State,True,50.49253501616131,486
4870,3,20,,NEV,R,14.797,,BRUNSWICK ROAD,-121.03654483850859,39.23525546138101,28500.0,3450,31000,Ahead,State,True,50.49253501616131,486
5208,3,49,,PLA,,7.427,,DRY CREEK ROAD,-121.10126144158197,38.95665229263015,28500.0,2800,32000,Ahead,State,True,50.49253501616131,486
5306,3,50,,ED,,23.957,,"JUNCTION OLD HIGHWAY, CAMINO, WEST",-120.69838587432588,38.7396881373394,28500.0,3500,36000,Ahead,US,True,50.49253501616131,486
5670,3,80,,NEV,R,9.007,R,"DONNER LAKE, RIGHT ALIGN",-120.28931950800046,39.33102007806453,28500.0,4250,32500,Ahead,Interstate,True,50.49253501616131,486
4874,3,20,,NEV,R,15.916,,GOLD FLAT ROAD,-121.02462940042538,39.24820929798377,28000.0,3450,31500,Back,State,True,50.09235031553024,498
5461,3,5,,GLE,R,28.821,,GLENN/TEHAMA COUNTY LINE,-122.20070912345545,39.798123688674124,28000.0,2900,32500,Back,Interstate,True,50.09235031553024,498
5748,3,80,,PLA,,38.347,,ALPINE,-120.89827748038186,39.14983463728354,28000.0,4150,34500,Back,Interstate,True,50.09235031553024,498
5752,3,80,,PLA,,41.372,,GOLD RUN,-120.85797131236016,39.175111920596436,28000.0,4150,34500,Back,Interstate,True,50.09235031553024,498
5330,3,50,,ED,,78.42,,"SOUTH LAKE TAHOE, RUFUS ALLEN BOULEVARD",-119.9728938987115,38.94537308483671,28000.0,2650,35500,Ahead,US,True,50.09235031553024,498
5455,3,5,,GLE,R,24.817,,COUNTY ROAD 16,-122.20554278192948,39.74037993574642,28000.0,2050,36000,Ahead,Interstate,True,50.09235031553024,498
5748,3,80,,PLA,,38.347,,ALPINE,-120.89827748038186,39.14983463728354,28000.0,4150,34500,Ahead,Interstate,True,50.09235031553024,498
4546,3,113,,YOL,R,6.114,,COUNTY ROAD 27,-121.76651529580168,38.61930047481131,27500.0,3200,33500,Back,State,True,49.638294597506544,505
5188,3,49,,PLA,R,8.973,,LORENSEN RD,-121.10825235839677,38.9781993029444,27500.0,2800,30500,Back,State,True,49.638294597506544,505
5330,3,50,,ED,,78.42,,"SOUTH LAKE TAHOE, RUFUS ALLEN BOULEVARD",-119.9728938987115,38.94537308483671,27500.0,2600,35000,Back,US,True,49.638294597506544,505
5425,3,5,,COL,R,15.911,,HUSTED ROAD,-122.13276889532374,39.129020906703666,27500.0,2550,28500,Back,Interstate,True,49.638294597506544,505
5453,3,5,,GLE,R,20.822,,COUNTY ROAD 27,-122.20454155295148,39.68248332821425,27500.0,2600,30500,Back,Interstate,True,49.638294597506544,505
5459,3,5,,GLE,R,27.812,,COUNTY ROAD 7,-122.20424296103587,39.78376177994509,27500.0,2450,30000,Back,Interstate,True,49.638294597506544,505
5597,3,70,,BUT,,15.425,,"OROVILLE, GRAND AVENUE",-121.57255089885615,39.51969068706459,27500.0,2550,28000,Back,State,True,49.638294597506544,505
5676,3,80,,NEV,,14.164,,"TRUCKEE, JCT. RTE. 89 SOUTH",-120.20797355110227,39.323010381431786,27500.0,3100,30500,Back,Interstate,True,49.638294597506544,505
5914,3,99,,BUT,R,34.927,,EAST AVENUE,-121.85530233057489,39.76008243346915,27500.0,4600,30500,Back,State,True,49.638294597506544,505
4544,3,113,,YOL,R,4.105,,COUNTY ROAD 29,-121.76700314388302,38.59022337575051,27500.0,3200,33500,Ahead,State,True,49.638294597506544,505
5326,3,50,,ED,,75.448,,"SOUTH LAKE TAHOE, JCT. RTE. 89 NORTH",-120.00462015235163,38.91348819657865,27500.0,2250,34000,Ahead,US,True,49.638294597506544,505
5423,3,5,,COL,R,10.305,,HAHN ROAD,-122.08591435922379,39.05690170408095,27500.0,2600,31500,Ahead,Interstate,True,49.638294597506544,505
5451,3,5,,GLE,R,16.803,,COUNTY ROAD 33,-122.20506964376094,39.62427741918876,27500.0,2600,30500,Ahead,Interstate,True,49.638294597506544,505
5457,3,5,,GLE,R,25.529,,JCT. RTE. 32 EAST,-122.20537654688955,39.75064125439302,27500.0,2450,30000,Ahead,Interstate,True,49.638294597506544,505
5595,3,70,,BUT,,14.61,,"OROVILLE, MONTGOMERY STREET",-121.5732432232591,39.507967472738265,27500.0,2500,28000,Ahead,State,True,49.638294597506544,505
5674,3,80,,NEV,,13.21,,"TRUCKEE, DONNER PARK",-120.22595429630452,39.32420327489307,27500.0,3100,30500,Ahead,Interstate,True,49.638294597506544,505
5449,3,5,,GLE,R,13.895,,COUNTY ROAD 39,-122.21028664211279,39.58234342515235,27000.0,2900,28000,Back,Interstate,True,49.19963059873788,521
5451,3,5,,GLE,R,16.803,,COUNTY ROAD 33,-122.20506964376094,39.62427741918876,27000.0,2600,31000,Back,Interstate,True,49.19963059873788,521
5455,3,5,,GLE,R,24.817,,COUNTY ROAD 16,-122.20554278192948,39.74037993574642,27000.0,1950,33000,Back,Interstate,True,49.19963059873788,521
5664,3,80,,NEV,R,5.166,L,"CASTLE PEAK UC, LEFT ALIGN",-120.35016941893457,39.33914799268805,27000.0,4350,29000,Back,Interstate,True,49.19963059873788,521
5174,3,49,,NEV,,0,,PLACER/NEVADA COUNTY LINE,-121.10423325988299,39.0119371111803,27000.0,3100,34500,Ahead,State,True,49.19963059873788,521
5447,3,5,,GLE,R,10.877,,COUNTY ROAD 48;N/O JCT RTE 162,-122.21464003787978,39.53880105447837,27000.0,3000,28000,Ahead,Interstate,True,49.19963059873788,521
5449,3,5,,GLE,R,13.895,,COUNTY ROAD 39,-122.21028664211279,39.58234342515235,27000.0,2900,31000,Ahead,Interstate,True,49.19963059873788,521
5459,3,5,,GLE,R,27.812,,COUNTY ROAD 7,-122.20424296103587,39.78376177994509,27000.0,2900,32000,Ahead,Interstate,True,49.19963059873788,521
5662,3,80,,NEV,R,2.545,L,"SODA SPRING OC, LEFT ALIGN",-120.39274802997764,39.325405342928306,27000.0,4350,29000,Ahead,Interstate,True,49.19963059873788,521
4618,3,160,,SAC,,46.33,,"SACRAMENTO, TRIBUTE ROAD",-121.44461812986383,38.600081318899996,26500.0,3300,28000,Back,State,True,48.872556564568264,530
4636,3,162,,BUT,,16.017,,FEATHER RIVER BOULEVARD,-121.57192902303272,39.49800359774097,26500.0,3450,30500,Back,State,True,48.872556564568264,530
5180,3,49,,NEV,,2.194,,WOLF/COMBIE ROADS,-121.09455745475377,39.04255272625592,26500.0,2500,29500,Back,State,True,48.872556564568264,530
5192,3,49,,PLA,,11.373,,PLACER/NEVADA COUNTY LINE,-121.10423325988299,39.0119371111803,26500.0,2700,29500,Back,State,True,48.872556564568264,530
4616,3,160,,SAC,,46.164,,"SACRAMENTO, DEADMAN'S SLOUGH, ROYAL OAKS DRIVE",-121.44764680792906,38.60007342644232,26500.0,3300,28000,Ahead,State,True,48.872556564568264,530
4634,3,162,,BUT,,15.831,,"OROVILLE, JCT. RTE. 70",-121.57531165348959,39.497928890003614,26500.0,3500,30500,Ahead,State,True,48.872556564568264,530
4872,3,20,,NEV,R,15.41,,BANNER RIDGE OVERCROSSING,-121.03100416368511,39.24294619621913,26500.0,3450,30500,Ahead,State,True,48.872556564568264,530
5196,3,49,,PLA,,3.208,,"AUBURN, JCT. RTE. 80",-121.07465334556132,38.90031539637659,26500.0,2700,29500,Ahead,State,True,48.872556564568264,530
5453,3,5,,GLE,R,20.822,,COUNTY ROAD 27,-122.20454155295148,39.68248332821425,26500.0,2300,28000,Ahead,Interstate,True,48.872556564568264,530
4948,3,20,,YUB,,1.472,,NORTH JCT. RTE. 70,-121.58714122071646,39.14843602956173,26000.0,2200,28500,Back,State,True,48.472371863937205,539
5332,3,50,,ED,,79.29,,"SOUTH LAKE TAHOE, SKI RUN BOULEVARD",-119.95754177854077,38.948521911841894,26000.0,3000,32000,Back,US,True,48.472371863937205,539
5427,3,5,,COL,R,17.975,,"WILLIAMS, E STREET",-122.14394028041667,39.1569181852601,26000.0,2600,28500,Back,Interstate,True,48.472371863937205,539
5583,3,65,,YUB,,4.099,,SOUTH BEALE RD - RT,-121.47159687077074,39.04072827674542,26000.0,2250,27000,Back,State,True,48.472371863937205,539
5662,3,80,,NEV,R,2.545,L,"SODA SPRING OC, LEFT ALIGN",-120.39274802997764,39.325405342928306,26000.0,4350,29000,Back,Interstate,True,48.472371863937205,539
5671,3,80,,NEV,R,9.071,L,"DONNOR LAKE, LEFT ALIGN",-120.28991709158196,39.33176018690278,26000.0,4250,27500,Back,Interstate,True,48.472371863937205,539
5166,3,49,,NEV,R,13.663,,SOUTH GRASS VALLEY,-121.05944626647803,39.20047619381259,26000.0,2300,26500,Ahead,State,True,48.472371863937205,539
5425,3,5,,COL,R,15.911,,HUSTED ROAD,-122.13276889532374,39.129020906703666,26000.0,2600,28500,Ahead,Interstate,True,48.472371863937205,539
5583,3,65,,YUB,,4.099,,SOUTH BEALE RD - RT,-121.47159687077074,39.04072827674542,26000.0,2250,27000,Ahead,State,True,48.472371863937205,539
5671,3,80,,NEV,R,9.071,L,"DONNOR LAKE, LEFT ALIGN",-120.28991709158196,39.33176018690278,26000.0,4250,26500,Ahead,Interstate,True,48.472371863937205,539
5756,3,80,,PLA,,43.167,,MONTE VISTA,-120.83216842843096,39.18813164024112,26000.0,2900,33500,Ahead,Interstate,True,48.472371863937205,539
5928,3,99,,BUT,,22.538,,JCT. RTE 149,-121.69954413516417,39.627988976274295,26000.0,2500,28500,Ahead,State,True,48.472371863937205,539
5166,3,49,,NEV,R,13.663,,SOUTH GRASS VALLEY,-121.05944626647803,39.20047619381259,25500.0,2250,26500,Back,State,True,48.06449130367862,551
5603,3,70,,BUT,,20.096,,JCT. ROUTE 149,-121.61780693321367,39.57678000150086,25500.0,2900,28000,Back,State,True,48.06449130367862,551
5621,3,70,,SUT,,8.298,,SUTTER/YUBA COUNTY LINE,-121.54308478580957,38.972427246233224,25500.0,2300,27500,Back,State,True,48.06449130367862,551
5623,3,70,,YUB,R,0.354,,FEATHER RIVER BOULEVARD,-121.54286157063116,38.97771406799914,25500.0,2300,27500,Back,State,True,48.06449130367862,551
4636,3,162,,BUT,,16.017,,FEATHER RIVER BOULEVARD,-121.57192902303272,39.49800359774097,25500.0,2900,29500,Ahead,State,True,48.06449130367862,551
4858,3,20,,NEV,R,12.162,,"GRASS VALLEY, MILL STREET",-121.06984739562218,39.20983959622849,25500.0,2650,29000,Ahead,State,True,48.06449130367862,551
5601,3,70,,BUT,,16.627,,GARDEN DRIVE,-121.58254829726384,39.53486258659635,25500.0,2850,28000,Ahead,State,True,48.06449130367862,551
5637,3,70,,YUB,,0,,SUTTER/YUBA COUNTY LINE,-121.54308478580957,38.972427246233224,25500.0,2300,27500,Ahead,State,True,48.06449130367862,551
5429,3,5,,COL,R,18.722,,JCT. RTE. 20,-122.14984065056137,39.166736659473926,25000.0,2550,28000,Back,Interstate,True,47.6796983223026,559
5457,3,5,,GLE,R,25.529,,JCT. RTE. 32 EAST,-122.20537654688955,39.75064125439302,25000.0,2300,34000,Back,Interstate,True,47.6796983223026,559
5427,3,5,,COL,R,17.975,,"WILLIAMS, E STREET",-122.14394028041667,39.1569181852601,25000.0,2550,28000,Ahead,Interstate,True,47.6796983223026,559
5631,3,70,,YUB,R,7.345,,MC GOWAN ROAD,-121.54122293845003,39.07732676711511,25000.0,2350,27000,Ahead,State,True,47.6796983223026,559
5665,3,80,,NEV,R,59.54,,JCT. RTE. 20 WEST,-120.60356478841557,39.322735908179574,25000.0,2950,31500,Ahead,Interstate,True,47.6796983223026,559
5754,3,80,,PLA,,42.191,,SAWMILL  (TO GOLD RUN),-120.84811837921986,39.18411023018786,24800.0,3050,31500,Back,Interstate,True,47.39495151608435,564
5756,3,80,,PLA,,43.167,,MONTE VISTA,-120.83216842843096,39.18813164024112,24800.0,2950,31500,Back,Interstate,True,47.39495151608435,564
5752,3,80,,PLA,,41.372,,GOLD RUN,-120.85797131236016,39.175111920596436,24800.0,3050,31500,Ahead,Interstate,True,47.39495151608435,564
5754,3,80,,PLA,,42.191,,SAWMILL  (TO GOLD RUN),-120.84811837921986,39.18411023018786,24800.0,3000,31500,Ahead,Interstate,True,47.39495151608435,564
5515,3,5,,YOL,R,22.61,,JCT. RTE. 505 SOUTH,-121.93988389695562,38.8481301405123,24700.0,2250,27000,Back,Interstate,True,47.310297060181625,568
4876,3,20,,NEV,R,16.741,,"NEVADA CITY, SACRAMENTO STREET",-121.01833200277288,39.25896426006125,24600.0,3500,26500,Back,State,True,47.23333846390641,569
5619,3,70,,SUT,R,4.049,,NICOLAUS AVENUE OC,-121.5493500749789,38.910099714658415,24600.0,2150,26500,Back,State,True,47.23333846390641,569
4874,3,20,,NEV,R,15.916,,GOLD FLAT ROAD,-121.02462940042538,39.24820929798377,24600.0,3300,26500,Ahead,State,True,47.23333846390641,569
5629,3,70,,YUB,R,3.474,,PLUMAS LAKE BLVD,-121.54674896714111,39.0223092220518,24500.0,1750,24700,Ahead,State,True,47.15253193781746,572
4638,3,162,,BUT,,17.142,,"OROVILLE, LINCOLN STREET",-121.5522502454495,39.503877463784335,24400.0,2850,27500,Back,State,True,47.06787748191473,573
4640,3,162,,BUT,,17.553,,"ON OLIVE HIGHWAY, SOUTH OF OROVILLE DAM BOULEVARD",-121.54571429747834,39.50674915159825,24400.0,3000,27500,Back,State,True,47.06787748191473,573
5674,3,80,,NEV,,13.21,,"TRUCKEE, DONNER PARK",-120.22595429630452,39.32420327489307,24400.0,3050,29000,Back,Interstate,True,47.06787748191473,573
4638,3,162,,BUT,,17.142,,"OROVILLE, LINCOLN STREET",-121.5522502454495,39.503877463784335,24400.0,3050,27500,Ahead,State,True,47.06787748191473,573
4614,3,160,,SAC,,45.604,,"SACRAMENTO, CANTERBURY ROAD",-121.4580090463096,38.60008397195061,24300.0,2600,32500,Back,State,True,46.95628751731569,577
4616,3,160,,SAC,,46.164,,"SACRAMENTO, DEADMAN'S SLOUGH, ROYAL OAKS DRIVE",-121.44764680792906,38.60007342644232,24300.0,2600,32500,Back,State,True,46.95628751731569,577
5168,3,49,,NEV,R,14.475,,"NEVADA CITY, JCT. RTE. 20",-121.06805928198114,39.20953807778077,24300.0,2500,25000,Back,State,True,46.95628751731569,577
4598,3,160,,SAC,R,44.977,,"SACRAMENTO, DEL PASO BOULEVARD",-121.46939575667783,38.59944507183965,24300.0,2600,32500,Ahead,State,True,46.95628751731569,577
4614,3,160,,SAC,,45.604,,"SACRAMENTO, CANTERBURY ROAD",-121.4580090463096,38.60008397195061,24300.0,2600,32500,Ahead,State,True,46.95628751731569,577
5513,3,5,,YOL,R,17.616,,"ZAMORA , COUNTY ROAD 13",-121.8791769708653,38.794244751905126,24300.0,2200,28500,Ahead,Interstate,True,46.95628751731569,577
5633,3,70,,YUB,R,8.293,,JCT. RTE. 65 SOUTH,-121.54036503657393,39.09094465269107,24200.0,1550,26000,Back,State,True,46.83700169308912,583
5930,3,99,,BUT,,23.863,,PENTZ ROAD,-121.71600995428477,39.642272922210005,24100.0,2800,28000,Ahead,State,True,46.76004309681392,584
5336,3,50,,ED,,80.14,,"SOUTH LAKE TAHOE, PARK AVENUE",-119.94460736526112,38.95534698619395,24000.0,2900,31000,Back,US,True,46.64460520240111,585
5601,3,70,,BUT,,16.627,,GARDEN DRIVE,-121.58254829726384,39.53486258659635,24000.0,2250,26000,Back,State,True,46.64460520240111,585
5631,3,70,,YUB,R,7.345,,MC GOWAN ROAD,-121.54122293845003,39.07732676711511,24000.0,2000,24500,Back,State,True,46.64460520240111,585
5334,3,50,,ED,,80.02,,"SOUTH LAKE TAHOE, PIONEER TRAIL ROAD",-119.94600130444371,38.95392257297043,24000.0,2900,31000,Ahead,US,True,46.64460520240111,585
5599,3,70,,BUT,,15.72,,"OROVILLE, NELSON ROAD",-121.57319811795038,39.523900128903136,24000.0,2200,24200,Ahead,State,True,46.64460520240111,585
5664,3,80,,NEV,R,5.166,L,"CASTLE PEAK UC, LEFT ALIGN",-120.35016941893457,39.33914799268805,23900.0,4300,29000,Ahead,Interstate,True,46.49453593966446,590
5708,3,80,,PLA,R,63.517,,CISCO GROVE,-120.54416981676341,39.309754826289755,23800.0,3150,31000,Back,Interstate,True,46.39833769432046,591
5180,3,49,,NEV,,2.194,,WOLF/COMBIE ROADS,-121.09455745475377,39.04255272625592,23800.0,2400,24700,Ahead,State,True,46.39833769432046,591
5617,3,70,,SUT,R,0.051,,JCT. RTE. 99,-121.54308903214594,38.85286417774187,23800.0,2100,25500,Ahead,State,True,46.39833769432046,591
5338,3,50,,ED,,80.44,,NEVADA STATE LINE,-119.94203916540715,38.95915689865678,23500.0,2400,30500,Back,US,True,46.175157765122364,594
5431,3,5,,COL,R,26.729,,MAXWELL/COLUSA ROADS,-122.18231001665568,39.27630272269466,23500.0,2200,24900,Back,Interstate,True,46.175157765122364,594
5336,3,50,,ED,,80.14,,"SOUTH LAKE TAHOE, PARK AVENUE",-119.94460736526112,38.95534698619395,23500.0,2400,30500,Ahead,US,True,46.175157765122364,594
5429,3,5,,COL,R,18.722,,JCT. RTE. 20,-122.14984065056137,39.166736659473926,23500.0,2200,24900,Ahead,Interstate,True,46.175157765122364,594
5710,3,80,,PLA,R,66.201,,HAMPSHIRE ROCKS,-120.50185470405106,39.31170431125826,23400.0,3000,33500,Back,Interstate,True,46.03278436201323,598
5164,3,49,,NEV,R,10.553,,LA BARR MEADOWS RD,-121.060712675433,39.158234136643976,23400.0,2250,25500,Ahead,State,True,46.03278436201323,598
5708,3,80,,PLA,R,63.517,,CISCO GROVE,-120.54416981676341,39.309754826289755,23400.0,3150,31000,Ahead,Interstate,True,46.03278436201323,598
5559,3,65,,PLA,R,24.259,,PLACER/YUBA COUNTY LINE,-121.40659904650438,38.99995437644899,23300.0,1850,25000,Back,State,True,45.89425888871787,601
5569,3,65,,YUB,R,0,,PLACER/YUBA COUNTY LINE,-121.40659904650438,38.99995437644899,23300.0,1850,25000,Ahead,State,True,45.89425888871787,601
5619,3,70,,SUT,R,4.049,,NICOLAUS AVENUE OC,-121.5493500749789,38.910099714658415,23300.0,2200,24900,Ahead,State,True,45.89425888871787,601
4642,3,162,,BUT,,18.006,,"OROVILLE, LOWER WYANDOTE ROAD",-121.53902062151296,39.502628960424744,23100.0,2850,26000,Back,State,True,45.68647067877482,604
5274,3,50,,ED,R,28.842,,SAWMILL  (TO POLLOCK PINES),-120.61758704533462,38.74837298972859,23100.0,3250,31000,Back,US,True,45.68647067877482,604
5665,3,80,,NEV,R,59.54,,JCT. RTE. 20 WEST,-120.60356478841557,39.322735908179574,23100.0,2700,29000,Back,Interstate,True,45.68647067877482,604
5706,3,80,,PLA,R,56.057,,CARPENTER FLAT,-120.66114841150188,39.30197582788268,23100.0,2700,29000,Back,Interstate,True,45.68647067877482,604
5760,3,80,,PLA,,46.31,,CRYSTAL SPRINGS ROAD,-120.78624465296657,39.209207673923636,23100.0,2700,26000,Back,Interstate,True,45.68647067877482,604
5762,3,80,,PLA,,46.935,,BAXTER,-120.77687507902613,39.214608755735775,23100.0,2700,26000,Back,Interstate,True,45.68647067877482,604
5764,3,80,,PLA,,49,,DRUM FOREBAY ROAD,-120.75274247402714,39.237227663168284,23100.0,2700,26000,Back,Interstate,True,45.68647067877482,604
5766,3,80,,PLA,,53.356,,BLUE CANYON ROAD,-120.70397272794484,39.28360473688462,23100.0,2700,26000,Back,Interstate,True,45.68647067877482,604
5768,3,80,,PLA,,54.812,,PUTTS LAKE,-120.67975361518403,39.29254224137968,23100.0,2700,29000,Back,Interstate,True,45.68647067877482,604
4640,3,162,,BUT,,17.553,,"ON OLIVE HIGHWAY, SOUTH OF OROVILLE DAM BOULEVARD",-121.54571429747834,39.50674915159825,23100.0,2900,26000,Ahead,State,True,45.68647067877482,604
5272,3,50,,ED,R,25.949,,EAST CAMINO ROAD,-120.66529284116746,38.73766679636527,23100.0,3250,31000,Ahead,US,True,45.68647067877482,604
5706,3,80,,PLA,R,56.057,,CARPENTER FLAT,-120.66114841150188,39.30197582788268,23100.0,2700,29000,Ahead,Interstate,True,45.68647067877482,604
5760,3,80,,PLA,,46.31,,CRYSTAL SPRINGS ROAD,-120.78624465296657,39.209207673923636,23100.0,2700,26000,Ahead,Interstate,True,45.68647067877482,604
5762,3,80,,PLA,,46.935,,BAXTER,-120.77687507902613,39.214608755735775,23100.0,2700,26000,Ahead,Interstate,True,45.68647067877482,604
5764,3,80,,PLA,,49,,DRUM FOREBAY ROAD,-120.75274247402714,39.237227663168284,23100.0,2700,26000,Ahead,Interstate,True,45.68647067877482,604
5766,3,80,,PLA,,53.356,,BLUE CANYON ROAD,-120.70397272794484,39.28360473688462,23100.0,2700,29000,Ahead,Interstate,True,45.68647067877482,604
5768,3,80,,PLA,,54.812,,PUTTS LAKE,-120.67975361518403,39.29254224137968,23100.0,2700,29000,Ahead,Interstate,True,45.68647067877482,604
5164,3,49,,NEV,R,10.553,,LA BARR MEADOWS RD,-121.060712675433,39.158234136643976,23000.0,2250,24900,Back,State,True,45.513313837155614,621
5571,3,65,,YUB,R,6.884,,FORTY MILE ROAD,-121.51402065807291,39.065181070476655,23000.0,2600,33500,Ahead,State,True,45.513313837155614,621
5710,3,80,,PLA,R,66.201,,HAMPSHIRE ROCKS,-120.50185470405106,39.31170431125826,23000.0,3000,31000,Ahead,Interstate,True,45.513313837155614,621
5774,3,80,,PLA,,69.769,,PLACER/NEVADA COUNTY LINE,-120.43549514520508,39.31617387707837,22900.0,2900,26500,Back,Interstate,True,45.39787594274281,624
5672,3,80,,NEV,,0,,PLACER/NEVADA COUNTY LINE,-120.43549514520508,39.31617387707837,22900.0,2900,26500,Ahead,Interstate,True,45.39787594274281,624
5772,3,80,,PLA,,69.229,,KINGVALE,-120.44564995989154,39.31413868270137,22900.0,2900,26500,Ahead,Interstate,True,45.39787594274281,624
5571,3,65,,YUB,R,6.884,,FORTY MILE ROAD,-121.51402065807291,39.065181070476655,22800.0,2000,24500,Back,State,True,45.33246113590888,627
5537,3,65,,PLA,L,23.168,,RIOSA RD NB 65,-121.38233883312435,38.97854825068263,22800.0,2000,24200,Ahead,State,True,45.33246113590888,627
5539,3,65,,PLA,L,23.193,,RIOSA RD,-121.38249749895975,38.978888556958736,22800.0,2000,24200,Ahead,State,True,45.33246113590888,627
5553,3,65,,PLA,R,17.446,,NICOLAUS ROAD,-121.36826822169022,38.89725379329211,22800.0,1900,23200,Ahead,State,True,45.33246113590888,627
4860,3,20,,NEV,R,12.24,,"GRASS VALLEY, JCT. RTE. 49",-121.06846362716529,39.20966594134474,22600.0,2650,24100,Back,State,True,45.140064645220875,631
5433,3,5,,COL,R,29.248,,NORTH MAXWELL OVERHEAD,-122.19113975611099,39.311830562392934,22600.0,2200,25500,Back,Interstate,True,45.140064645220875,631
5435,3,5,,COL,R,31.839,,DELEVAN ROAD,-122.19478198710853,39.34886335526967,22600.0,2200,23700,Back,Interstate,True,45.140064645220875,631
5437,3,5,,COL,R,34.365,,COLUSA/GLENN COUNTY LINE,-122.19288576032474,39.3853011902143,22600.0,2200,23700,Back,Interstate,True,45.140064645220875,631
5431,3,5,,COL,R,26.729,,MAXWELL/COLUSA ROADS,-122.18231001665568,39.27630272269466,22600.0,2200,25500,Ahead,Interstate,True,45.140064645220875,631
5433,3,5,,COL,R,29.248,,NORTH MAXWELL OVERHEAD,-122.19113975611099,39.311830562392934,22600.0,2200,23700,Ahead,Interstate,True,45.140064645220875,631
5435,3,5,,COL,R,31.839,,DELEVAN ROAD,-122.19478198710853,39.34886335526967,22600.0,2200,23700,Ahead,Interstate,True,45.140064645220875,631
5555,3,65,,PLA,R,19.442,,W. WISE RD SB 65,-121.36836721154295,38.926156911108286,22600.0,1900,24700,Ahead,State,True,45.140064645220875,631
5682,3,80,,NEV,,18.276,,POLARIS ROAD (CHP SCALES),-120.14638430872301,39.35500752100872,22600.0,3000,27500,Ahead,Interstate,True,45.140064645220875,631
6014,3,99,,SUT,T,35.96,,ENCINAL ROAD/LIVE OAK BOULEVARD,-121.64159700340825,39.218012538377,22600.0,2050,23500,Ahead,State,True,45.140064645220875,631
5581,3,65,,YUB,,2.6,,DAIRY ROAD,-121.4509790024743,39.02632878974166,22500.0,2000,24300,Back,State,True,45.03617054024935,641
5581,3,65,,YUB,,2.6,,DAIRY ROAD,-121.4509790024743,39.02632878974166,22500.0,2000,24300,Ahead,State,True,45.03617054024935,641
4878,3,20,,NEV,R,16.988,,"NEVADA CITY, BROAD STREET",-121.01687669248675,39.26218900916344,22300.0,3050,26500,Back,State,True,44.91688471602278,643
5573,3,65,,YUB,R,8.028,,MC GOWAN ROAD,-121.52754296840035,39.07752498610568,22300.0,2400,30500,Back,State,True,44.91688471602278,643
6028,3,99,,SUT,,26.12,,BARRY ROAD,-121.63483036807213,39.07629532871388,22300.0,2050,23900,Back,State,True,44.91688471602278,643
4876,3,20,,NEV,R,16.741,,"NEVADA CITY, SACRAMENTO STREET",-121.01833200277288,39.25896426006125,22300.0,3500,26000,Ahead,State,True,44.91688471602278,643
5465,3,5,,GLE,R,9.872,,"WILLOWS, JCT. RTE. 162",-122.21460142828884,39.52423283059218,22200.0,2700,33000,Back,Interstate,True,44.832230260120056,647
5553,3,65,,PLA,R,17.446,,NICOLAUS ROAD,-121.36826822169022,38.89725379329211,22200.0,1900,22900,Back,State,True,44.832230260120056,647
6030,3,99,,SUT,,27.65,,BOGUE ROAD,-121.6344282543032,39.09831262176526,22200.0,2100,23700,Back,State,True,44.832230260120056,647
6028,3,99,,SUT,,26.12,,BARRY ROAD,-121.63483036807213,39.07629532871388,22200.0,2100,23700,Ahead,State,True,44.832230260120056,647
5595,3,70,,BUT,,14.61,,"OROVILLE, MONTGOMERY STREET",-121.5732432232591,39.507967472738265,22000.0,1950,23000,Back,State,True,44.662921348314605,651
5024,3,32,,BUT,R,8.367,,"CHICO, WEST FIRST STREET",-121.85047763638904,39.72481194467821,21900.0,2000,24100,Back,State,True,44.570571032784365,652
5026,3,32,,BUT,R,8.655,,"CHICO, WEST FIFTH STREET",-121.84692451377612,39.72167094187542,21900.0,2000,24100,Ahead,State,True,44.570571032784365,652
5772,3,80,,PLA,,69.229,,KINGVALE,-120.44564995989154,39.31413868270137,21800.0,3050,28000,Back,Interstate,True,44.50130829613668,654
5758,3,80,,PLA,,44.752,,ALTA ROAD,-120.81217629691703,39.20163783889048,21700.0,2700,26000,Back,Interstate,True,44.38971833153763,655
5758,3,80,,PLA,,44.752,,ALTA ROAD,-120.81217629691703,39.20163783889048,21700.0,3250,26000,Ahead,Interstate,True,44.38971833153763,655
5549,3,65,,PLA,R,15.546,,NELSON LANE,-121.34008836767141,38.8860790475878,21600.0,1900,22900,Ahead,State,True,44.247344928428504,657
5551,3,65,,PLA,R,15.568,,NELSON RD NB 65,-121.34049380161365,38.886089951609705,21600.0,1900,22900,Ahead,State,True,44.247344928428504,657
5593,3,70,,BUT,,13.901,,"OROVILLE, JCT. RTE. 162",-121.57528316431866,39.49779951701609,21600.0,2000,22000,Ahead,State,True,44.247344928428504,657
5537,3,65,,PLA,L,23.168,,RIOSA RD NB 65,-121.38233883312435,38.97854825068263,21500.0,1900,22900,Back,State,True,44.10112359550562,660
5539,3,65,,PLA,L,23.193,,RIOSA RD,-121.38249749895975,38.978888556958736,21500.0,1900,23000,Back,State,True,44.10112359550562,660
5555,3,65,,PLA,R,19.442,,W. WISE RD SB 65,-121.36836721154295,38.926156911108286,21500.0,1900,22600,Back,State,True,44.10112359550562,660
4544,3,113,,YOL,R,4.105,,COUNTY ROAD 29,-121.76700314388302,38.59022337575051,21400.0,2750,24500,Back,State,True,43.981837771279054,663
4542,3,113,,YOL,R,2.082,,COUNTY ROAD 31,-121.76765985457654,38.56091022481978,21400.0,2750,24500,Ahead,State,True,43.981837771279054,663
5557,3,65,,PLA,R,19.461,,WEST WISE RD SB 65,-121.36836549126917,38.9264323532605,21300.0,1900,22800,Ahead,State,True,43.88179159612129,665
5184,3,49,,NEV,,3.614,,SOUTH WOLF CREEK BRIDGE,-121.08873396512604,39.06213259669821,21100.0,2400,24700,Back,State,True,43.697090965060795,666
4576,3,12,,SAC,,0,,SOLANO/SACRAMENTO COUNTY LINE,-121.68525787595955,38.15956537413314,21100.0,2200,22600,Ahead,State,True,43.697090965060795,666
5930,3,99,,BUT,,23.863,,PENTZ ROAD,-121.71600995428477,39.642272922210005,21000.0,2450,24100,Back,State,True,43.55471756195167,668
5579,3,65,,YUB,,2.207,,DRY CREEK BRIDGE,-121.4452202023268,39.02257736592982,21000.0,2000,23100,Ahead,State,True,43.55471756195167,668
5916,3,99,,BUT,R,36.305,,EATON AVENUE,-121.87323814294497,39.774540820301276,20900.0,1950,22100,Back,State,True,43.4161920886563,670
5184,3,49,,NEV,,3.614,,SOUTH WOLF CREEK BRIDGE,-121.08873396512604,39.06213259669821,20900.0,2400,22700,Ahead,State,True,43.4161920886563,670
4582,3,149,,BUT,R,0,,JCT. RTE. 70,-121.61992327688644,39.57932342173466,20800.0,2450,25500,Ahead,State,True,43.31614591349854,672
5579,3,65,,YUB,,2.207,,DRY CREEK BRIDGE,-121.4452202023268,39.02257736592982,20600.0,1900,23500,Back,State,True,43.13529321225181,673
6008,3,99,,SUT,R,33.95,,EAGER ROAD,-121.63473553292759,39.18989652545838,20600.0,1800,23600,Back,State,True,43.13529321225181,673
5577,3,65,,YUB,,1.503,,"WHEATLAND, EVERGREEN DRIVE",-121.4347817472843,39.01649814577863,20600.0,1900,23500,Ahead,State,True,43.13529321225181,673
6040,3,99,,SUT,,40.25,,"LIVE OAK, PENNINGTON ROAD",-121.66122195932957,39.276102655179805,20500.0,1800,21800,Back,State,True,43.035247037094045,676
5445,3,5,,GLE,R,1.517,,COUNTY ROAD 68,-122.19564143408694,39.40712886695078,20400.0,2500,26000,Back,Interstate,True,42.904417423426196,677
5248,3,505,,YOL,,0.396,,JCT. RTE. 128 WEST,-121.95283109775335,38.53145874282311,20400.0,1950,22200,Ahead,Interstate,True,42.904417423426196,677
5443,3,5,,GLE,R,0,,COLUSA/GLENN COUNTY LINE,-122.19288576032474,39.3853011902143,20400.0,2500,26000,Ahead,Interstate,True,42.904417423426196,677
4584,3,149,,BUT,R,3.107,,SHIPPEE LT/OPENSHAW RT,-121.6700095839677,39.60602935730819,20100.0,2350,23000,Back,State,True,42.67738956441435,680
4584,3,149,,BUT,R,3.107,,SHIPPEE LT/OPENSHAW RT,-121.6700095839677,39.60602935730819,20100.0,2550,23000,Ahead,State,True,42.67738956441435,680
5463,3,5,,GLE,R,7.607,,COUNTY ROAD 57,-122.1968255717349,39.494977944675114,20000.0,2400,26000,Back,Interstate,True,42.5465599507465,682
5445,3,5,,GLE,R,1.517,,COUNTY ROAD 68,-122.19564143408694,39.40712886695078,20000.0,2450,25500,Ahead,Interstate,True,42.5465599507465,682
5066,3,32,,BUT,,9.41,R,"CHICO, ON NINTH STREET AT PINE STREET, RIGHT ALIGN",-121.83030137719139,39.72860515272348,19900.0,1900,21200,Back,State,True,42.40803447745113,684
6022,3,99,,SUT,,12.029,,FEATHER RIVER BRIDGE,-121.58466254786202,38.899435850216065,19900.0,1900,21100,Back,State,True,42.40803447745113,684
6024,3,99,,SUT,,13.678,,SACRAMENTO AVENUE,-121.60582790428981,38.91641713173149,19900.0,1900,21100,Back,State,True,42.40803447745113,684
5068,3,32,,BUT,,9.46,R,"CHICO, ON NINTH STREET AT CYPRESS STREET, RIGHT ALIGN",-121.82934168541378,39.729254871635355,19900.0,1900,21200,Ahead,State,True,42.40803447745113,684
6020,3,99,,SUT,,11.975,,GARDEN HIGHWAY,-121.58398890033214,38.898798853100004,19900.0,1900,21100,Ahead,State,True,42.40803447745113,684
6022,3,99,,SUT,,12.029,,FEATHER RIVER BRIDGE,-121.58466254786202,38.899435850216065,19900.0,1900,21100,Ahead,State,True,42.40803447745113,684
4538,3,113,,YOL,R,10.218,,"WOODLAND, MAIN STREET",-121.75088901429783,38.677007854854345,19800.0,2000,21800,Back,State,True,42.28105279359705,690
5248,3,505,,YOL,,0.396,,JCT. RTE. 128 WEST,-121.95283109775335,38.53145874282311,19800.0,2200,22700,Back,Interstate,True,42.28105279359705,690
5250,3,505,,YOL,,0,,SOLANO/YOLO COUNTY LINE,-121.95277561330983,38.52568876349249,19800.0,2200,23000,Ahead,Interstate,True,42.28105279359705,690
6032,3,99,,SUT,,28.67,,"YUBA CITY, LINCOLN ROAD",-121.6346226030183,39.1127791245415,19800.0,1900,26000,Ahead,State,True,42.28105279359705,690
5599,3,70,,BUT,,15.72,,"OROVILLE, NELSON ROAD",-121.57319811795038,39.523900128903136,19700.0,1850,19800,Back,State,True,42.119439741419114,694
5872,3,89,,PLA,T,8.569,,"TAHOE CITY, JCT. RTE. 28 EAST",-120.14520465546494,39.16775073568718,19700.0,2900,24200,Ahead,State,True,42.119439741419114,694
6026,3,99,,SUT,,25.62,,OSWALD ROAD,-121.6333708321109,39.068965536256684,19700.0,2000,24000,Ahead,State,True,42.119439741419114,694
5597,3,70,,BUT,,15.425,,"OROVILLE, GRAND AVENUE",-121.57255089885615,39.51969068706459,19500.0,1850,19800,Ahead,State,True,41.88471602277974,697
5026,3,32,,BUT,R,8.655,,"CHICO, WEST FIFTH STREET",-121.84692451377612,39.72167094187542,19400.0,1950,21900,Back,State,True,41.80775742650454,698
6032,3,99,,SUT,,28.67,,"YUBA CITY, LINCOLN ROAD",-121.6346226030183,39.1127791245415,19400.0,1850,25500,Back,State,True,41.80775742650454,698
5064,3,32,,BUT,,7.79,,WEST SACRAMENTO AVENUE,-121.85820509448172,39.73060551882923,19300.0,1900,21500,Ahead,State,True,41.65384023395413,700
6014,3,99,,SUT,T,35.96,,ENCINAL ROAD/LIVE OAK BOULEVARD,-121.64159700340825,39.218012538377,19200.0,1750,22100,Back,State,True,41.503770971217484,701
6006,3,99,,SUT,R,31.311,,"YUBA CITY, QUEENS AVENUE",-121.63533794764871,39.15164742372064,19200.0,1650,21800,Ahead,State,True,41.503770971217484,701
6024,3,99,,SUT,,13.678,,SACRAMENTO AVENUE,-121.60582790428981,38.91641713173149,19100.0,1800,20700,Ahead,State,True,41.43066030475604,703
5938,3,99,,BUT,,4.38,,"GRIDLEY, SPRUCE STREET",-121.68789335603503,39.366984493232394,19000.0,2550,19400,Back,State,True,41.2998306910882,704
6004,3,99,,SUT,R,20.051,,JCT. RTE. 113,-121.63124607481713,39.003418765252114,19000.0,1850,20500,Back,State,True,41.2998306910882,704
4642,3,162,,BUT,,18.006,,"OROVILLE, LOWER WYANDOTE ROAD",-121.53902062151296,39.502628960424744,19000.0,1800,20500,Ahead,State,True,41.2998306910882,704
5186,3,49,,NEV,,9.22,,ALTA SIERRA DRIVE,-121.07117066434135,39.141126897283364,18900.0,2250,22300,Ahead,State,True,41.126673849468986,707
5463,3,5,,GLE,R,7.607,,COUNTY ROAD 57,-122.1968255717349,39.494977944675114,18800.0,2400,26000,Ahead,Interstate,True,40.97660458673234,708
5186,3,49,,NEV,,9.22,,ALTA SIERRA DRIVE,-121.07117066434135,39.141126897283364,18700.0,2450,20800,Back,State,True,40.84192704325073,709
5651,3,70,,YUB,,15.16,,"MARYSVILLE, 18TH STREET",-121.5880157333405,39.15512368980204,18600.0,1700,19900,Back,State,True,40.738032938279204,710
5024,3,32,,BUT,R,8.367,,"CHICO, WEST FIRST STREET",-121.85047763638904,39.72481194467821,18500.0,1650,20100,Ahead,State,True,40.61105125442512,711
4548,3,113,,YOL,R,7.666,,COUNTY ROAD 25,-121.75972018117609,38.64102748178337,18300.0,2500,27000,Back,State,True,40.384023395413266,712
4574,3,12,,SAC,,0.571,,JCT. RTE. 160,-121.67648363711747,38.15513506289131,18300.0,2050,21500,Back,State,True,40.384023395413266,712
5044,3,32,,BUT,,11.01,,"CHICO, FOREST AVENUE",-121.8048315005346,39.73938185595714,18300.0,1700,20600,Ahead,State,True,40.384023395413266,712
5577,3,65,,YUB,,1.503,,"WHEATLAND, EVERGREEN DRIVE",-121.4347817472843,39.01649814577863,18100.0,1750,20800,Back,State,True,40.168539325842694,715
6008,3,99,,SUT,R,33.95,,EAGER ROAD,-121.63473553292759,39.18989652545838,18100.0,1650,20600,Ahead,State,True,40.168539325842694,715
6040,3,99,,SUT,,40.25,,"LIVE OAK, PENNINGTON ROAD",-121.66122195932957,39.276102655179805,18100.0,1600,19900,Ahead,State,True,40.168539325842694,715
5557,3,65,,PLA,R,19.461,,WEST WISE RD SB 65,-121.36836549126917,38.9264323532605,18000.0,1800,21300,Back,State,True,40.01847006310605,718
6006,3,99,,SUT,R,31.311,,"YUBA CITY, QUEENS AVENUE",-121.63533794764871,39.15164742372064,18000.0,1550,19800,Back,State,True,40.01847006310605,718
5649,3,70,,YUB,,14.87,,"MARYSVILLE, 14TH STREET",-121.58743152118198,39.150663601431646,18000.0,1650,18800,Ahead,State,True,40.01847006310605,718
5064,3,32,,BUT,,7.79,,WEST SACRAMENTO AVENUE,-121.85820509448172,39.73060551882923,17900.0,1850,20100,Back,State,True,39.872248730183166,721
5938,3,99,,BUT,,4.38,,"GRIDLEY, SPRUCE STREET",-121.68789335603503,39.366984493232394,17900.0,3550,18500,Ahead,State,True,39.872248730183166,721
6010,3,99,,SUT,R,8.07,,JCT. RTE. 70 NORTH,-121.54450175150782,38.85319472803225,17800.0,1700,19400,Back,State,True,39.76065876558412,723
4580,3,12,,SAC,,6.2,,SACRAMENTO/SAN JOAQUIN COUNTY LINE,-121.57962316530643,38.125746141857896,17700.0,2000,20600,Back,State,True,39.59134985377867,724
5062,3,32,,BUT,,7.11,,WEST EIGHTH AVENUE,-121.86919174642634,39.73604922412395,17700.0,1850,18600,Back,State,True,39.59134985377867,724
4578,3,12,,SAC,,5.645,,ISLETON/TERMINOUS ROADS,-121.58953931558825,38.130066300916646,17700.0,2000,20600,Ahead,State,True,39.59134985377867,724
4948,3,20,,YUB,,1.472,,NORTH JCT. RTE. 70,-121.58714122071646,39.14843602956173,17700.0,1500,18900,Ahead,State,True,39.59134985377867,724
4782,3,174,,PLA,,0.14,,"COLFAX, AUBURN/CENTRAL STS",-120.95083981298238,39.09684076162102,17600.0,2600,19100,Back,State,True,39.4335847314145,728
5593,3,70,,BUT,,13.901,,"OROVILLE, JCT. RTE. 162",-121.57528316431866,39.49779951701609,17600.0,1650,18900,Back,State,True,39.4335847314145,728
4786,3,174,,PLA,,0,,"COLFAX, JCT. RTE. 80",-120.94955601983008,39.09579902749438,17600.0,2800,19100,Ahead,State,True,39.4335847314145,728
4550,3,113,,YOL,R,9.228,,GIBSON ROAD,-121.75133226192365,38.66267515289935,17500.0,2200,27500,Back,State,True,39.310450977374174,731
4644,3,162,,BUT,,18.457,,FOOTHILL BOULEVARD,-121.53146911014682,39.501440081415815,17500.0,1800,19400,Back,State,True,39.310450977374174,731
5069,3,32,,BUT,,9.4,L,"CHICO, ON EIGHTH STREET AT PINE STREET, LEFT ALIGN",-121.83107039616003,39.72933073951599,17500.0,1350,21100,Back,State,True,39.310450977374174,731
4548,3,113,,YOL,R,7.666,,COUNTY ROAD 25,-121.75972018117609,38.64102748178337,17500.0,2400,25500,Ahead,State,True,39.310450977374174,731
4886,3,20,,NEV,R,6.6,,PENN VALLEY DRIVE,-121.16955383894944,39.203245853071174,17500.0,1750,18900,Ahead,State,True,39.310450977374174,731
5062,3,32,,BUT,,7.11,,WEST EIGHTH AVENUE,-121.86919174642634,39.73604922412395,17500.0,1750,17700,Ahead,State,True,39.310450977374174,731
5067,3,32,,BUT,,9.46,L,"CHICO, ON EIGHTH STREET AT CYPRESS STREET, LEFT ALIGN",-121.83010266086738,39.72996909449151,17500.0,1450,21100,Ahead,State,True,39.310450977374174,731
4546,3,113,,YOL,R,6.114,,COUNTY ROAD 27,-121.76651529580168,38.61930047481131,17400.0,2450,23900,Ahead,State,True,39.19116515314761,738
5041,3,32,,BUT,,10.187,R,"CHICO, ON NINTH STREET AT FIR STREET, RIGHT ALIGN",-121.81919046758169,39.73603300201369,17300.0,1600,18900,Back,State,True,39.0757272587348,739
4914,3,20,,SUT,,13.6,,GEORGE WASHINGTON BOULEVARD,-121.6715992265248,39.14131036420739,17200.0,1550,18500,Ahead,State,True,38.956441434508235,740
4578,3,12,,SAC,,5.645,,ISLETON/TERMINOUS ROADS,-121.58953931558825,38.130066300916646,17100.0,1950,21300,Back,State,True,38.85639525935047,741
4574,3,12,,SAC,,0.571,,JCT. RTE. 160,-121.67648363711747,38.15513506289131,17100.0,1950,21300,Ahead,State,True,38.85639525935047,741
5651,3,70,,YUB,,15.16,,"MARYSVILLE, 18TH STREET",-121.5880157333405,39.15512368980204,17100.0,1550,18300,Ahead,State,True,38.85639525935047,741
6042,3,99,,SUT,,42.389,,SUTTER/BUTTE COUNTY LINE,-121.6726554782123,39.305135218871655,17000.0,1500,17400,Back,State,True,38.71017392642758,744
4550,3,113,,YOL,R,9.228,,GIBSON ROAD,-121.75133226192365,38.66267515289935,17000.0,1950,21100,Ahead,State,True,38.71017392642758,744
5060,3,32,,BUT,,6.457,,WEST LINDO AVENUE,-121.88005462938943,39.74067601712921,17000.0,1600,17800,Ahead,State,True,38.71017392642758,744
5918,3,99,,BUT,,0,,SUTTER/BUTTE COUNTY LINE,-121.6726554782123,39.305135218871655,17000.0,1500,17400,Ahead,State,True,38.71017392642758,744
5058,3,32,,BUT,,6.238,,EAST/NORTH LINDO AVE,-121.88326834872512,39.74208702413798,16900.0,1600,17200,Back,State,True,38.544712944435894,748
5902,3,99,,BUT,R,3.746,,ARCHER AVENUE,-121.68789473494901,39.35773469412213,16900.0,2150,17100,Ahead,State,True,38.544712944435894,748
5936,3,99,,BUT,,4.121,,"GRIDLEY, WILSON STREET",-121.68792368136243,39.36323166479273,16900.0,2200,18000,Ahead,State,True,38.544712944435894,748
4994,3,275,,YOL,,13.077,,"SAC/YOL COUNTY LINE, END OF ROUTE",-121.50827094707944,38.58053387705462,16800.0,1900,18400,Back,State,True,38.410035400954285,751
5060,3,32,,BUT,,6.457,,WEST LINDO AVENUE,-121.88005462938943,39.74067601712921,16800.0,1800,17200,Back,State,True,38.410035400954285,751
5902,3,99,,BUT,R,3.746,,ARCHER AVENUE,-121.68789473494901,39.35773469412213,16800.0,2150,17000,Back,State,True,38.410035400954285,751
5936,3,99,,BUT,,4.121,,"GRIDLEY, WILSON STREET",-121.68792368136243,39.36323166479273,16700.0,2200,17900,Back,State,True,38.29844543635524,754
6012,3,99,,SUT,T,30.629,,"YUBA CITY, JCT. RTE. 20",-121.63447025323768,39.14185189146805,16700.0,1450,17900,Ahead,State,True,38.29844543635524,754
5653,3,70,,YUB,,15.35,,"MARYSVILLE, 24TH STREET",-121.58887431703793,39.15770354748242,16600.0,1650,17000,Back,State,True,38.209943050638756,756
5591,3,70,,BUT,,11.531,,MARYSVILLE BAGGETT ROAD,-121.57892323756295,39.46400355800634,16600.0,1550,17200,Ahead,State,True,38.209943050638756,756
125,3,160,,SAC,L,1.39,,SAN JOAQUIN RIVER BRIDGE,-121.75157076373327,38.04432832941425,16500.0,1700,18100,Back,State,True,38.07911343697091,758
123,3,160,,SAC,L,0,,CONTRA COSTA/SACRAMENTO COUNTY LINE,-121.75146652502434,38.02417642662267,16500.0,1700,18100,Ahead,State,True,38.07911343697091,758
14,3,20,,COL,,31.849,,"COLUSA, MARKET/BRIDGE STREETS",-122.00129727345674,39.212384637483886,16400.0,1750,17300,Back,State,True,37.944435893489306,760
5156,3,49,,ED,,38.233,,EL DORADO/PLACER COUNTY LINE,-121.04045298161002,38.91543073726247,16400.0,1300,18100,Back,State,True,37.944435893489306,760
14,3,20,,COL,,31.849,,"COLUSA, MARKET/BRIDGE STREETS",-122.00129727345674,39.212384637483886,16400.0,1750,17300,Ahead,State,True,37.944435893489306,760
5154,3,49,,ED,,34.466,,"COOL, JCT. RTE. 193 EAST",-121.01590439554909,38.88694720988555,16400.0,1300,18100,Ahead,State,True,37.944435893489306,760
6030,3,99,,SUT,,27.65,,BOGUE ROAD,-121.6344282543032,39.09831262176526,16300.0,1600,21700,Ahead,State,True,37.83669385870402,764
5067,3,32,,BUT,,9.46,L,"CHICO, ON EIGHTH STREET AT CYPRESS STREET, LEFT ALIGN",-121.83010266086738,39.72996909449151,16200.0,1400,18000,Back,State,True,37.74819147298753,765
5040,3,32,,BUT,,10.187,L,"CHICO, ON EIGHTH STREET AT FIR STREET, END LEFT ALIGN'",-121.81990623082704,39.73686575164625,16200.0,1400,18000,Ahead,State,True,37.74819147298753,765
5916,3,99,,BUT,R,36.305,,EATON AVENUE,-121.87323814294497,39.774540820301276,16100.0,2000,16400,Ahead,State,True,37.66738494689857,767
4592,3,160,,SAC,R,0,,JCT. RTE. 12,-121.67645203708074,38.15517046251233,16000.0,1500,17600,Back,State,True,37.46729259658304,768
125,3,160,,SAC,L,1.39,,SAN JOAQUIN RIVER BRIDGE,-121.75157076373327,38.04432832941425,16000.0,1500,17600,Ahead,State,True,37.46729259658304,768
5611,3,70,,BUT,,4.06,,EAST GRIDLEY ROAD/STIMPSON LANE,-121.60787379938309,39.36465936958992,16000.0,1500,17800,Ahead,State,True,37.46729259658304,768
4858,3,20,,NEV,R,12.162,,"GRASS VALLEY, MILL STREET",-121.06984739562218,39.20983959622849,15900.0,1700,17100,Back,State,True,37.24411266738495,771
5326,3,50,,ED,,75.448,,"SOUTH LAKE TAHOE, JCT. RTE. 89 NORTH",-120.00462015235163,38.91348819657865,15900.0,1800,19300,Back,US,True,37.24411266738495,771
5940,3,99,,BUT,,40.22,,KEEFER ROAD,-121.91792712835579,39.813604410812594,15900.0,1150,18500,Ahead,State,True,37.24411266738495,771
4880,3,20,,NEV,R,17.24,,"NEVADA CITY, COYOTE STREET",-121.01647732576593,39.26586062452261,15800.0,2750,18000,Back,State,True,37.10558719408958,774
4964,3,244,,SAC,,0.457,,"SACRAMENTO, JCT. RTE. 51",-121.37543266337346,38.64632777240719,15800.0,1450,16800,Back,State,True,37.10558719408958,774
4962,3,244,,SAC,,0.01,,"WATT AVENUE, BEGIN FREEWAY",-121.38318800786749,38.64474605468063,15800.0,1450,16300,Ahead,State,True,37.10558719408958,774
5036,3,32,,BUT,R,9.571,L,"CHICO, ON 8TH ST AT MAIN ST, LEFT ALIGN",-121.83565894481724,39.72622637721749,15800.0,1150,18800,Ahead,State,True,37.10558719408958,774
5069,3,32,,BUT,,9.4,L,"CHICO, ON EIGHTH STREET AT PINE STREET, LEFT ALIGN",-121.83107039616003,39.72933073951599,15800.0,1150,18800,Ahead,State,True,37.10558719408958,774
5647,3,70,,YUB,,14.71,,"MARYSVILLE, JCT. RTE. 20",-121.58714203638672,39.148441636242254,15700.0,2300,16100,Ahead,State,True,36.9786055102355,779
5068,3,32,,BUT,,9.46,R,"CHICO, ON NINTH STREET AT CYPRESS STREET, RIGHT ALIGN",-121.82934168541378,39.729254871635355,15600.0,1500,16800,Back,State,True,36.836232107126364,780
5041,3,32,,BUT,,10.187,R,"CHICO, ON NINTH STREET AT FIR STREET, RIGHT ALIGN",-121.81919046758169,39.73603300201369,15600.0,1500,17700,Ahead,State,True,36.836232107126364,780
5940,3,99,,BUT,,40.22,,KEEFER ROAD,-121.91792712835579,39.813604410812594,15500.0,960,18500,Back,State,True,36.68616284438972,782
6004,3,99,,SUT,R,20.051,,JCT. RTE. 113,-121.63124607481713,39.003418765252114,15500.0,1500,16900,Ahead,State,True,36.68616284438972,782
5591,3,70,,BUT,,11.531,,MARYSVILLE BAGGETT ROAD,-121.57892323756295,39.46400355800634,15400.0,1600,15600,Back,State,True,36.54378944128059,784
5615,3,70,,BUT,,9.06,,WELSH/PALERMO ROADS,-121.60503977815506,39.43458689014548,15400.0,1600,15600,Ahead,State,True,36.54378944128059,784
5615,3,70,,BUT,,9.06,,WELSH/PALERMO ROADS,-121.60503977815506,39.43458689014548,15300.0,1500,15400,Back,State,True,36.40526396798522,786
4878,3,20,,NEV,R,16.988,,"NEVADA CITY, BROAD STREET",-121.01687669248675,39.26218900916344,15300.0,2750,18000,Ahead,State,True,36.40526396798522,786
5274,3,50,,ED,R,28.842,,SAWMILL  (TO POLLOCK PINES),-120.61758704533462,38.74837298972859,15200.0,2600,19000,Ahead,US,True,36.266738494689854,788
5878,3,89,,PLA,,13.058,,TRUCKEE RIVER BRIDGE,-120.19839125340759,39.19647999428806,15100.0,1600,17000,Back,State,True,36.15899645990457,789
5260,3,505,,YOL,,4.026,,COUNTY ROAD 29A,-121.95304746687098,38.5840275296568,15000.0,1900,18900,Back,Interstate,True,36.02816684623672,790
5278,3,50,,ED,R,31.299,,SLY PARK ROAD,-120.57595434591269,38.76131535397289,15000.0,2650,19000,Back,US,True,36.02816684623672,790
5942,3,99,,BUT,,44.32,,BROYLES ROAD,-121.96020034993151,39.86363071426243,15000.0,1450,15900,Back,State,True,36.02816684623672,790
5262,3,505,,YOL,,6.534,,COUNTY ROAD 27,-121.95327769519685,38.62038732452711,14900.0,1900,18900,Back,Interstate,True,35.801138987224874,793
5890,3,89,,PLA,,8.9,,TAHOE CITY STATE HIGHWAY MAINTENANCE STATION,-120.14968690647459,39.16400430973628,14900.0,1550,16500,Back,State,True,35.801138987224874,793
4880,3,20,,NEV,R,17.24,,"NEVADA CITY, COYOTE STREET",-121.01647732576593,39.26586062452261,14900.0,2550,17400,Ahead,State,True,35.801138987224874,793
4884,3,20,,NEV,R,4.651,,PLEASANT VALLEY ROAD,-121.20506098214452,39.20515357447152,14900.0,1350,15000,Ahead,State,True,35.801138987224874,793
5037,3,32,,BUT,R,9.571,R,"CHICO, ON 9TH ST AT MAIN ST, RIGHT ALIGN",-121.8348604880567,39.72554199734441,14900.0,1450,16200,Ahead,State,True,35.801138987224874,793
5066,3,32,,BUT,,9.41,R,"CHICO, ON NINTH STREET AT PINE STREET, RIGHT ALIGN",-121.83030137719139,39.72860515272348,14900.0,1450,16200,Ahead,State,True,35.801138987224874,793
5260,3,505,,YOL,,4.026,,COUNTY ROAD 29A,-121.95304746687098,38.5840275296568,14900.0,1900,18900,Ahead,Interstate,True,35.801138987224874,793
5262,3,505,,YOL,,6.534,,COUNTY ROAD 27,-121.95327769519685,38.62038732452711,14900.0,1800,18700,Ahead,Interstate,True,35.801138987224874,793
5890,3,89,,PLA,,8.9,,TAHOE CITY STATE HIGHWAY MAINTENANCE STATION,-120.14968690647459,39.16400430973628,14900.0,1550,16500,Ahead,State,True,35.801138987224874,793
5862,3,89,,NEV,R,0.621,,JCT RTE 80 WEST ON/OFF RAMPS TO WB 80,-120.16994505070367,39.338817041974515,14800.0,1900,20500,Back,State,True,35.597198707095586,802
5946,3,99,,BUT,,7.69,,BIGGS HIGHWAY,-121.68810755841622,39.41496887319616,14800.0,1400,16300,Ahead,State,True,35.597198707095586,802
4886,3,20,,NEV,R,6.6,,PENN VALLEY DRIVE,-121.16955383894944,39.203245853071174,14700.0,1350,16500,Back,State,True,35.470217023241496,804
4978,3,267,,PLA,,2.04,,MARTIS CREEK BRIDGE,-120.12071720874224,39.30261624043593,14600.0,2050,17900,Back,State,True,35.34708326920117,805
5944,3,99,,BUT,,45.975,,BUTTE/TEHAMA COUNTY LINE,-121.97636623685011,39.883563324962225,14600.0,1500,15900,Back,State,True,35.34708326920117,805
4974,3,267,,PLA,,0.25,,TAHOE TRUCKEE AIRPORT ROAD,-120.14859472936227,39.31461730251118,14600.0,2050,17900,Ahead,State,True,35.34708326920117,805
5942,3,99,,BUT,,44.32,,BROYLES ROAD,-121.96020034993151,39.86363071426243,14600.0,1500,15900,Ahead,State,True,35.34708326920117,805
5926,3,99,,BUT,,2.79,,LIVE OAK GRIDLEY ROAD,-121.68683623747333,39.34379657269672,14500.0,1650,15000,Ahead,State,True,35.21240572571956,809
5320,3,50,,ED,,71.48,,"MEYERS, PIONEER TRAIL ROAD",-120.01214910702102,38.85954864550203,14400.0,2700,22500,Back,US,True,35.096967831306756,810
5318,3,50,,ED,,70.621,,JCT. RTE. 89 SOUTH,-120.02232262463171,38.85102246321718,14400.0,2700,22500,Ahead,US,True,35.096967831306756,810
5878,3,89,,PLA,,13.058,,TRUCKEE RIVER BRIDGE,-120.19839125340759,39.19647999428806,14400.0,1600,25500,Ahead,State,True,35.096967831306756,810
5880,3,89,,PLA,,13.72,,SQUAW VALLEY ROAD,-120.19946100946875,39.204812024969364,14400.0,2550,16900,Ahead,State,True,35.096967831306756,810
5308,3,50,,ED,,39.772,,ICEHOUSE ROAD,-120.44754585340037,38.76928883251773,14300.0,2800,22700,Back,US,True,34.99692165614899,814
5314,3,50,,ED,,65.619,,ECHO LAKE ROAD,-120.04423480535243,38.82430713459496,14300.0,2450,19000,Back,US,True,34.99692165614899,814
5035,3,32,,BUT,R,9.504,L,"CHICO, ON EIGHTH STREET AT BROADWAY, LEFT ALIGN",-121.83660295919647,39.72560656123912,14200.0,1150,16600,Back,State,True,34.881483761736185,816
5036,3,32,,BUT,R,9.571,L,"CHICO, ON 8TH ST AT MAIN ST, LEFT ALIGN",-121.83565894481724,39.72622637721749,14200.0,1150,16600,Back,State,True,34.881483761736185,816
5076,3,32,,GLE,,10.91,,GLENN/BUTTE COUNTY LINE,-121.99654591952734,39.75114313911384,14200.0,1650,14300,Back,State,True,34.881483761736185,816
5252,3,505,,YOL,,10.623,,JCT. RTE. 16,-121.95189693968938,38.67959760926256,14200.0,1600,18800,Back,Interstate,True,34.881483761736185,816
5649,3,70,,YUB,,14.87,,"MARYSVILLE, 14TH STREET",-121.58743152118198,39.150663601431646,14200.0,1200,15000,Back,State,True,34.881483761736185,816
5659,3,70,,YUB,,25.822,,YUBA/BUTTE COUNTY LINE,-121.5954270051144,39.308328026615236,14200.0,1350,15200,Back,State,True,34.881483761736185,816
5587,3,70,,BUT,,0,,YUBA/BUTTE COUNTY LINE,-121.5954270051144,39.308328026615236,14200.0,1350,15200,Ahead,State,True,34.881483761736185,816
6026,3,99,,SUT,,25.62,,OSWALD ROAD,-121.6333708321109,39.068965536256684,14100.0,1700,20900,Back,State,True,34.71987070955826,823
5653,3,70,,YUB,,15.35,,"MARYSVILLE, 24TH STREET",-121.58887431703793,39.15770354748242,14000.0,1150,14300,Ahead,State,True,34.54286593812529,824
16,3,20,,COL,,32.301,,"COLUSA, FREMONT STREET",-122.00368657112695,39.20607718968171,13900.0,1500,14800,Back,State,True,34.392796675388645,825
4708,3,16,,SAC,R,15.999,,DILLIARD ROAD,-121.1612353217392,38.49328370388063,13800.0,1350,15800,Back,State,True,34.285054640603356,826
5589,3,70,,BUT,,1.01,,LOWER HONCUT ROAD,-121.59620212544046,39.32145102285975,13800.0,1300,16600,Back,State,True,34.285054640603356,826
5655,3,70,,YUB,,16.22,,LAURELLEN ROAD,-121.5899708940985,39.17000477375525,13800.0,1150,14100,Back,State,True,34.285054640603356,826
4718,3,16,,SAC,,12.54,,GRANT LINE ROAD,-121.22319009130248,38.50190356021628,13800.0,1350,15800,Ahead,State,True,34.285054640603356,826
4974,3,267,,PLA,,0.25,,TAHOE TRUCKEE AIRPORT ROAD,-120.14859472936227,39.31461730251118,13700.0,1650,17200,Back,State,True,34.16576881637679,830
5657,3,70,,YUB,,19.743,,WOODRUFF LANE,-121.60123199304054,39.219211523666104,13700.0,1300,13900,Back,State,True,34.16576881637679,830
5926,3,99,,BUT,,2.79,,LIVE OAK GRIDLEY ROAD,-121.68683623747333,39.34379657269672,13700.0,1400,14400,Back,State,True,34.16576881637679,830
5033,3,32,,BUT,R,9.171,L,"CHICO, ON EIGHTH STREET AT IVY STREET, LEFT ALIGN",-121.8412554023249,39.722460266116165,13700.0,1100,15300,Ahead,State,True,34.16576881637679,830
5655,3,70,,YUB,,16.22,,LAURELLEN ROAD,-121.5899708940985,39.17000477375525,13700.0,1300,13900,Ahead,State,True,34.16576881637679,830
5194,3,49,,PLA,,2.36,,"AUBURN, BORLAND AVENUE",-121.06559408116104,38.90411286951602,13600.0,1300,14700,Ahead,State,True,34.02724334308142,835
5589,3,70,,BUT,,1.01,,LOWER HONCUT ROAD,-121.59620212544046,39.32145102285975,13600.0,1350,15600,Ahead,State,True,34.02724334308142,835
4882,3,20,,NEV,R,17.398,,"NEVADA CITY, EAST JCT. RTE. 49",-121.01510989676571,39.26788377072034,13500.0,1500,15300,Back,State,True,33.87717408034477,837
5031,3,32,,BUT,R,9.038,L,"CHICO, ON EIGHTH STREET AT ORANGE STREET, LEFT ALIGN",-121.8431182980184,39.72118801778013,13500.0,1250,15300,Back,State,True,33.87717408034477,837
5029,3,32,,BUT,R,8.905,L,"CHICO, ON EIGHTH STREET AT WALNUT STREET, BEGIN LEFT ALIGN",-121.84496924522027,39.719938106250865,13500.0,1250,15300,Ahead,State,True,33.87717408034477,837
5058,3,32,,BUT,,6.238,,EAST/NORTH LINDO AVE,-121.88326834872512,39.74208702413798,13500.0,1450,14500,Ahead,State,True,33.87717408034477,837
4718,3,16,,SAC,,12.54,,GRANT LINE ROAD,-121.22319009130248,38.50190356021628,13400.0,1100,14000,Back,State,True,33.68092965984301,841
4854,3,20,,COL,,31.47,,"COLUSA, FIFTH STREET",-122.0080144592314,39.2139649753402,13400.0,1550,14800,Back,State,True,33.68092965984301,841
5934,3,99,,BUT,,38.79,,WILSON LANDING ROAD,-121.90289505546293,39.797073298985865,13400.0,1700,16400,Back,State,True,33.68092965984301,841
4708,3,16,,SAC,R,15.999,,DILLIARD ROAD,-121.1612353217392,38.49328370388063,13400.0,1350,14600,Ahead,State,True,33.68092965984301,841
5038,3,32,,BUT,,0,,GLENN/BUTTE COUNTY LINE,-121.99654591952734,39.75114313911384,13400.0,1400,14000,Ahead,State,True,33.68092965984301,841
5934,3,99,,BUT,,38.79,,WILSON LANDING ROAD,-121.90289505546293,39.797073298985865,13400.0,1150,16400,Ahead,State,True,33.68092965984301,841
5033,3,32,,BUT,R,9.171,L,"CHICO, ON EIGHTH STREET AT IVY STREET, LEFT ALIGN",-121.8412554023249,39.722460266116165,13300.0,1050,14800,Back,State,True,33.48853316915499,847
4854,3,20,,COL,,31.47,,"COLUSA, FIFTH STREET",-122.0080144592314,39.2139649753402,13300.0,1750,13900,Ahead,State,True,33.48853316915499,847
5035,3,32,,BUT,R,9.504,L,"CHICO, ON EIGHTH STREET AT BROADWAY, LEFT ALIGN",-121.83660295919647,39.72560656123912,13300.0,1050,14800,Ahead,State,True,33.48853316915499,847
5054,3,32,,BUT,,4.18,,MERIDIAN ROAD,-121.91904845220581,39.75334052388822,13200.0,1400,14000,Back,State,True,33.33461597660459,850
5056,3,32,,BUT,,5.022,,MUIR AVENUE,-121.90337986184872,39.75059834945135,13200.0,1400,14000,Back,State,True,33.33461597660459,850
5054,3,32,,BUT,,4.18,,MERIDIAN ROAD,-121.91904845220581,39.75334052388822,13200.0,1400,14000,Ahead,State,True,33.33461597660459,850
5946,3,99,,BUT,,7.69,,BIGGS HIGHWAY,-121.68810755841622,39.41496887319616,13100.0,2250,13800,Back,State,True,33.21917808219178,853
5056,3,32,,BUT,,5.022,,MUIR AVENUE,-121.90337986184872,39.75059834945135,13100.0,1400,14000,Ahead,State,True,33.21917808219178,853
4972,3,267,,NEV,M,1.798,,PLACER/NEVADA COUNTY LINE,-120.15223853151325,39.31629457203814,13000.0,2100,17000,Back,State,True,33.09219639833769,855
5136,3,49,,ED,,11.859,,"DIAMOND SPRINGS, PLEASANT VALLEY ROAD",-120.81335733807221,38.69481453475204,13000.0,1350,13300,Back,State,True,33.09219639833769,855
4706,3,16,,SAC,R,11.474,,"SACRAMENTO, SUNRISE BOULEVARD",-121.24240827928338,38.5057891296557,13000.0,1150,13600,Ahead,State,True,33.09219639833769,855
4976,3,267,,PLA,,0,,PLACER/NEVADA COUNTY LINE,-120.15223853151325,39.31629457203814,13000.0,2100,17000,Ahead,State,True,33.09219639833769,855
5134,3,49,,ED,,11.239,,MISSOURI FLAT ROAD,-120.82345281005102,38.692863388310364,13000.0,1350,13300,Ahead,State,True,33.09219639833769,855
5668,3,80,,NEV,R,62.027,R,"CARYLE ROAD, INDIAN SPRINGS RIGHT ALIGN",-120.56532225182416,39.32016366770557,12900.0,1550,15800,Back,Interstate,True,32.930583346159764,860
5922,3,99,,BUT,,13.161,,JCT. RTE. 162 EAST,-121.68866923274257,39.494239045130456,12900.0,1250,13900,Back,State,True,32.930583346159764,860
4852,3,20,,COL,,31.091,,"COLUSA, JCT. RTE. 45 NORTH",-122.01476069652237,39.215620509976326,12900.0,1800,14300,Ahead,State,True,32.930583346159764,860
5080,3,32,,GLE,,9.626,,JCT. RTE. 45 SOUTH,-122.01937021814653,39.74449621790282,12900.0,1250,13400,Ahead,State,True,32.930583346159764,860
5668,3,80,,NEV,R,62.027,R,"CARYLE ROAD, INDIAN SPRINGS RIGHT ALIGN",-120.56532225182416,39.32016366770557,12900.0,1550,15800,Ahead,Interstate,True,32.930583346159764,860
5920,3,99,,BUT,,11.159,,JCT. RTE. 162 WEST,-121.6884698004613,39.46521625491419,12900.0,1250,13900,Ahead,State,True,32.930583346159764,860
5044,3,32,,BUT,,11.01,,"CHICO, FOREST AVENUE",-121.8048315005346,39.73938185595714,12800.0,1150,13200,Back,State,True,32.7920578728644,866
5611,3,70,,BUT,,4.06,,EAST GRIDLEY ROAD/STIMPSON LANE,-121.60787379938309,39.36465936958992,12800.0,1200,14300,Back,State,True,32.7920578728644,866
4634,3,162,,BUT,,15.831,,"OROVILLE, JCT. RTE. 70",-121.57531165348959,39.497928890003614,12700.0,1500,14500,Back,State,True,32.688163767892874,868
5924,3,99,,BUT,,16.19,,NELSON SHIPPEE ROAD,-121.68874632256698,39.53782466432064,12700.0,980,13600,Back,State,True,32.688163767892874,868
4632,3,162,,BUT,,14.96,,"OROVILLE, 12TH STREET",-121.5916349512971,39.49802389549526,12700.0,1500,14500,Ahead,State,True,32.688163767892874,868
4980,3,267,,PLA,,3.76,,NORTH STAR DRIVE,-120.10393037036667,39.2870869470411,12700.0,2050,17900,Ahead,State,True,32.688163767892874,868
5082,3,395,,SIE,R,0,L,"SIERRA/LASSEN COUNTY LINE, LEFT ALIGN",-120.00116257634893,39.673262412458236,12600.0,1500,16400,Back,US,True,32.58042173310759,872
5046,3,32,,BUT,,11.27,,"CHICO, EL MONTE AVENUE",-121.79990947388774,39.74037544166948,12600.0,1150,13400,Ahead,State,True,32.58042173310759,872
5920,3,99,,BUT,,11.159,,JCT. RTE. 162 WEST,-121.6884698004613,39.46521625491419,12500.0,1150,13400,Back,State,True,32.3957211020471,874
4710,3,16,,SAC,R,16.805,,LATROBE ROAD,-121.14654752728066,38.49577696642205,12500.0,1300,14000,Ahead,State,True,32.3957211020471,874
5016,3,28,,PLA,,9.34,,"KINGS BEACH, JCT. RTE. 267 NORTH",-120.0315354847759,39.23791219292058,12500.0,1300,15300,Ahead,State,True,32.3957211020471,874
4710,3,16,,SAC,R,16.805,,LATROBE ROAD,-121.14654752728066,38.49577696642205,12400.0,1300,14500,Back,State,True,32.21871633061413,877
5657,3,70,,YUB,,19.743,,WOODRUFF LANE,-121.60123199304054,39.219211523666104,12400.0,1250,12600,Ahead,State,True,32.21871633061413,877
5667,3,80,,NEV,R,62.027,L,"CARYLE ROAD, INDIAN SPRINGS LEFT ALIGN",-120.56457661151077,39.32393463040268,12300.0,1500,15600,Back,Interstate,True,32.10327843620132,879
5031,3,32,,BUT,R,9.038,L,"CHICO, ON EIGHTH STREET AT ORANGE STREET, LEFT ALIGN",-121.8431182980184,39.72118801778013,12300.0,930,13600,Ahead,State,True,32.10327843620132,879
5667,3,80,,NEV,R,62.027,L,"CARYLE ROAD, INDIAN SPRINGS LEFT ALIGN",-120.56457661151077,39.32393463040268,12300.0,1500,15600,Ahead,Interstate,True,32.10327843620132,879
5669,3,80,,NEV,R,62.747,L,NEVADA CO LINE,-120.55600880372435,39.31600687937347,12300.0,1500,15600,Ahead,Interstate,True,32.10327843620132,879
4970,3,267,,NEV,M,1.419,,"BRIDGE ST, RT/SOARNG WY LT",-120.15715691818657,39.32016917242184,12200.0,1350,16400,Ahead,State,True,31.98399261197476,883
4508,3,104,,SAC,,2.61,,CHEROKEE LANE,-121.26440097510466,38.291723053438695,12100.0,1450,12900,Back,State,True,31.857010928120673,884
4646,3,162,,BUT,,20.449,,OROVILLE QUINCY HIGHWAY,-121.49776179192914,39.505299484252554,12100.0,1350,13600,Back,State,True,31.857010928120673,884
5029,3,32,,BUT,R,8.905,L,"CHICO, ON EIGHTH STREET AT WALNUT STREET, BEGIN LEFT ALIGN",-121.84496924522027,39.719938106250865,12100.0,1050,13600,Back,State,True,31.857010928120673,884
4540,3,113,,YOL,R,10.72,,JCT. RTE. 5,-121.75078357993127,38.68396077144121,12000.0,1350,13400,Back,State,True,31.660766507618902,887
16,3,20,,COL,,32.301,,"COLUSA, FREMONT STREET",-122.00368657112695,39.20607718968171,12000.0,1150,12800,Ahead,State,True,31.660766507618902,887
4538,3,113,,YOL,R,10.218,,"WOODLAND, MAIN STREET",-121.75088901429783,38.677007854854345,12000.0,1350,13400,Ahead,State,True,31.660766507618902,887
5669,3,80,,NEV,R,62.747,L,NEVADA CO LINE,-120.55600880372435,39.31600687937347,11800.0,1500,13500,Back,Interstate,True,31.25673387717408,890
5880,3,89,,PLA,,13.72,,SQUAW VALLEY ROAD,-120.19946100946875,39.204812024969364,11800.0,1600,13800,Back,State,True,31.25673387717408,890
4644,3,162,,BUT,,18.457,,FOOTHILL BOULEVARD,-121.53146911014682,39.501440081415815,11800.0,1400,13600,Ahead,State,True,31.25673387717408,890
4934,3,20,,YUB,R,7.018,,HALLWOOD BOULEVARD,-121.51669721541137,39.20307744032899,11700.0,1050,12200,Back,State,True,31.06818531629983,893
4980,3,267,,PLA,,3.76,,NORTH STAR DRIVE,-120.10393037036667,39.2870869470411,11700.0,1500,16900,Back,State,True,31.06818531629983,893
5028,3,32,,BUT,R,8.869,R,"CHICO, ON NINTH STREET AT WALNUT STREET, BEGIN RIGHT ALIGN",-121.84424838942559,39.7193057299563,11700.0,1350,13900,Back,State,True,31.06818531629983,893
4572,3,128,,YOL,,9.835,,JCT. RTE. 505,-121.95298291123973,38.531419371422444,11600.0,1150,13400,Back,State,True,30.941203632445745,896
4720,3,16,,SAC,,19.473,,MURIETTA PARKWAY,-121.098493579478,38.496286023221025,11600.0,1150,11800,Back,State,True,30.941203632445745,896
5134,3,49,,ED,,11.239,,MISSOURI FLAT ROAD,-120.82345281005102,38.692863388310364,11600.0,1450,12100,Back,State,True,30.941203632445745,896
4760,3,16,,YOL,,39.558,,CO RD 97,-121.82110924477405,38.677800998043075,11600.0,1050,14000,Ahead,State,True,30.941203632445745,896
4502,3,104,,SAC,,0,,JCT. RTE. 99,-121.31225465878612,38.29106004227628,11500.0,1400,12600,Ahead,State,True,30.77959058026782,900
4930,3,20,,YUB,R,2.94,,"MARYSVILLE, 22ND STREET",-121.56461846677522,39.15862976942404,11300.0,1250,13800,Back,State,True,30.537171002000925,901
5882,3,89,,PLA,,21.52,,WEST RIVER STREET,-120.20393674230266,39.31486827754007,11300.0,1750,16000,Back,State,True,30.537171002000925,901
4928,3,20,,YUB,R,1.98,,"MARYSVILLE, BUCHANAN STREET",-121.5781784937682,39.149141096784284,11300.0,1100,12800,Ahead,State,True,30.537171002000925,901
5018,3,28,,PLA,,9.88,,COON STREET,-120.02214641739378,39.23578069069989,11200.0,1300,15000,Back,State,True,30.425581037401876,904
5034,3,32,,BUT,R,9.461,R,"CHICO, ON NINTH STREET AT BROADWAY, RIGHT ALIGN",-121.83589095090902,39.724937177712796,11200.0,1200,12000,Back,State,True,30.425581037401876,904
5037,3,32,,BUT,R,9.571,R,"CHICO, ON 9TH ST AT MAIN ST, RIGHT ALIGN",-121.8348604880567,39.72554199734441,11200.0,1200,12000,Back,State,True,30.425581037401876,904
5252,3,505,,YOL,,10.623,,JCT. RTE. 16,-121.95189693968938,38.67959760926256,11100.0,1300,14100,Ahead,Interstate,True,30.29090349392027,907
5046,3,32,,BUT,,11.27,,"CHICO, EL MONTE AVENUE",-121.79990947388774,39.74037544166948,11000.0,930,11600,Back,State,True,30.125442511928586,908
5018,3,28,,PLA,,9.88,,COON STREET,-120.02214641739378,39.23578069069989,11000.0,1350,14600,Ahead,State,True,30.125442511928586,908
5138,3,49,,ED,,14.463,,"PLACERVILLE, FISKE ROAD",-120.80340320881683,38.724617992387905,11000.0,1250,14300,Ahead,State,True,30.125442511928586,908
4724,3,16,,SAC,,6.22,,BRADSHAW ROAD,-121.33497527655015,38.529023983789195,10900.0,1100,12100,Back,State,True,29.93304602124057,911
5006,3,28,,PLA,,11,,CAL-NEVA DRIVE,-120.0065491909995,39.22705380240172,10900.0,1250,15300,Back,State,True,29.93304602124057,911
4722,3,16,,SAC,,4.166,,"SACRAMENTO, WATT AVENUE",-121.37096862750285,38.53877165933614,10900.0,1100,12100,Ahead,State,True,29.93304602124057,911
4988,3,275,,SAC,,0,,"SAC/YOL COUNTY LINE, END OF ROUTE",-121.50827094707944,38.58053387705462,10900.0,2050,22200,Ahead,State,True,29.93304602124057,911
5006,3,28,,PLA,,11,,CAL-NEVA DRIVE,-120.0065491909995,39.22705380240172,10900.0,1250,15300,Ahead,State,True,29.93304602124057,911
4648,3,162,,BUT,,20.49,,OAKVALE AVENUE,-121.49720646509859,39.505699326076424,10800.0,1150,11800,Back,State,True,29.759889179621364,916
4914,3,20,,SUT,,13.6,,GEORGE WASHINGTON BOULEVARD,-121.6715992265248,39.14131036420739,10800.0,1000,11500,Back,State,True,29.759889179621364,916
5140,3,49,,ED,,14.891,,"PLACERVILLE, JCT. RTE. 50",-120.80538804991183,38.728139486926246,10800.0,1150,12100,Back,State,True,29.759889179621364,916
4646,3,162,,BUT,,20.449,,OROVILLE QUINCY HIGHWAY,-121.49776179192914,39.505299484252554,10800.0,1200,12100,Ahead,State,True,29.759889179621364,916
4978,3,267,,PLA,,2.04,,MARTIS CREEK BRIDGE,-120.12071720874224,39.30261624043593,10800.0,1550,17200,Ahead,State,True,29.759889179621364,916
5128,3,49,,ED,R,14.708,,"PLACERVILLE, PACIFIC ST AT MAIN ST",-120.80406518812948,38.72768221005548,10800.0,1150,12100,Ahead,State,True,29.759889179621364,916
4726,3,16,,SAC,,8.342,,EXCELSIOR ROAD,-121.29789596572519,38.518817915456005,10700.0,950,11000,Back,State,True,29.544405110050793,922
4970,3,267,,NEV,M,1.419,,"BRIDGE ST, RT/SOARNG WY LT",-120.15715691818657,39.32016917242184,10700.0,1350,14500,Back,State,True,29.544405110050793,922
4724,3,16,,SAC,,6.22,,BRADSHAW ROAD,-121.33497527655015,38.529023983789195,10700.0,950,11000,Ahead,State,True,29.544405110050793,922
5176,3,49,,NEV,,15.81,,WEST BROAD STREET,-121.02902374050468,39.26734035515165,10700.0,1100,11300,Ahead,State,True,29.544405110050793,922
5318,3,50,,ED,,70.621,,JCT. RTE. 89 SOUTH,-120.02232262463171,38.85102246321718,10600.0,1900,13000,Back,US,True,29.398183777127905,926
5016,3,28,,PLA,,9.34,,"KINGS BEACH, JCT. RTE. 267 NORTH",-120.0315354847759,39.23791219292058,10500.0,1300,15800,Back,State,True,29.298137601970144,927
5928,3,99,,BUT,,22.538,,JCT. RTE 149,-121.69954413516417,39.627988976274295,10500.0,980,12000,Back,State,True,29.298137601970144,927
5922,3,99,,BUT,,13.161,,JCT. RTE. 162 EAST,-121.68866923274257,39.494239045130456,10500.0,1150,13200,Ahead,State,True,29.298137601970144,927
5924,3,99,,BUT,,16.19,,NELSON SHIPPEE ROAD,-121.68874632256698,39.53782466432064,10500.0,980,12000,Ahead,State,True,29.298137601970144,927
4760,3,16,,YOL,,39.558,,CO RD 97,-121.82110924477405,38.677800998043075,10400.0,980,11700,Back,State,True,29.11343697090965,931
4982,3,267,,PLA,,6.23,,MARTIS PEAK ROAD,-120.0744768247509,39.267274748717234,10400.0,1650,13500,Back,State,True,29.11343697090965,931
5884,3,89,,PLA,,21.677,,PLACER/NEVADA COUNTY LINE,-120.20426198453781,39.31612791169262,10400.0,1500,13400,Back,State,True,29.11343697090965,931
4934,3,20,,YUB,R,7.018,,HALLWOOD BOULEVARD,-121.51669721541137,39.20307744032899,10400.0,970,11200,Ahead,State,True,29.11343697090965,931
5278,3,50,,ED,R,31.299,,SLY PARK ROAD,-120.57595434591269,38.76131535397289,10400.0,2000,15800,Ahead,US,True,29.11343697090965,931
5864,3,89,,NEV,,0,,PLACER/NEVADA COUNTY LINE,-120.20426198453781,39.31612791169262,10400.0,2700,13400,Ahead,State,True,29.11343697090965,931
5882,3,89,,PLA,,21.52,,WEST RIVER STREET,-120.20393674230266,39.31486827754007,10400.0,1500,13400,Ahead,State,True,29.11343697090965,931
4772,3,174,,NEV,,6.83,,BRUNSWICK ROAD,-121.01107917315385,39.19816716888159,10300.0,1000,10600,Back,State,True,28.9248884100354,938
4846,3,20,,COL,,28.69,,"COLUSA, HUNTER ROAD",-122.04615098383954,39.19537578179712,10300.0,1050,11900,Ahead,State,True,28.9248884100354,938
4936,3,20,,YUB,R,7.89,,LOMA RICA ROAD,-121.51079379818124,39.21403476383463,10200.0,980,11200,Back,State,True,28.778667077112512,940
5254,3,505,,YOL,,13.429,,COUNTY ROAD 19,-121.9586195935092,38.719864810624166,10200.0,1450,12700,Back,Interstate,True,28.778667077112512,940
4982,3,267,,PLA,,6.23,,MARTIS PEAK ROAD,-120.0744768247509,39.267274748717234,10200.0,1400,14400,Ahead,State,True,28.778667077112512,940
4846,3,20,,COL,,28.69,,"COLUSA, HUNTER ROAD",-122.04615098383954,39.19537578179712,10100.0,1050,11800,Back,State,True,28.659381252885947,943
4992,3,275,,YOL,,12.039,,"WEST SACRAMENTO, JCT. RTE. 84",-121.52527731394754,38.5775134847953,10100.0,1300,13700,Back,State,True,28.659381252885947,943
5040,3,32,,BUT,,10.187,L,"CHICO, ON EIGHTH STREET AT FIR STREET, END LEFT ALIGN'",-121.81990623082704,39.73686575164625,10100.0,970,12200,Back,State,True,28.659381252885947,943
5048,3,32,,BUT,,11.704,,BRUCE ROAD,-121.79184488974707,39.74200161594683,10100.0,1250,12000,Back,State,True,28.659381252885947,943
4756,3,16,,YOL,,32.226,,JCT. RTE. 505,-121.95209895193214,38.67964221158358,10000.0,820,10800,Back,State,True,28.532399569031863,947
4856,3,20,,COL,,36.785,,JCT. RTE. 45 SOUTH,-121.96513042997489,39.15015238372668,10000.0,1050,10800,Back,State,True,28.532399569031863,947
4984,3,267,,PLA,,9.28,,"KINGS BEACH, NORTH AVENUE",-120.03133048832974,39.24709538652833,10000.0,1350,14300,Back,State,True,28.532399569031863,947
5080,3,32,,GLE,,9.626,,JCT. RTE. 45 SOUTH,-122.01937021814653,39.74449621790282,10000.0,990,10700,Back,State,True,28.532399569031863,947
4754,3,16,,YOL,,31.032,,"MADISON, COUNTY ROAD 89",-121.9673112089047,38.68176482130672,10000.0,820,10800,Ahead,State,True,28.532399569031863,947
5316,3,50,,ED,,70.245,,UPPER TRUCKEE RIVER ROAD,-120.02814925297305,38.84751538481667,10000.0,1800,12700,Ahead,US,True,28.532399569031863,947
4650,3,162,,BUT,,21.264,,CANYON DRIVE,-121.48507245343204,39.511628411649724,9900.0,1050,11200,Back,State,True,28.33230721871633,953
4754,3,16,,YOL,,31.032,,"MADISON, COUNTY ROAD 89",-121.9673112089047,38.68176482130672,9900.0,820,10300,Back,State,True,28.33230721871633,953
4774,3,174,,NEV,,8.94,,EMPIRE MINE ROAD,-121.0434749501584,39.208063016199034,9900.0,1450,10300,Back,State,True,28.33230721871633,953
4852,3,20,,COL,,31.091,,"COLUSA, JCT. RTE. 45 NORTH",-122.01476069652237,39.215620509976326,9900.0,880,10900,Back,State,True,28.33230721871633,953
5032,3,32,,BUT,R,9.133,R,"CHICO, ON NINTH STREET AT IVY STREET, RIGHT ALIGN",-121.84051622898325,39.72182271980855,9900.0,1050,10800,Back,State,True,28.33230721871633,953
5128,3,49,,ED,R,14.708,,"PLACERVILLE, PACIFIC ST AT MAIN ST",-120.80406518812948,38.72768221005548,9900.0,1150,10300,Back,State,True,28.33230721871633,953
32,3,49,,ED,R,14.597,,"PLACERVILLE, PACIFIC ST/RTE 49 LEFT TURN",-120.80289401406938,38.726526140961944,9900.0,1150,11200,Ahead,State,True,28.33230721871633,953
4648,3,162,,BUT,,20.49,,OAKVALE AVENUE,-121.49720646509859,39.505699326076424,9900.0,1050,11200,Ahead,State,True,28.33230721871633,953
4752,3,16,,YOL,,28.266,,COUNTY ROAD 21 A,-122.01757784559273,38.68907132677847,9900.0,820,10300,Ahead,State,True,28.33230721871633,953
4756,3,16,,YOL,,32.226,,JCT. RTE. 505,-121.95209895193214,38.67964221158358,9900.0,920,10700,Ahead,State,True,28.33230721871633,953
4984,3,267,,PLA,,9.28,,"KINGS BEACH, NORTH AVENUE",-120.03133048832974,39.24709538652833,9900.0,1150,13800,Ahead,State,True,28.33230721871633,953
5034,3,32,,BUT,R,9.461,R,"CHICO, ON NINTH STREET AT BROADWAY, RIGHT ALIGN",-121.83589095090902,39.724937177712796,9900.0,1050,10800,Ahead,State,True,28.33230721871633,953
5256,3,505,,YOL,,17.447,,COUNTY ROAD 14,-121.94556129806028,38.77725773072905,9800.0,1400,11900,Back,Interstate,True,28.101431429890717,965
5254,3,505,,YOL,,13.429,,COUNTY ROAD 19,-121.9586195935092,38.719864810624166,9800.0,1400,11900,Ahead,Interstate,True,28.101431429890717,965
4758,3,16,,YOL,,36.71,,COUNTY ROAD 94 B,-121.87075323308751,38.66966902804941,9700.0,900,10700,Back,State,True,27.94751423734031,967
5872,3,89,,PLA,T,8.569,,"TAHOE CITY, JCT. RTE. 28 EAST",-120.14520465546494,39.16775073568718,9700.0,1550,18900,Back,State,True,27.94751423734031,967
4758,3,16,,YOL,,36.71,,COUNTY ROAD 94 B,-121.87075323308751,38.66966902804941,9700.0,900,10700,Ahead,State,True,27.94751423734031,967
4968,3,267,,NEV,M,0,,JCT RTE 80/89/267,-120.16864662669033,39.337953246901364,9700.0,1550,14000,Ahead,State,True,27.94751423734031,967
4778,3,174,,NEV,,9.81,,OPHIR STREET,-121.05443432026789,39.21566917912473,9600.0,1100,10000,Back,,False,27.797444974603664,971
5258,3,505,,YOL,,20.125,,COUNTY ROAD 12A,-121.9387767323511,38.81567282181449,9600.0,1400,11500,Back,Interstate,True,27.797444974603664,971
5256,3,505,,YOL,,17.447,,COUNTY ROAD 14,-121.94556129806028,38.77725773072905,9600.0,1400,11500,Ahead,Interstate,True,27.797444974603664,971
4706,3,16,,SAC,R,11.474,,"SACRAMENTO, SUNRISE BOULEVARD",-121.24240827928338,38.5057891296557,9500.0,860,10000,Back,State,True,27.60889641372941,974
4928,3,20,,YUB,R,1.98,,"MARYSVILLE, BUCHANAN STREET",-121.5781784937682,39.149141096784284,9500.0,910,12200,Back,State,True,27.60889641372941,974
4830,3,193,,PLA,,3,,SIERRA COLLEGE BOULEVARD,-121.23800451587674,38.88654313970986,9500.0,1100,10300,Ahead,State,True,27.60889641372941,974
4990,3,275,,YOL,,12.009,,JCT. RTE. 50,-121.52573212738262,38.57723098843227,9500.0,1650,19200,Ahead,State,True,27.60889641372941,974
4728,3,16,,YOL,R,40.57,,WEST MAIN STREET,-121.80254252581705,38.67767244162962,9400.0,1050,13200,Back,State,True,27.462675080806527,978
4726,3,16,,SAC,,8.342,,EXCELSIOR ROAD,-121.29789596572519,38.518817915456005,9400.0,840,10000,Ahead,State,True,27.462675080806527,978
5004,3,28,,PLA,,11.028,,NEVADA STATE LINE,-120.00572166026483,39.227381848168754,9300.0,1250,13800,Back,State,True,27.32414960751116,980
4720,3,16,,SAC,,19.473,,MURIETTA PARKWAY,-121.098493579478,38.496286023221025,9300.0,830,9500,Ahead,State,True,27.32414960751116,980
4992,3,275,,YOL,,12.039,,"WEST SACRAMENTO, JCT. RTE. 84",-121.52527731394754,38.5775134847953,9300.0,1300,12600,Ahead,State,True,27.32414960751116,980
5084,3,395,,SIE,R,3.059,R,"SIERRA/LASSEN COUNTY LINE, END RIGHT ALIGN",-120.03461340040016,39.70875297139095,9200.0,1550,16500,Back,US,True,27.13175311682315,983
5085,3,395,,SIE,R,3.124,L,"SIERRA/LASSEN COUNTY LINE, END LEFT ALIGN",-120.03525080539991,39.70866848180492,9200.0,1450,13800,Back,US,True,27.13175311682315,983
4530,3,113,,YOL,M,21.2,,COUNTY ROAD 102,-121.72746149876201,38.792220744475415,9200.0,950,9900,Ahead,State,True,27.13175311682315,983
4930,3,20,,YUB,R,2.94,,"MARYSVILLE, 22ND STREET",-121.56461846677522,39.15862976942404,9200.0,990,12900,Ahead,State,True,27.13175311682315,983
5082,3,395,,SIE,R,0,L,"SIERRA/LASSEN COUNTY LINE, LEFT ALIGN",-120.00116257634893,39.673262412458236,9200.0,1050,11100,Ahead,US,True,27.13175311682315,983
5324,3,50,,ED,,74.33,,"SOUTH LAKE TAHOE, H STREET",-119.99914335942297,38.89844564724182,9200.0,1350,12000,Ahead,US,True,27.13175311682315,983
4962,3,244,,SAC,,0.01,,"WATT AVENUE, BEGIN FREEWAY",-121.38318800786749,38.64474605468063,9100.0,770,10000,Back,State,True,26.96629213483146,989
5030,3,32,,BUT,R,9.006,R,"CHICO, ON NINTH STREET AT ORANGE STREET, RIGHT ALIGN",-121.84233477125791,39.72059628261612,9100.0,960,10700,Back,State,True,26.96629213483146,989
5194,3,49,,PLA,,2.36,,"AUBURN, BORLAND AVENUE",-121.06559408116104,38.90411286951602,9100.0,920,10400,Back,State,True,26.96629213483146,989
5316,3,50,,ED,,70.245,,UPPER TRUCKEE RIVER ROAD,-120.02814925297305,38.84751538481667,9100.0,1750,12300,Back,US,True,26.96629213483146,989
4966,3,244,,SAC,,0,,"SACRAMENTO, JCT. RTE. 80",-121.3835007186044,38.64472119509309,9100.0,770,9800,Ahead,State,True,26.96629213483146,989
5032,3,32,,BUT,R,9.133,R,"CHICO, ON NINTH STREET AT IVY STREET, RIGHT ALIGN",-121.84051622898325,39.72182271980855,9100.0,960,10700,Ahead,State,True,26.96629213483146,989
4568,3,128,,YOL,,8.42,,"WINTERS, FOURTH STREET",-121.97659813244911,38.52290759273513,9000.0,910,9800,Back,State,True,26.78928736339849,995
4630,3,162,,BUT,,14.03,,"OROVILLE, LARKIN ROAD",-121.60919986994762,39.49802519590443,9000.0,1200,10100,Ahead,State,True,26.78928736339849,995
5308,3,50,,ED,,39.772,,ICEHOUSE ROAD,-120.44754585340037,38.76928883251773,9000.0,1950,13100,Ahead,US,True,26.78928736339849,995
5246,3,505,,YOL,R,22.356,,JCT. RTE. 5,-121.93988266536539,38.84795021879422,8900.0,1100,11000,Back,Interstate,True,26.646913960289364,998
4986,3,267,,PLA,,9.898,,JCT. RTE. 28,-120.03153775212367,39.237944999100215,8800.0,1050,13300,Back,State,True,26.512236416807756,999
4772,3,174,,NEV,,6.83,,BRUNSWICK ROAD,-121.01107917315385,39.19816716888159,8800.0,1450,9300,Ahead,State,True,26.512236416807756,999
4776,3,174,,NEV,,9.634,,"GRASS VALLEY, RACE STREET",-121.05404115371915,39.21318673670719,8800.0,1100,9100,Ahead,State,True,26.512236416807756,999
5014,3,28,,PLA,,8.32,,NATIONAL AVENUE,-120.048594126407,39.23960060689177,8800.0,1100,12900,Ahead,State,True,26.512236416807756,999
5314,3,50,,ED,,65.619,,ECHO LAKE ROAD,-120.04423480535243,38.82430713459496,8800.0,1550,11200,Ahead,US,True,26.512236416807756,999
18,3,20,,COL,,33.105,,MOON BEND ROAD,-122.00036507911,39.19554586923559,8700.0,810,9200,Back,State,True,26.300600277050947,1004
4632,3,162,,BUT,,14.96,,"OROVILLE, 12TH STREET",-121.5916349512971,39.49802389549526,8700.0,1200,10100,Back,State,True,26.300600277050947,1004
4570,3,128,,YOL,,8.77,,"WINTERS, RAILROAD STREET",-121.97073476750423,38.525070368840225,8700.0,920,9600,Ahead,State,True,26.300600277050947,1004
4744,3,16,,YOL,,19.427,,INDIAN BINGO ROAD,-122.14280847143064,38.73108441474168,8700.0,580,9200,Ahead,State,True,26.300600277050947,1004
5028,3,32,,BUT,R,8.869,R,"CHICO, ON NINTH STREET AT WALNUT STREET, BEGIN RIGHT ALIGN",-121.84424838942559,39.7193057299563,8700.0,910,10300,Ahead,State,True,26.300600277050947,1004
5030,3,32,,BUT,R,9.006,R,"CHICO, ON NINTH STREET AT ORANGE STREET, RIGHT ALIGN",-121.84233477125791,39.72059628261612,8700.0,910,10300,Ahead,State,True,26.300600277050947,1004
5258,3,505,,YOL,,20.125,,COUNTY ROAD 12A,-121.9387767323511,38.81567282181449,8700.0,1100,10800,Ahead,Interstate,True,26.300600277050947,1004
4746,3,16,,YOL,,25.148,,CAPAY CANAL BRIDGE,-122.05736386840363,38.70701277925513,8600.0,580,9200,Back,State,True,26.069724488225333,1011
4776,3,174,,NEV,,9.634,,"GRASS VALLEY, RACE STREET",-121.05404115371915,39.21318673670719,8600.0,1000,8900,Back,State,True,26.069724488225333,1011
18,3,20,,COL,,33.105,,MOON BEND ROAD,-122.00036507911,39.19554586923559,8600.0,810,9200,Ahead,State,True,26.069724488225333,1011
4568,3,128,,YOL,,8.42,,"WINTERS, FOURTH STREET",-121.97659813244911,38.52290759273513,8600.0,940,9500,Ahead,State,True,26.069724488225333,1011
4746,3,16,,YOL,,25.148,,CAPAY CANAL BRIDGE,-122.05736386840363,38.70701277925513,8600.0,580,9200,Ahead,State,True,26.069724488225333,1011
5048,3,32,,BUT,,11.704,,BRUCE ROAD,-121.79184488974707,39.74200161594683,8600.0,1200,11400,Ahead,State,True,26.069724488225333,1011
4570,3,128,,YOL,,8.77,,"WINTERS, RAILROAD STREET",-121.97073476750423,38.525070368840225,8500.0,900,9900,Back,State,True,25.892719716792367,1017
4558,3,113,,YOL,,21.9,,"KNIGHTS LANDING, JCT. RTE. 45 NORTH",-121.72022164800221,38.80048111228318,8400.0,830,8500,Back,State,True,25.73880252424196,1018
4884,3,20,,NEV,R,4.651,,PLEASANT VALLEY ROAD,-121.20506098214452,39.20515357447152,8400.0,870,8600,Back,State,True,25.73880252424196,1018
4774,3,174,,NEV,,8.94,,EMPIRE MINE ROAD,-121.0434749501584,39.208063016199034,8400.0,930,8800,Ahead,State,True,25.73880252424196,1018
4926,3,20,,SUT,,9.176,,ACACIA AVENUE,-121.75397611609422,39.142252017511744,8400.0,860,9400,Ahead,State,True,25.73880252424196,1018
4936,3,20,,YUB,R,7.89,,LOMA RICA ROAD,-121.51079379818124,39.21403476383463,8400.0,920,9000,Ahead,State,True,25.73880252424196,1018
4838,3,20,,COL,R,39.34,,COLUSA/SUTTER COUNTY LINE,-121.91775513870812,39.14567543894698,8300.0,790,8700,Back,State,True,25.573341542250272,1023
4906,3,20,,SUT,R,0,,COLUSA/SUTTER COUNTY LINE,-121.91775513870812,39.14567543894698,8300.0,790,8700,Ahead,State,True,25.573341542250272,1023
4924,3,20,,SUT,,5.009,,EAST END SUTTER BYPASS,-121.82904803692719,39.147535477181506,8200.0,820,8700,Back,State,True,25.407880560258583,1025
4924,3,20,,SUT,,5.009,,EAST END SUTTER BYPASS,-121.82904803692719,39.147535477181506,8200.0,820,8700,Ahead,State,True,25.407880560258583,1025
5083,3,395,,SIE,R,0,R,"NEVADA STATE LINE, RIGHT ALIGN",-120.00116797342716,39.67394870763657,8200.0,1000,12200,Ahead,US,True,25.407880560258583,1025
5162,3,49,,ED,,9.641,,"EL DORADO, PLEASANT VALLEY ROAD",-120.84701471355338,38.68221471957588,8200.0,1000,8600,Ahead,State,True,25.407880560258583,1025
5322,3,50,,ED,,72.71,,SAWMILL ROAD,-120.00539404737563,38.875706521728496,8100.0,1200,10500,Back,US,True,25.20009235031553,1029
4514,3,104,,SAC,,5.11,,ANGLE ROAD,-121.22457344833101,38.30670742273632,8100.0,1100,8900,Ahead,State,True,25.20009235031553,1029
5603,3,70,,BUT,,20.096,,JCT. ROUTE 149,-121.61780693321367,39.57678000150086,8100.0,910,9200,Ahead,State,True,25.20009235031553,1029
4932,3,20,,YUB,R,21.475,,YUBA/NEVADA COUNTY LINE,-121.27976730302993,39.20380061410798,8000.0,780,8600,Back,State,True,24.930737263352317,1032
4950,3,20,,YUB,,13.269,,MARYSVILLE ROAD (TO CHALLENGE),-121.41402226048166,39.227890977674015,8000.0,890,8400,Back,State,True,24.930737263352317,1032
5043,3,32,,BUT,,10.735,R,"CHICO, APPROXIMATELY HALF MILE EAST OF FIR STREET, END RIGHT ALIGN",-121.81114634975815,39.73814505508224,8000.0,760,9000,Back,State,True,24.930737263352317,1032
4624,3,160,,SAC,,5.95,,"SACRAMENTO RIVER, ISLETON BRIDGE",-121.59431591217711,38.172211849281574,7900.0,880,8400,Ahead,State,True,24.672925965830384,1035
4842,3,20,,COL,T,23.187,,HUSTED ROAD,-122.13291758806282,39.17404719679761,7900.0,1150,10200,Ahead,State,True,24.672925965830384,1035
4888,3,20,,NEV,,0,,YUBA/NEVADA COUNTY LINE,-121.27976730302993,39.20380061410798,7900.0,780,8600,Ahead,State,True,24.672925965830384,1035
5072,3,32,,GLE,R,0.523,,WALKER & 6TH,-122.1975567024598,39.747376211571975,7900.0,740,9400,Ahead,State,True,24.672925965830384,1035
4748,3,16,,YOL,,27.546,,"ESPARTO, ORLEANS STREET",-122.02074930997406,38.696331723040934,7800.0,570,8500,Back,State,True,24.43820224719101,1039
4836,3,20,,COL,R,22.12,,"WILLIAMS, JCT. RTE. 5",-122.14998747749961,39.166709010148054,7800.0,700,9300,Back,State,True,24.43820224719101,1039
5196,3,49,,PLA,,3.208,,"AUBURN, JCT. RTE. 80",-121.07465334556132,38.90031539637659,7800.0,1100,10500,Back,State,True,24.43820224719101,1039
4748,3,16,,YOL,,27.546,,"ESPARTO, ORLEANS STREET",-122.02074930997406,38.696331723040934,7800.0,570,8500,Ahead,State,True,24.43820224719101,1039
4836,3,20,,COL,R,22.12,,"WILLIAMS, JCT. RTE. 5",-122.14998747749961,39.166709010148054,7800.0,690,8600,Ahead,State,True,24.43820224719101,1039
4926,3,20,,SUT,,9.176,,ACACIA AVENUE,-121.75397611609422,39.142252017511744,7700.0,760,8400,Back,State,True,24.22271817762044,1044
4752,3,16,,YOL,,28.266,,COUNTY ROAD 21 A,-122.01757784559273,38.68907132677847,7600.0,600,8100,Back,State,True,23.972602739726025,1045
4516,3,104,,SAC,,9.215,,CLAY EAST ROAD,-121.15985227732442,38.335996032181086,7500.0,1000,8200,Back,State,True,23.691703863321536,1046
5078,3,32,,GLE,,3,,COUNTY ROAD P,-122.14094174442248,39.74691874346176,7500.0,780,7900,Back,State,True,23.691703863321536,1046
5138,3,49,,ED,,14.463,,"PLACERVILLE, FISKE ROAD",-120.80340320881683,38.724617992387905,7500.0,750,8500,Back,State,True,23.691703863321536,1046
4784,3,174,,PLA,,0.73,,"COLFAX, MAIN STREET",-120.9499707513355,39.10484377180307,7500.0,830,8100,Ahead,State,True,23.691703863321536,1046
4652,3,162,,BUT,,21.457,,HILLCREST AVENUE,-121.4817375729241,39.51272611604211,7400.0,720,8300,Back,State,True,23.445436355240883,1050
4780,3,174,,NEV,,9.88,,"GRASS VALLEY, CENTRAL STREET",-121.05616134577465,39.215815038818015,7400.0,930,7900,Back,,False,23.445436355240883,1050
5072,3,32,,GLE,R,0.523,,WALKER & 6TH,-122.1975567024598,39.747376211571975,7400.0,700,8100,Back,State,True,23.445436355240883,1050
4650,3,162,,BUT,,21.264,,CANYON DRIVE,-121.48507245343204,39.511628411649724,7400.0,720,8300,Ahead,State,True,23.445436355240883,1050
4750,3,16,,YOL,,27.96,,GRAFTON STREET,-122.0166283434054,38.693208472997576,7400.0,600,8100,Ahead,State,True,23.445436355240883,1050
4778,3,174,,NEV,,9.81,,OPHIR STREET,-121.05443432026789,39.21566917912473,7400.0,930,7900,Ahead,,False,23.445436355240883,1050
4850,3,20,,COL,,30.639,,"COLUSA, FREMONT STREET",-122.01718124388634,39.209315152116375,7400.0,790,8300,Ahead,State,True,23.445436355240883,1050
4850,3,20,,COL,,30.639,,"COLUSA, FREMONT STREET",-122.01718124388634,39.209315152116375,7300.0,790,8200,Back,State,True,23.19916884716023,1057
5014,3,28,,PLA,,8.32,,NATIONAL AVENUE,-120.048594126407,39.23960060689177,7300.0,1050,9200,Back,State,True,23.19916884716023,1057
5178,3,49,,NEV,,17.54,,NEWTOWN/INDIAN FLAT ROADS,-121.0574779669607,39.269331775013455,7300.0,730,7900,Back,State,True,23.19916884716023,1057
4780,3,174,,NEV,,9.88,,"GRASS VALLEY, CENTRAL STREET",-121.05616134577465,39.215815038818015,7300.0,930,7700,Ahead,,False,23.19916884716023,1057
4998,3,28,,PLA,,0.512,,GROVE STREET,-120.13955402954568,39.172063645802886,7200.0,840,8300,Back,State,True,22.937509619824535,1061
5074,3,32,,GLE,,1.3,,"ORLAND, COUNTY ROAD M",-122.17318199430525,39.7471973851356,7200.0,650,7300,Back,State,True,22.937509619824535,1061
5324,3,50,,ED,,74.33,,"SOUTH LAKE TAHOE, H STREET",-119.99914335942297,38.89844564724182,7200.0,670,8500,Back,US,True,22.937509619824535,1061
4912,3,20,,SUT,,12.67,,TOWNSHIP ROAD,-121.6889674841967,39.14129424824372,7200.0,830,8200,Ahead,State,True,22.937509619824535,1061
5074,3,32,,GLE,,1.3,,"ORLAND, COUNTY ROAD M",-122.17318199430525,39.7471973851356,7200.0,690,8300,Ahead,State,True,22.937509619824535,1061
4750,3,16,,YOL,,27.96,,GRAFTON STREET,-122.0166283434054,38.693208472997576,7100.0,600,8100,Back,State,True,22.741265199322765,1066
5012,3,28,,PLA,,7.19,,GRANITE ROAD,-120.06782063997393,39.236649725362625,7100.0,1050,9500,Ahead,State,True,22.741265199322765,1066
4766,3,174,,NEV,,10.17,,"GRASS VALLEY, JCT. RTE. 20",-121.06091133516313,39.21640040869489,7000.0,930,7500,Back,,False,22.506541480683392,1068
4788,3,174,,PLA,,1.633,,ROLLINS LAKE ROAD,-120.9496398515107,39.11783846661225,7000.0,770,7900,Back,State,True,22.506541480683392,1068
5000,3,28,,PLA,,0.83,,TAHOE STATE PARK,-120.13588524794156,39.17560912462882,7000.0,790,8600,Back,State,True,22.506541480683392,1068
5886,3,89,,PLA,,5.812,,WARD CREEK BRIDGE,-120.15764532861331,39.13255938817968,7000.0,1000,7600,Back,State,True,22.506541480683392,1068
4592,3,160,,SAC,R,0,,JCT. RTE. 12,-121.67645203708074,38.15517046251233,7000.0,960,8200,Ahead,State,True,22.506541480683392,1068
4770,3,174,,NEV,,5.58,,MEADOW VIEW DRIVE,-120.99371742108126,39.191090777383366,7000.0,730,7900,Ahead,State,True,22.506541480683392,1068
4856,3,20,,COL,,36.785,,JCT. RTE. 45 SOUTH,-121.96513042997489,39.15015238372668,7000.0,550,7500,Ahead,State,True,22.506541480683392,1068
4998,3,28,,PLA,,0.512,,GROVE STREET,-120.13955402954568,39.172063645802886,7000.0,780,8500,Ahead,State,True,22.506541480683392,1068
5078,3,32,,GLE,,3,,COUNTY ROAD P,-122.14094174442248,39.74691874346176,7000.0,700,7400,Ahead,State,True,22.506541480683392,1068
5886,3,89,,PLA,,5.812,,WARD CREEK BRIDGE,-120.15764532861331,39.13255938817968,7000.0,1000,7600,Ahead,State,True,22.506541480683392,1068
4560,3,113,,YOL,,22.076,,YOLO/SUTTER COUNTY LINE,-121.71992724942233,38.8022107368479,6900.0,880,7800,Back,State,True,22.24103432353394,1078
4784,3,174,,PLA,,0.73,,"COLFAX, MAIN STREET",-120.9499707513355,39.10484377180307,6900.0,840,7400,Back,State,True,22.24103432353394,1078
4842,3,20,,COL,T,23.187,,HUSTED ROAD,-122.13291758806282,39.17404719679761,6900.0,610,8100,Back,State,True,22.24103432353394,1078
5012,3,28,,PLA,,7.19,,GRANITE ROAD,-120.06782063997393,39.236649725362625,6900.0,1050,9300,Back,State,True,22.24103432353394,1078
4520,3,113,,SUT,,0,,YOLO/SUTTER COUNTY LINE,-121.71992724942233,38.8022107368479,6900.0,880,7800,Ahead,State,True,22.24103432353394,1078
4782,3,174,,PLA,,0.14,,"COLFAX, AUBURN/CENTRAL STS",-120.95083981298238,39.09684076162102,6900.0,2550,7400,Ahead,State,True,22.24103432353394,1078
5000,3,28,,PLA,,0.83,,TAHOE STATE PARK,-120.13588524794156,39.17560912462882,6900.0,680,8300,Ahead,State,True,22.24103432353394,1078
5070,3,32,,GLE,L,0,,JCT. RTE. 5,-122.2055212529054,39.7506994172678,6900.0,670,7400,Ahead,State,True,22.24103432353394,1078
5190,3,49,,PLA,,0,,EL DORADO/PLACER COUNTY LINE,-121.04045298161002,38.91543073726247,6900.0,790,8200,Ahead,State,True,22.24103432353394,1078
32,3,49,,ED,R,14.597,,"PLACERVILLE, PACIFIC ST/RTE 49 LEFT TURN",-120.80289401406938,38.726526140961944,6800.0,670,6900,Back,State,True,22.02555025396337,1087
4558,3,113,,YOL,,21.9,,"KNIGHTS LANDING, JCT. RTE. 45 NORTH",-121.72022164800221,38.80048111228318,6800.0,880,7600,Ahead,State,True,22.02555025396337,1087
4996,3,28,,PLA,,0.085,,"TAHOE CITY, JCT. RTE. 89",-120.14520465546494,39.16775073568718,6800.0,830,8200,Ahead,State,True,22.02555025396337,1087
5140,3,49,,ED,,14.891,,"PLACERVILLE, JCT. RTE. 50",-120.80538804991183,38.728139486926246,6800.0,790,6900,Ahead,State,True,22.02555025396337,1087
4826,3,193,,PLA,,10.194,,"NEWCASTLE, JCT. RTE. 80",-121.12595275377188,38.87822910561224,6700.0,670,9600,Back,State,True,21.825457903647838,1091
5002,3,28,,PLA,,1.845,,LAKE FOREST DRIVE,-120.12173051736589,39.18501402773599,6700.0,720,8100,Back,State,True,21.825457903647838,1091
5094,3,45,,COL,,20.08,,"COLUSA, LURLINE AVENUE",-122.01860245142939,39.21708357288518,6700.0,620,6800,Back,State,True,21.825457903647838,1091
4834,3,193,,PLA,,9.77,,TAYLOR ROAD,-121.13171535109811,38.87751515159682,6700.0,670,6900,Ahead,State,True,21.825457903647838,1091
4950,3,20,,YUB,,13.269,,MARYSVILLE ROAD (TO CHALLENGE),-121.41402226048166,39.227890977674015,6700.0,760,7200,Ahead,State,True,21.825457903647838,1091
5322,3,50,,ED,,72.71,,SAWMILL ROAD,-120.00539404737563,38.875706521728496,6700.0,640,8500,Ahead,US,True,21.825457903647838,1091
4510,3,104,,SAC,,3.32,,BORDEN ROAD,-121.25102001378887,38.29214301521314,6600.0,550,6900,Back,State,True,21.61382176389103,1097
4624,3,160,,SAC,,5.95,,"SACRAMENTO RIVER, ISLETON BRIDGE",-121.59431591217711,38.172211849281574,6600.0,830,7900,Back,State,True,21.61382176389103,1097
4912,3,20,,SUT,,12.67,,TOWNSHIP ROAD,-121.6889674841967,39.14129424824372,6600.0,800,7500,Back,State,True,21.61382176389103,1097
5152,3,49,,ED,,28.19,,HASTINGS CREEK BRIDGE,-120.97009060172324,38.828410763609256,6600.0,650,7200,Back,State,True,21.61382176389103,1097
5154,3,49,,ED,,34.466,,"COOL, JCT. RTE. 193 EAST",-121.01590439554909,38.88694720988555,6600.0,640,7500,Back,State,True,21.61382176389103,1097
4512,3,104,,SAC,,3.87,,IVIE ROAD,-121.24320435461006,38.2963837622278,6600.0,650,7200,Ahead,State,True,21.61382176389103,1097
5856,3,89,,ED,,8.56,,JCT. RTE. 50,-120.00462015235163,38.91348819657865,6600.0,2000,7500,Ahead,State,True,21.61382176389103,1097
4712,3,16,,SAC,R,22.848,,IONE ROAD,-121.0406102954809,38.48172543608564,6500.0,670,7400,Back,State,True,21.367554255810376,1104
4730,3,16,,YOL,R,41.303,,WEST WOODLAND AVENUE,-121.80251019634827,38.68848036519266,6500.0,800,8000,Back,State,True,21.367554255810376,1104
4770,3,174,,NEV,,5.58,,MEADOW VIEW DRIVE,-120.99371742108126,39.191090777383366,6500.0,680,7300,Back,State,True,21.367554255810376,1104
5150,3,49,,ED,,24.48,,MARSHALL GRADE ROAD (TO GEORGETOWN),-120.90935083681939,38.810119456125655,6500.0,710,7500,Back,State,True,21.367554255810376,1104
5858,3,89,,ED,,9.1,,"SOUTH LAKE TAHOE, 10TH STREET",-120.01191395323247,38.91852547746377,6500.0,2000,7500,Back,State,True,21.367554255810376,1104
4516,3,104,,SAC,,9.215,,CLAY EAST ROAD,-121.15985227732442,38.335996032181086,6500.0,940,6600,Ahead,State,True,21.367554255810376,1104
4728,3,16,,YOL,R,40.57,,WEST MAIN STREET,-121.80254252581705,38.67767244162962,6500.0,810,8500,Ahead,State,True,21.367554255810376,1104
4768,3,174,,NEV,,10.218,,JCT. RTE. 20; AUBURN STREET,-121.06179523069031,39.21652811987157,6400.0,820,6700,Back,,False,21.10589502847468,1111
4766,3,174,,NEV,,10.17,,"GRASS VALLEY, JCT. RTE. 20",-121.06091133516313,39.21640040869489,6400.0,820,6700,Ahead,,False,21.10589502847468,1111
4828,3,193,,PLA,,10.427,,"COOL, JCT. RTE. 49",-121.12366094576792,38.87774392693247,6300.0,690,6400,Back,State,True,20.794212713560103,1113
4508,3,104,,SAC,,2.61,,CHEROKEE LANE,-121.26440097510466,38.291723053438695,6300.0,520,6800,Ahead,State,True,20.794212713560103,1113
4814,3,193,,ED,,0,,"COOL, JCT. RTE. 49",-121.01593292873746,38.88700293549335,6300.0,640,6400,Ahead,State,True,20.794212713560103,1113
4826,3,193,,PLA,,10.194,,"NEWCASTLE, JCT. RTE. 80",-121.12595275377188,38.87822910561224,6300.0,690,6400,Ahead,State,True,20.794212713560103,1113
5002,3,28,,PLA,,1.845,,LAKE FOREST DRIVE,-120.12173051736589,39.18501402773599,6300.0,730,7600,Ahead,State,True,20.794212713560103,1113
5094,3,45,,COL,,20.08,,"COLUSA, LURLINE AVENUE",-122.01860245142939,39.21708357288518,6300.0,610,6700,Ahead,State,True,20.794212713560103,1113
5178,3,49,,NEV,,17.54,,NEWTOWN/INDIAN FLAT ROADS,-121.0574779669607,39.269331775013455,6300.0,610,6400,Ahead,State,True,20.794212713560103,1113
4512,3,104,,SAC,,3.87,,IVIE ROAD,-121.24320435461006,38.2963837622278,6200.0,490,6500,Back,State,True,20.49407418808681,1120
4600,3,160,,SAC,,11.46,,"RYDE, JCT. RTE. 220 WEST",-121.55865841166475,38.238174097226995,6200.0,890,7700,Back,State,True,20.49407418808681,1120
4722,3,16,,SAC,,4.166,,"SACRAMENTO, WATT AVENUE",-121.37096862750285,38.53877165933614,6200.0,690,6800,Back,State,True,20.49407418808681,1120
5092,3,45,,COL,,19.85,,JCT. RTE. 20,-122.01476069652237,39.215620509976326,6200.0,590,6600,Ahead,State,True,20.49407418808681,1120
5008,3,28,,PLA,,4.25,,LARDIN WAY,-120.0937541865562,39.207313703561695,6100.0,800,7500,Ahead,State,True,20.28628597814376,1124
5152,3,49,,ED,,28.19,,HASTINGS CREEK BRIDGE,-120.97009060172324,38.828410763609256,6100.0,570,7000,Ahead,State,True,20.28628597814376,1124
4602,3,160,,SAC,,14.16,,"WALNUT GROVE, WALNUT GROVE BRIDGE",-121.51564214950008,38.242559265586046,6000.0,610,7000,Back,State,True,20.055410189318145,1126
4612,3,160,,SAC,,35.045,,"SACRAMENTO, AMERICAN RIVER BRIDGE",-121.503401655133,38.4700544529334,6000.0,610,6200,Back,State,True,20.055410189318145,1126
4714,3,16,,SAC,R,23.955,,SACRAMENTO/AMADOR COUNTY LINE,-121.02728887989203,38.48085151160734,6000.0,580,6400,Back,State,True,20.055410189318145,1126
4732,3,16,,YOL,R,41.567,,KENTUCKY AVENUE/ COUNTY ROAD 20,-121.80248434193606,38.692337702673164,6000.0,700,7400,Back,State,True,20.055410189318145,1126
5162,3,49,,ED,,9.641,,"EL DORADO, PLEASANT VALLEY ROAD",-120.84701471355338,38.68221471957588,6000.0,700,6300,Back,State,True,20.055410189318145,1126
5585,3,70,,BUT,R,21.87,,JCT. ROUTE 191,-121.61896400911368,39.60153523217143,6000.0,660,6700,Back,State,True,20.055410189318145,1126
4610,3,160,,SAC,,34.07,,FREEPORT BRIDGE ROAD,-121.50050085135015,38.45596014110778,6000.0,610,6200,Ahead,State,True,20.055410189318145,1126
4712,3,16,,SAC,R,22.848,,IONE ROAD,-121.0406102954809,38.48172543608564,6000.0,650,7100,Ahead,State,True,20.055410189318145,1126
4730,3,16,,YOL,R,41.303,,WEST WOODLAND AVENUE,-121.80251019634827,38.68848036519266,6000.0,700,7400,Ahead,State,True,20.055410189318145,1126
5050,3,32,,BUT,,15.211,,"CHICO, HUMBOLT ROAD",-121.73663009801382,39.762474523807896,6000.0,750,6700,Ahead,State,True,20.055410189318145,1126
5160,3,49,,ED,,9.494,,"EL DORADO, UNION MINE ROAD",-120.8476734167102,38.6802073603173,6000.0,700,6300,Ahead,State,True,20.055410189318145,1126
5320,3,50,,ED,,71.48,,"MEYERS, PIONEER TRAIL ROAD",-120.01214910702102,38.85954864550203,6000.0,920,8100,Ahead,US,True,20.055410189318145,1126
4840,3,20,,COL,T,20.558,,JUNCTION OLD ROUTE 20,-122.17357251801039,39.15346135883685,5900.0,500,6300,Back,State,True,19.797598891796213,1138
4510,3,104,,SAC,,3.32,,BORDEN ROAD,-121.25102001378887,38.29214301521314,5900.0,470,6300,Ahead,State,True,19.797598891796213,1138
4844,3,20,,COL,,0,,LAKE/COLUSA COUNTY LINE,-122.40934802248823,39.01135821824821,5900.0,510,7300,Ahead,State,True,19.797598891796213,1138
5010,3,28,,PLA,,5.81,,CARNELIAN BAY ROAD,-120.08278418398702,39.226272132012475,5900.0,860,7600,Ahead,State,True,19.797598891796213,1138
4812,3,193,,ED,,0.856,,AMERICAN RIVER ROAD,-121.0012829201147,38.89093004487066,5800.0,560,5900,Back,State,True,19.54363552408804,1142
5010,3,28,,PLA,,5.81,,CARNELIAN BAY ROAD,-120.08278418398702,39.226272132012475,5800.0,790,7500,Back,State,True,19.54363552408804,1142
4848,3,20,,COL,,3.451,,JCT. RTE. 16 SOUTH,-122.35886550267115,39.013082458555324,5800.0,520,7900,Ahead,State,True,19.54363552408804,1142
5170,3,49,,NEV,R,25.69,,TYLER FOOTE CROSSING ROAD,-121.11121055554314,39.328715886237525,5700.0,550,6000,Back,State,True,19.270432507311067,1145
4788,3,174,,PLA,,1.633,,ROLLINS LAKE ROAD,-120.9496398515107,39.11783846661225,5700.0,620,6600,Ahead,State,True,19.270432507311067,1145
4840,3,20,,COL,T,20.558,,JUNCTION OLD ROUTE 20,-122.17357251801039,39.15346135883685,5700.0,520,6700,Ahead,State,True,19.270432507311067,1145
4790,3,174,,PLA,,2.883,,PLACER/NEVADA COUNTY LINE,-120.95909740106018,39.131357612254504,5600.0,630,6200,Back,State,True,19.024164999230415,1148
5008,3,28,,PLA,,4.25,,LARDIN WAY,-120.0937541865562,39.207313703561695,5600.0,790,7300,Back,State,True,19.024164999230415,1148
4600,3,160,,SAC,,11.46,,"RYDE, JCT. RTE. 220 WEST",-121.55865841166475,38.238174097226995,5600.0,600,7200,Ahead,State,True,19.024164999230415,1148
4764,3,174,,NEV,,0,,PLACER/NEVADA COUNTY LINE,-120.95909740106018,39.131357612254504,5600.0,620,6000,Ahead,State,True,19.024164999230415,1148
4848,3,20,,COL,,3.451,,JCT. RTE. 16 SOUTH,-122.35886550267115,39.013082458555324,5500.0,500,7200,Back,State,True,18.716330614129596,1152
4654,3,162,,BUT,,22.899,,KELLY RIDGE ROAD,-121.45975803562507,39.50367114626182,5400.0,530,6300,Back,State,True,18.3969524395875,1153
4744,3,16,,YOL,,19.427,,INDIAN BINGO ROAD,-122.14280847143064,38.73108441474168,5400.0,320,5700,Back,State,True,18.3969524395875,1153
4652,3,162,,BUT,,21.457,,HILLCREST AVENUE,-121.4817375729241,39.51272611604211,5400.0,510,6400,Ahead,State,True,18.3969524395875,1153
4742,3,16,,YOL,,19.2,,WINNER'S WAY,-122.14507143632748,38.73634130942926,5400.0,320,5700,Ahead,State,True,18.3969524395875,1153
5136,3,49,,ED,,11.859,,"DIAMOND SPRINGS, PLEASANT VALLEY ROAD",-120.81335733807221,38.69481453475204,5300.0,520,5500,Ahead,State,True,18.15068493150685,1157
5888,3,89,,PLA,,6.46,,FIR AVENUE,-120.154737280816,39.141108320435514,5200.0,1400,8100,Ahead,State,True,17.954440511005078,1158
5142,3,49,,ED,,15.685,,JCT. RTE. 193 NORTH,-120.81125886458537,38.73759539677891,5100.0,660,5600,Back,State,True,17.723564722179468,1159
5160,3,49,,ED,,9.494,,"EL DORADO, UNION MINE ROAD",-120.8476734167102,38.6802073603173,5100.0,630,5400,Back,State,True,17.723564722179468,1159
5866,3,89,,NEV,,1.15,,PROSSER DAM ROAD,-120.17274618820242,39.34529527039527,5100.0,390,6900,Back,State,True,17.723564722179468,1159
5888,3,89,,PLA,,6.46,,FIR AVENUE,-120.154737280816,39.141108320435514,5100.0,1400,6000,Back,State,True,17.723564722179468,1159
4602,3,160,,SAC,,14.16,,"WALNUT GROVE, WALNUT GROVE BRIDGE",-121.51564214950008,38.242559265586046,5100.0,450,6000,Ahead,State,True,17.723564722179468,1159
5158,3,49,,ED,,8.352,,CHINA HILL ROAD,-120.85349648323144,38.66452829736156,5100.0,630,5400,Ahead,State,True,17.723564722179468,1159
5862,3,89,,NEV,R,0.621,,JCT RTE 80 WEST ON/OFF RAMPS TO WB 80,-120.16994505070367,39.338817041974515,5100.0,430,7100,Ahead,State,True,17.723564722179468,1159
4810,3,193,,ED,R,2.169,,AUBURN LAKE TRAIL ROAD,-120.9800122694575,38.898654247066915,5000.0,490,5100,Back,State,True,17.477297214098815,1166
5182,3,49,,NEV,,27.52,,PLEASANT VALLEY ROAD,-121.12013677765317,39.34292405573601,5000.0,2350,5100,Back,State,True,17.477297214098815,1166
4812,3,193,,ED,,0.856,,AMERICAN RIVER ROAD,-121.0012829201147,38.89093004487066,5000.0,490,5100,Ahead,State,True,17.477297214098815,1166
5170,3,49,,NEV,R,25.69,,TYLER FOOTE CROSSING ROAD,-121.11121055554314,39.328715886237525,5000.0,2350,5100,Ahead,State,True,17.477297214098815,1166
4514,3,104,,SAC,,5.11,,ANGLE ROAD,-121.22457344833101,38.30670742273632,4950.0,620,5100,Back,State,True,17.319532091734647,1170
5858,3,89,,ED,,9.1,,"SOUTH LAKE TAHOE, 10TH STREET",-120.01191395323247,38.91852547746377,4950.0,1650,6000,Ahead,State,True,17.319532091734647,1170
4810,3,193,,ED,R,2.169,,AUBURN LAKE TRAIL ROAD,-120.9800122694575,38.898654247066915,4850.0,450,4950,Ahead,State,True,17.127135601046636,1172
4528,3,113,,SUT,,4.86,,DEL MONTE AVENUE,-121.70802055104855,38.86967915596937,4800.0,490,5100,Back,State,True,17.01554563644759,1173
4526,3,113,,SUT,,2.79,,KNIGHTS ROAD,-121.71872459659807,38.84063194924327,4750.0,480,5200,Ahead,State,True,16.892411882407266,1174
5142,3,49,,ED,,15.685,,JCT. RTE. 193 NORTH,-120.81125886458537,38.73759539677891,4750.0,540,5100,Ahead,State,True,16.892411882407266,1174
4526,3,113,,SUT,,2.79,,KNIGHTS ROAD,-121.71872459659807,38.84063194924327,4700.0,560,5300,Back,State,True,16.715407110974294,1176
4734,3,16,,YOL,R,43.42,,JCT. RTES. 5/16,-121.80044696197338,38.71866117184883,4500.0,490,5300,Back,State,True,16.095890410958905,1177
4890,3,20,,NEV,,23.25,,SCOTTS FLAT ROAD,-120.94581653093165,39.286509473014675,4500.0,550,5200,Back,State,True,16.095890410958905,1177
4654,3,162,,BUT,,22.899,,KELLY RIDGE ROAD,-121.45975803562507,39.50367114626182,4500.0,460,5500,Ahead,State,True,16.095890410958905,1177
4732,3,16,,YOL,R,41.567,,KENTUCKY AVENUE/ COUNTY ROAD 20,-121.80248434193606,38.692337702673164,4500.0,490,5200,Ahead,State,True,16.095890410958905,1177
4882,3,20,,NEV,R,17.398,,"NEVADA CITY, EAST JCT. RTE. 49",-121.01510989676571,39.26788377072034,4450.0,580,5300,Ahead,State,True,15.945821148222256,1181
4800,3,191,,BUT,,11.386,,"PARADISE, PEARSON ROAD",-121.60776609407544,39.75224789890109,4350.0,570,4550,Back,State,True,15.564876096659997,1182
4802,3,191,,BUT,,11.387,,END ROUTE,-121.60776633931553,39.752262166137236,4350.0,570,4550,Back,State,True,15.564876096659997,1182
4798,3,191,,BUT,,11.13,,"PARADISE, BUSHMAN ROAD",-121.60773544355796,39.74859519446405,4350.0,570,4550,Ahead,State,True,15.564876096659997,1182
4800,3,191,,BUT,,11.386,,"PARADISE, PEARSON ROAD",-121.60776609407544,39.75224789890109,4350.0,570,4550,Ahead,State,True,15.564876096659997,1182
4798,3,191,,BUT,,11.13,,"PARADISE, BUSHMAN ROAD",-121.60773544355796,39.74859519446405,4250.0,490,4300,Back,State,True,15.337848237648144,1186
4834,3,193,,PLA,,9.77,,TAYLOR ROAD,-121.13171535109811,38.87751515159682,4250.0,410,9600,Back,State,True,15.337848237648144,1186
4796,3,191,,BUT,,10.08,,EASY STREET,-121.61272950610748,39.734784502193826,4250.0,490,4300,Ahead,State,True,15.337848237648144,1186
5148,3,49,,ED,,22.865,,"COLOMA, JCT. RTE. 153 WEST",-120.88934024851966,38.79695602036967,4250.0,480,4800,Ahead,State,True,15.337848237648144,1186
5866,3,89,,NEV,,1.15,,PROSSER DAM ROAD,-120.17274618820242,39.34529527039527,4250.0,570,6200,Ahead,State,True,15.337848237648144,1186
4796,3,191,,BUT,,10.08,,EASY STREET,-121.61272950610748,39.734784502193826,4200.0,490,4250,Back,State,True,15.195474834539018,1191
4808,3,191,,BUT,,8.655,,"PARADISE, AIRPORT ROAD",-121.61147629879395,39.714621255187,4200.0,490,4250,Back,State,True,15.195474834539018,1191
4808,3,191,,BUT,,8.655,,"PARADISE, AIRPORT ROAD",-121.61147629879395,39.714621255187,4200.0,490,4250,Ahead,State,True,15.195474834539018,1191
4656,3,162,,BUT,,24.194,,FORBESTOWN ROAD,-121.4440022844309,39.514830185555375,4150.0,440,5100,Back,State,True,15.068493150684931,1194
5852,3,89,,ED,,27.406,,EL DORADO/PLACER COUNTY LINE,-120.12842462721753,39.067418550965435,4150.0,980,4500,Back,State,True,15.068493150684931,1194
4566,3,128,,YOL,,7.55,,COUNTY ROAD 87 E,-121.99132850256053,38.51757273153985,4150.0,430,4500,Ahead,State,True,15.068493150684931,1194
5876,3,89,,PLA,,0,,EL DORADO/PLACER COUNTY LINE,-120.12842462721753,39.067418550965435,4150.0,980,4500,Ahead,State,True,15.068493150684931,1194
4806,3,191,,BUT,,3.925,,BUTTE COLLEGE DRIVE,-121.63271768144085,39.653122444786256,4100.0,480,4150,Back,State,True,14.910728028320763,1198
5050,3,32,,BUT,,15.211,,"CHICO, HUMBOLT ROAD",-121.73663009801382,39.762474523807896,4100.0,460,4250,Back,State,True,14.910728028320763,1198
4806,3,191,,BUT,,3.925,,BUTTE COLLEGE DRIVE,-121.63271768144085,39.653122444786256,4100.0,480,4150,Ahead,State,True,14.910728028320763,1198
4832,3,193,,PLA,,6.37,,GOLD HILL ROAD,-121.18057979218777,38.891336923922495,4100.0,360,4250,Ahead,State,True,14.910728028320763,1198
5874,3,89,,PLA,,0.85,,MC KINNEY CREEK ROAD,-120.14274888605699,39.071441537820284,4100.0,710,6000,Ahead,State,True,14.910728028320763,1198
4554,3,113,,YOL,,14.089,,COUNTY ROAD P100,-121.76512484298074,38.73457930534979,4050.0,380,4750,Back,State,True,14.749114976142835,1203
4552,3,113,,YOL,,12.33,,COUNTY ROAD P18C,-121.7652248632011,38.70941844787158,4050.0,380,4750,Ahead,State,True,14.749114976142835,1203
4676,3,162,,GLE,,65.523,,"WILLOWS, JCT. RTE. 5",-122.2147147606434,39.52423253402223,4000.0,460,4150,Ahead,State,True,14.618285362474989,1205
4804,3,191,,BUT,,3.53,,DURHAM-PENTZ ROAD,-121.63447725111375,39.647322451792554,4000.0,480,4400,Ahead,State,True,14.618285362474989,1205
4794,3,191,,BUT,,0.5,,O'NEAL RD N - RT,-121.62289835786858,39.60813519571501,3900.0,450,4300,Back,State,True,14.375865784208097,1207
4804,3,191,,BUT,,3.53,,DURHAM-PENTZ ROAD,-121.63447725111375,39.647322451792554,3900.0,450,4300,Back,State,True,14.375865784208097,1207
5874,3,89,,PLA,,0.85,,MC KINNEY CREEK ROAD,-120.14274888605699,39.071441537820284,3900.0,1450,5800,Back,State,True,14.375865784208097,1207
4792,3,191,,BUT,R,0,,JCT. RTE 70,-121.61821584992424,39.6025591046211,3900.0,450,4300,Ahead,State,True,14.375865784208097,1207
4794,3,191,,BUT,,0.5,,O'NEAL RD N - RT,-121.62289835786858,39.60813519571501,3900.0,450,4300,Ahead,State,True,14.375865784208097,1207
4552,3,113,,YOL,,12.33,,COUNTY ROAD P18C,-121.7652248632011,38.70941844787158,3800.0,430,4700,Back,State,True,14.091118977989842,1212
4540,3,113,,YOL,R,10.72,,JCT. RTE. 5,-121.75078357993127,38.68396077144121,3800.0,430,4700,Ahead,State,True,14.091118977989842,1212
5144,3,49,,ED,,16.44,,DIANA STREET,-120.8201363144637,38.74485292776708,3750.0,430,3950,Back,State,True,13.87563490841927,1214
4890,3,20,,NEV,,23.25,,SCOTTS FLAT ROAD,-120.94581653093165,39.286509473014675,3700.0,470,4850,Ahead,State,True,13.6793904879175,1215
4816,3,193,,ED,,12.19,,EVERGREEN COURT ROAD,-120.84866884257147,38.90830595220137,3650.0,340,3700,Back,State,True,13.548560874249654,1216
4816,3,193,,ED,,12.19,,EVERGREEN COURT ROAD,-120.84866884257147,38.90830595220137,3650.0,340,3700,Ahead,State,True,13.548560874249654,1216
5150,3,49,,ED,,24.48,,MARSHALL GRADE ROAD (TO GEORGETOWN),-120.90935083681939,38.810119456125655,3650.0,460,4250,Ahead,State,True,13.548560874249654,1216
4832,3,193,,PLA,,6.37,,GOLD HILL ROAD,-121.18057979218777,38.891336923922495,3550.0,330,3650,Back,State,True,13.27150992765892,1219
4818,3,193,,ED,,12.699,,"GEORGETOWN, LOWER MAIN STREET",-120.83996691092321,38.90541619568117,3500.0,340,3650,Back,State,True,13.109896875480992,1220
4676,3,162,,GLE,,65.523,,"WILLOWS, JCT. RTE. 5",-122.2147147606434,39.52423253402223,3450.0,390,3850,Back,State,True,12.948283823303065,1221
4680,3,162,,GLE,,67.106,,"WILLOWS, FIRST STREET",-122.18518501992529,39.52418434624011,3450.0,340,3900,Back,State,True,12.948283823303065,1221
4892,3,20,,NEV,,29.6,,WHITE CLOUD CAMPGROUND,-120.84620437747155,39.32032779576626,3450.0,630,3950,Ahead,State,True,12.948283823303065,1221
4606,3,160,,SAC,,21.1,,PAINTERSVILLE BRIDGE; RIVER ROAD,-121.57658138171949,38.31857131273065,3400.0,440,5700,Back,State,True,12.771279051870094,1224
4894,3,20,,NEV,,31.834,,WASHINGTON ROAD,-120.81179748814151,39.31665077885733,3400.0,510,3950,Back,State,True,12.771279051870094,1224
4682,3,162,,GLE,,67.204,,CENTRAL IRRIGATION CANAL,-122.18323521761792,39.524177466921,3400.0,310,4000,Ahead,State,True,12.771279051870094,1224
4518,3,113,,SUT,R,10.814,,SUTTER CAUSEWAY BRIDGE,-121.67678041174125,38.953031862067064,3350.0,370,3550,Back,State,True,12.586578420809605,1227
4522,3,113,,SUT,,14.29,,GEORGE WASHINGTON BOULEVARD,-121.67158886266137,39.00272230140447,3350.0,370,3650,Back,State,True,12.586578420809605,1227
4518,3,113,,SUT,R,10.814,,SUTTER CAUSEWAY BRIDGE,-121.67678041174125,38.953031862067064,3350.0,370,3600,Ahead,State,True,12.586578420809605,1227
5158,3,49,,ED,,8.352,,CHINA HILL ROAD,-120.85349648323144,38.66452829736156,3300.0,410,3450,Back,State,True,12.467292596583038,1230
4528,3,113,,SUT,,4.86,,DEL MONTE AVENUE,-121.70802055104855,38.86967915596937,3300.0,360,3700,Ahead,State,True,12.467292596583038,1230
4684,3,162,,GLE,,69.692,,COUNTY ROAD P (MULICK ROAD),-122.13684407925395,39.52412105620123,3250.0,330,3850,Back,State,True,12.30952747421887,1232
4894,3,20,,NEV,,31.834,,WASHINGTON ROAD,-120.81179748814151,39.31665077885733,3250.0,470,3650,Ahead,State,True,12.30952747421887,1232
5096,3,45,,COL,,24.53,,MAXWELL COLUSA ROAD,-122.03544691583211,39.2778613558138,3250.0,350,3400,Ahead,State,True,12.30952747421887,1232
4892,3,20,,NEV,,29.6,,WHITE CLOUD CAMPGROUND,-120.84620437747155,39.32032779576626,3200.0,510,3950,Back,State,True,12.136370632599663,1235
4898,3,20,,NEV,,43.868,,PLACER/NEVADA COUNTY LINE,-120.63620433854383,39.31523436341859,3200.0,490,3700,Ahead,State,True,12.136370632599663,1235
4900,3,20,,NEV,,45.661,,JCT RTE 80,-120.60384683066869,39.32273731262634,3150.0,520,4000,Back,State,True,12.024780668000616,1237
4678,3,162,,GLE,,66.632,,"WILLOWS, TEHAMA STREET",-122.19392607500077,39.524217073579884,3100.0,320,3250,Back,State,True,11.824688317685085,1238
4606,3,160,,SAC,,21.1,,PAINTERSVILLE BRIDGE; RIVER ROAD,-121.57658138171949,38.31857131273065,3100.0,370,3550,Ahead,State,True,11.824688317685085,1238
4680,3,162,,GLE,,67.106,,"WILLOWS, FIRST STREET",-122.18518501992529,39.52418434624011,3100.0,310,3550,Ahead,State,True,11.824688317685085,1238
4682,3,162,,GLE,,67.204,,CENTRAL IRRIGATION CANAL,-122.18323521761792,39.524177466921,3050.0,310,3550,Back,State,True,11.570724949976913,1241
4678,3,162,,GLE,,66.632,,"WILLOWS, TEHAMA STREET",-122.19392607500077,39.524217073579884,3050.0,320,3400,Ahead,State,True,11.570724949976913,1241
4904,3,20,,PLA,,43.868,,PLACER/NEVADA COUNTY LINE,-120.63620433854383,39.31523436341859,3000.0,490,3700,Back,State,True,11.370632599661382,1243
5860,3,89,,ED,,9.71,,"SOUTH LAKE TAHOE, WEST WAY",-120.02217613096843,38.921944494252024,3000.0,1000,4200,Back,State,True,11.370632599661382,1243
4684,3,162,,GLE,,69.692,,COUNTY ROAD P (MULICK ROAD),-122.13684407925395,39.52412105620123,3000.0,310,3650,Ahead,State,True,11.370632599661382,1243
4896,3,20,,NEV,,41.287,,NEVADA/PLACER COUNTY LINE,-120.67863382206322,39.30617660522494,2950.0,490,3650,Back,State,True,11.193627828228413,1246
4902,3,20,,PLA,,41.287,,NEVADA/PLACER COUNTY LINE,-120.67863382206322,39.30617660522494,2950.0,490,3650,Ahead,State,True,11.193627828228413,1246
5020,3,32,,BUT,R,23.866,,"FOREST RANCH, NOPEL AVENUE",-121.68112411019472,39.87387245421737,2900.0,410,4150,Ahead,State,True,11.039710635678006,1248
5605,3,70,,BUT,,23.95,,COAL CANYON ROAD,-121.59351714459952,39.624902470241935,2850.0,200,3500,Back,State,True,10.897337232568878,1249
5585,3,70,,BUT,R,21.87,,JCT. ROUTE 191,-121.61896400911368,39.60153523217143,2850.0,330,3500,Ahead,State,True,10.897337232568878,1249
4564,3,128,,YOL,,4.59,,COUNTY ROAD 86,-122.02842549133199,38.49465908053342,2800.0,400,3650,Back,State,True,10.731876250577189,1251
4562,3,128,,YOL,,0,,SOLANO/YOLO COUNTY LINE,-122.09565574047043,38.512910659391245,2800.0,490,4250,Ahead,State,True,10.731876250577189,1251
4818,3,193,,ED,,12.699,,"GEORGETOWN, LOWER MAIN STREET",-120.83996691092321,38.90541619568117,2800.0,270,2950,Ahead,State,True,10.731876250577189,1251
4694,3,162,,GLE,,81.372,,COUNTY ROAD Z,-121.93013928536722,39.46416677035476,2750.0,250,3100,Back,State,True,10.562567338771741,1254
4690,3,162,,GLE,,77.534,,BUTTE CITY,-121.9939391298454,39.45737320081005,2750.0,260,3150,Ahead,State,True,10.562567338771741,1254
4524,3,113,,SUT,,16.461,,JCT. RTE. 99,-121.63135153253992,39.00341769019603,2700.0,390,3100,Back,State,True,10.331691549946129,1256
4692,3,162,,GLE,,79.069,,SACRAMENTO RIVER OVERFLOW,-121.9733187067403,39.46435103751616,2700.0,270,3100,Back,State,True,10.331691549946129,1256
4522,3,113,,SUT,,14.29,,GEORGE WASHINGTON BOULEVARD,-121.67158886266137,39.00272230140447,2700.0,390,3100,Ahead,State,True,10.331691549946129,1256
4564,3,128,,YOL,,4.59,,COUNTY ROAD 86,-122.02842549133199,38.49465908053342,2700.0,380,3400,Ahead,State,True,10.331691549946129,1256
4674,3,162,,GLE,,64.88,,COUNTY ROAD F,-122.2267275222045,39.52422525073521,2700.0,300,2950,Ahead,State,True,10.331691549946129,1256
4692,3,162,,GLE,,79.069,,SACRAMENTO RIVER OVERFLOW,-121.9733187067403,39.46435103751616,2700.0,270,3100,Ahead,State,True,10.331691549946129,1256
5144,3,49,,ED,,16.44,,DIANA STREET,-120.8201363144637,38.74485292776708,2700.0,310,3000,Ahead,State,True,10.331691549946129,1256
4566,3,128,,YOL,,7.55,,COUNTY ROAD 87 E,-121.99132850256053,38.51757273153985,2650.0,350,2700,Back,State,True,10.112359550561797,1263
4604,3,160,,SAC,,16.92,,LEARY ROAD,-121.5393023349827,38.27327791076999,2650.0,310,3300,Back,State,True,10.112359550561797,1263
4630,3,162,,BUT,,14.03,,"OROVILLE, LARKIN ROAD",-121.60919986994762,39.49802519590443,2650.0,310,3050,Back,State,True,10.112359550561797,1263
4686,3,162,,GLE,,73.549,,COUNTY ROAD V,-122.06524022494959,39.52156802577844,2650.0,290,3550,Back,State,True,10.112359550561797,1263
4626,3,162,,BUT,R,9.726,,JCT. RTE. 99,-121.68866831646098,39.49425413859935,2650.0,310,3050,Ahead,State,True,10.112359550561797,1263
5844,3,89,,ED,,11.686,,FALLEN LEAF LAKE ROAD,-120.04964771818295,38.93360021213553,2650.0,590,4500,Ahead,State,True,10.112359550561797,1263
5114,3,45,,GLE,,23.23,,"HAMILTON CITY, JCT. RTE. 32",-122.0193884018445,39.744537133925846,2600.0,330,2900,Back,State,True,9.96229028782515,1269
4604,3,160,,SAC,,16.92,,LEARY ROAD,-121.5393023349827,38.27327791076999,2600.0,290,3200,Ahead,State,True,9.96229028782515,1269
5112,3,45,,GLE,,22.68,,"HAMILTON CITY, WEST FIRST STREET",-122.01573650946605,39.73712752547359,2550.0,290,2750,Back,State,True,9.75835000769586,1271
5846,3,89,,ED,,13.24,,SPRING TRACT ROAD,-120.07699443418305,38.93351781302828,2550.0,660,3100,Back,State,True,9.75835000769586,1271
4686,3,162,,GLE,,73.549,,COUNTY ROAD V,-122.06524022494959,39.52156802577844,2550.0,270,3450,Ahead,State,True,9.75835000769586,1271
5116,3,45,,GLE,,3.059,,JCT. RTE. 162 EAST,-122.01730417024817,39.457319899316666,2550.0,210,2850,Ahead,State,True,9.75835000769586,1271
5846,3,89,,ED,,13.24,,SPRING TRACT ROAD,-120.07699443418305,38.93351781302828,2550.0,660,3100,Ahead,State,True,9.75835000769586,1271
4690,3,162,,GLE,,77.534,,BUTTE CITY,-121.9939391298454,39.45737320081005,2500.0,250,2950,Back,State,True,9.500538710173927,1276
5118,3,45,,GLE,,7.527,,JCT. RTE. 162 WEST,-122.01404692663864,39.52179406957731,2500.0,280,2900,Back,State,True,9.500538710173927,1276
4688,3,162,,GLE,,76.27,,JCT. RTE. 45,-122.01404692663864,39.52179406957731,2500.0,250,2950,Ahead,State,True,9.500538710173927,1276
5172,3,49,,NEV,R,32.637,,NEVADA/YUBA COUNTY LINE,-121.08426951333543,39.39403720979938,2450.0,340,2600,Back,State,True,9.296598430044636,1279
5182,3,49,,NEV,,27.52,,PLEASANT VALLEY ROAD,-121.12013677765317,39.34292405573601,2450.0,340,2600,Ahead,State,True,9.296598430044636,1279
5112,3,45,,GLE,,22.68,,"HAMILTON CITY, WEST FIRST STREET",-122.01573650946605,39.73712752547359,2400.0,290,2900,Ahead,State,True,9.169616746190549,1281
4504,3,104,,SAC,,12.183,,RANCHO SECO ROAD,-121.11422772439295,38.35079248891316,2350.0,350,2750,Back,State,True,9.004155764198861,1282
4530,3,113,,YOL,M,21.2,,COUNTY ROAD 102,-121.72746149876201,38.792220744475415,2350.0,210,2600,Back,State,True,9.004155764198861,1282
4688,3,162,,GLE,,76.27,,JCT. RTE. 45,-122.01404692663864,39.52179406957731,2350.0,270,2800,Back,State,True,9.004155764198861,1282
4820,3,193,,ED,,16.105,,BLACK OAK MINE ROAD,-120.83295947858191,38.85841020188055,2350.0,190,2450,Back,State,True,9.004155764198861,1282
5148,3,49,,ED,,22.865,,"COLOMA, JCT. RTE. 153 WEST",-120.88934024851966,38.79695602036967,2350.0,240,2500,Back,State,True,9.004155764198861,1282
5104,3,45,,GLE,R,20.591,,COUNTY ROAD 24,-122.00370432273526,39.708540960094204,2350.0,240,2450,Ahead,State,True,9.004155764198861,1282
5146,3,49,,ED,,19.42,,GOLD HILL ROAD,-120.85618067624983,38.76398267983134,2350.0,240,2500,Ahead,State,True,9.004155764198861,1282
5860,3,89,,ED,,9.71,,"SOUTH LAKE TAHOE, WEST WAY",-120.02217613096843,38.921944494252024,2350.0,810,3450,Ahead,State,True,9.004155764198861,1282
4556,3,113,,YOL,,18.66,,COUNTY ROAD P13,-121.77437718497998,38.79287664518492,2300.0,210,2650,Ahead,State,True,8.79636755425581,1290
4586,3,153,,ED,,0.12,,COLD SPRINGS ROAD,-120.88992212685505,38.79513683326771,2250.0,200,3250,Back,State,True,8.61166692319532,1291
5104,3,45,,GLE,R,20.591,,COUNTY ROAD 24,-122.00370432273526,39.708540960094204,2250.0,260,2450,Back,State,True,8.61166692319532,1291
5110,3,45,,GLE,,17.191,,COUNTY ROAD 29 (MICHAEL ROAD),-122.00817640751085,39.65961967105424,2250.0,210,2350,Back,State,True,8.61166692319532,1291
4590,3,153,,ED,,0,,JCT. RTE. 49,-120.8893323226839,38.796883982771966,2250.0,200,3250,Ahead,State,True,8.61166692319532,1291
5020,3,32,,BUT,R,23.866,,"FOREST RANCH, NOPEL AVENUE",-121.68112411019472,39.87387245421737,2200.0,360,2400,Back,State,True,8.426966292134832,1295
5100,3,45,,COL,,34.176,,COLUSA/GLENN COUNTY LINE,-122.01021133956438,39.41357997792625,2200.0,190,2500,Back,State,True,8.426966292134832,1295
5146,3,49,,ED,,19.42,,GOLD HILL ROAD,-120.85618067624983,38.76398267983134,2200.0,230,2500,Back,State,True,8.426966292134832,1295
5607,3,70,,BUT,,26.47,,PENTZ ROAD,-121.55947637174837,39.64977126309069,2200.0,200,2250,Back,State,True,8.426966292134832,1295
5106,3,45,,GLE,,0,,COLUSA/GLENN COUNTY LINE,-122.01021133956438,39.41357997792625,2200.0,190,2500,Ahead,State,True,8.426966292134832,1295
5605,3,70,,BUT,,23.95,,COAL CANYON ROAD,-121.59351714459952,39.624902470241935,2200.0,200,2250,Ahead,State,True,8.426966292134832,1295
5108,3,45,,GLE,,11.866,,COUNTY ROAD P39,-122.00756277373014,39.58252476267277,2150.0,230,2250,Ahead,State,True,8.276897029398183,1301
5118,3,45,,GLE,,7.527,,JCT. RTE. 162 WEST,-122.01404692663864,39.52179406957731,2150.0,240,2400,Ahead,State,True,8.276897029398183,1301
5892,3,89,,SIE,,0,,NEVADA/SIERRA COUNTY LINE,-120.21433318673259,39.446269971472276,2150.0,240,3450,Ahead,State,True,8.276897029398183,1301
5870,3,89,,NEV,,8.702,,NEVADA/SIERRA COUNTY LINE,-120.21433318673259,39.446269971472276,2100.0,240,3450,Back,State,True,8.146067415730338,1304
4608,3,160,,SAC,,26.25,,HOOD-FRANKLIN ROAD,-121.51933307547424,38.368294088251375,2050.0,240,2500,Back,State,True,7.980606433738649,1305
5022,3,32,,BUT,R,36.926,,"LOMO, HUMBOLT ROAD",-121.61705398510546,40.03884084716224,2000.0,210,2500,Ahead,State,True,7.795905802678159,1306
5110,3,45,,GLE,,17.191,,COUNTY ROAD 29 (MICHAEL ROAD),-122.00817640751085,39.65961967105424,2000.0,170,2450,Ahead,State,True,7.795905802678159,1306
5236,3,49,,YUB,R,0,,NEVADA/YUBA COUNTY LINE,-121.08426951333543,39.39403720979938,2000.0,260,2300,Ahead,State,True,7.795905802678159,1306
5098,3,45,,COL,,32.06,,COUNTY ROAD P29,-122.01735601202317,39.38455092475949,1950.0,190,2100,Back,State,True,7.545790364783746,1309
5132,3,49,,ED,,1.65,,"NASHVILLE, SOUTH",-120.8461356141315,38.573869159216734,1950.0,230,2000,Back,State,True,7.545790364783746,1309
5868,3,89,,NEV,,5.04,,HOBART MILLS ROAD,-120.18798250834647,39.398445114227016,1950.0,350,2800,Back,State,True,7.545790364783746,1309
5132,3,49,,ED,,1.65,,"NASHVILLE, SOUTH",-120.8461356141315,38.573869159216734,1950.0,240,2000,Ahead,State,True,7.545790364783746,1309
5868,3,89,,NEV,,5.04,,HOBART MILLS ROAD,-120.18798250834647,39.398445114227016,1950.0,350,2800,Ahead,State,True,7.545790364783746,1309
4556,3,113,,YOL,,18.66,,COUNTY ROAD P13,-121.77437718497998,38.79287664518492,1900.0,170,2300,Back,State,True,7.287979067261813,1314
4662,3,162,,BUT,,6.66,,RICHVALE SOUTH HIGHWAY,-121.74598824538386,39.46475652009094,1900.0,140,2200,Back,State,True,7.287979067261813,1314
4696,3,162,,GLE,,84.59,,GLENN/BUTTE COUNTY LINE,-121.87009579386032,39.464065089243256,1900.0,220,2200,Back,State,True,7.287979067261813,1314
5052,3,32,,BUT,,37.749,,BUTTE/TEHAMA COUNTY LINE,-121.61484506105947,40.0471924365479,1900.0,160,2050,Back,State,True,7.287979067261813,1314
5096,3,45,,COL,,24.53,,MAXWELL COLUSA ROAD,-122.03544691583211,39.2778613558138,1900.0,190,2100,Back,State,True,7.287979067261813,1314
5850,3,89,,ED,,22.77,,RUBICON GLEN DRIVE,-120.12379728301815,39.01536934606776,1900.0,600,2300,Back,State,True,7.287979067261813,1314
4628,3,162,,BUT,,0,,GLENN/BUTTE COUNTY LINE,-121.87009579386032,39.464065089243256,1900.0,220,2200,Ahead,State,True,7.287979067261813,1314
4694,3,162,,GLE,,81.372,,COUNTY ROAD Z,-121.93013928536722,39.46416677035476,1900.0,180,2200,Ahead,State,True,7.287979067261813,1314
5098,3,45,,COL,,32.06,,COUNTY ROAD P29,-122.01735601202317,39.38455092475949,1900.0,190,2100,Ahead,State,True,7.287979067261813,1314
5848,3,89,,ED,,19.54,,BLISS MEMORIAL STATE PARK ROAD,-120.10302982546399,38.977699432147396,1900.0,600,2300,Ahead,State,True,7.287979067261813,1314
5894,3,89,,SIE,,15.055,,"SIERRAVILLE, JCT. RTE. 49 NORTH",-120.36705069090777,39.58956225190409,1850.0,260,2300,Back,State,True,7.099430506387564,1324
4554,3,113,,YOL,,14.089,,COUNTY ROAD P100,-121.76512484298074,38.73457930534979,1850.0,170,2350,Ahead,State,True,7.099430506387564,1324
4610,3,160,,SAC,,34.07,,FREEPORT BRIDGE ROAD,-121.50050085135015,38.45596014110778,1800.0,160,1850,Back,State,True,6.907034015699553,1326
5022,3,32,,BUT,R,36.926,,"LOMO, HUMBOLT ROAD",-121.61705398510546,40.03884084716224,1800.0,210,2200,Back,State,True,6.907034015699553,1326
5108,3,45,,GLE,,11.866,,COUNTY ROAD P39,-122.00756277373014,39.58252476267277,1800.0,170,2000,Back,State,True,6.907034015699553,1326
5850,3,89,,ED,,22.77,,RUBICON GLEN DRIVE,-120.12379728301815,39.01536934606776,1800.0,550,1850,Ahead,State,True,6.907034015699553,1326
4824,3,193,,ED,,26.95,,JCT. RTE. 49,-120.81128936328756,38.73761179675109,1750.0,220,1800,Back,State,True,6.737725103894104,1330
4822,3,193,,ED,,19.4,,GARDEN VALLEY ROAD,-120.82228180038264,38.81629952533261,1750.0,170,1800,Ahead,State,True,6.737725103894104,1330
5607,3,70,,BUT,,26.47,,PENTZ ROAD,-121.55947637174837,39.64977126309069,1750.0,200,1850,Ahead,State,True,6.737725103894104,1330
4674,3,162,,GLE,,64.88,,COUNTY ROAD F,-122.2267275222045,39.52422525073521,1700.0,280,2000,Back,State,True,6.506849315068493,1333
4822,3,193,,ED,,19.4,,GARDEN VALLEY ROAD,-120.82228180038264,38.81629952533261,1650.0,130,1700,Back,State,True,6.275973526242881,1334
5116,3,45,,GLE,,3.059,,JCT. RTE. 162 EAST,-122.01730417024817,39.457319899316666,1650.0,180,2050,Back,State,True,6.275973526242881,1334
4656,3,162,,BUT,,24.194,,FORBESTOWN ROAD,-121.4440022844309,39.514830185555375,1650.0,180,2200,Ahead,State,True,6.275973526242881,1334
4820,3,193,,ED,,16.105,,BLACK OAK MINE ROAD,-120.83295947858191,38.85841020188055,1650.0,130,1700,Ahead,State,True,6.275973526242881,1334
5130,3,49,,ED,,0,,AMADOR/EL DORADO COUNTY LINE,-120.84967015688942,38.55067929114442,1650.0,160,1750,Ahead,State,True,6.275973526242881,1334
4506,3,104,,SAC,,17.688,,SACRAMENTO/ AMADOR COUNTY LINE,-121.02728855380357,38.386475348227044,1600.0,170,2050,Back,State,True,6.079729105741111,1339
4658,3,162,,BUT,,24.56,,LOAFER CREEK CAMPGROUND,-121.43948601242482,39.51878942660081,1600.0,180,2200,Back,State,True,6.079729105741111,1339
5840,3,84,,YOL,,9.53,,CLARKSBURG ROAD,-121.58285797349173,38.414458554474756,1600.0,140,1650,Back,State,True,6.079729105741111,1339
4504,3,104,,SAC,,12.183,,RANCHO SECO ROAD,-121.11422772439295,38.35079248891316,1600.0,230,1900,Ahead,State,True,6.079729105741111,1339
5836,3,84,,YOL,,15.687,,END OF ROUTE,-121.5821135234461,38.503199666831534,1550.0,140,1700,Back,State,True,5.837309527474218,1343
5844,3,89,,ED,,11.686,,FALLEN LEAF LAKE ROAD,-120.04964771818295,38.93360021213553,1550.0,370,2550,Back,State,True,5.837309527474218,1343
5848,3,89,,ED,,19.54,,BLISS MEMORIAL STATE PARK ROAD,-120.10302982546399,38.977699432147396,1550.0,490,1650,Back,State,True,5.837309527474218,1343
5854,3,89,,ED,,4.58,,BRIDGE ROAD (ROUND LAKE),-120.01006171874475,38.79586377056065,1550.0,690,1850,Back,State,True,5.837309527474218,1343
5856,3,89,,ED,,8.56,,JCT. RTE. 50,-120.00462015235163,38.91348819657865,1550.0,690,1850,Back,State,True,5.837309527474218,1343
5834,3,84,,YOL,,11.77,,BABEL SLOUGH ROAD,-121.58292482701349,38.44684588290464,1550.0,140,1700,Ahead,State,True,5.837309527474218,1343
5842,3,89,,ED,,0,,ALPINE/EL DORADO COUNTY LINE; LUTHER PASS (ELEV. 7740),-119.94561486358151,38.787613393895015,1550.0,690,1850,Ahead,State,True,5.837309527474218,1343
5854,3,89,,ED,,4.58,,BRIDGE ROAD (ROUND LAKE),-120.01006171874475,38.79586377056065,1550.0,690,1850,Ahead,State,True,5.837309527474218,1343
5238,3,49,,YUB,,1.685,,RIDGE ROAD,-121.07107347022088,39.41376479606394,1500.0,200,1850,Back,State,True,5.610281668462367,1351
5240,3,49,,YUB,,3.59,,MARYSVILLE ROAD,-121.0708335841074,39.43856518752356,1500.0,200,1850,Back,State,True,5.610281668462367,1351
5238,3,49,,YUB,,1.685,,RIDGE ROAD,-121.07107347022088,39.41376479606394,1500.0,200,1850,Ahead,State,True,5.610281668462367,1351
5840,3,84,,YOL,,9.53,,CLARKSBURG ROAD,-121.58285797349173,38.414458554474756,1500.0,170,1650,Ahead,State,True,5.610281668462367,1351
5894,3,89,,SIE,,15.055,,"SIERRAVILLE, JCT. RTE. 49 NORTH",-120.36705069090777,39.58956225190409,1500.0,230,2100,Ahead,State,True,5.610281668462367,1351
5896,3,89,,SIE,,19.958,,JCT. RTE. 49 WEST,-120.43532014709952,39.6241159495167,1450.0,300,2450,Ahead,State,True,5.364014160381714,1356
5609,3,70,,BUT,,34.01,,PINKSTON/BIG BEND ROADS,-121.50308443575167,39.72549662266978,1400.0,150,1450,Back,State,True,5.121594582114822,1357
5834,3,84,,YOL,,11.77,,BABEL SLOUGH ROAD,-121.58292482701349,38.44684588290464,1350.0,190,1700,Back,State,True,4.921502231799292,1358
4662,3,162,,BUT,,6.66,,RICHVALE SOUTH HIGHWAY,-121.74598824538386,39.46475652009094,1350.0,120,1750,Ahead,State,True,4.921502231799292,1358
4672,3,162,,GLE,,63.678,,COUNTY ROAD D,-122.24920570353794,39.52415701951282,1350.0,220,1700,Ahead,State,True,4.921502231799292,1358
4660,3,162,,BUT,,31.07,,FOREMAN ROAD,-121.44485391696463,39.59417735077807,1300.0,150,1800,Back,State,True,4.732953670925042,1361
4740,3,16,,YOL,,18.132,,MOSSY CREEK BRIDGE,-122.14997037986481,38.74874758174491,1300.0,110,1600,Back,State,True,4.732953670925042,1361
4742,3,16,,YOL,,19.2,,WINNER'S WAY,-122.14507143632748,38.73634130942926,1300.0,110,1600,Back,State,True,4.732953670925042,1361
4658,3,162,,BUT,,24.56,,LOAFER CREEK CAMPGROUND,-121.43948601242482,39.51878942660081,1300.0,150,1800,Ahead,State,True,4.732953670925042,1361
4740,3,16,,YOL,,18.132,,MOSSY CREEK BRIDGE,-122.14997037986481,38.74874758174491,1300.0,110,1600,Ahead,State,True,4.732953670925042,1361
4626,3,162,,BUT,R,9.726,,JCT. RTE. 99,-121.68866831646098,39.49425413859935,1250.0,130,1450,Back,State,True,4.559796829305833,1366
4608,3,160,,SAC,,26.25,,HOOD-FRANKLIN ROAD,-121.51933307547424,38.368294088251375,1250.0,120,1450,Ahead,State,True,4.559796829305833,1366
5242,3,49,,YUB,,5.38,,CAMPTONVILLE ROAD,-121.05276656380693,39.455491130313085,1200.0,160,1400,Back,State,True,4.386639987686625,1368
5240,3,49,,YUB,,3.59,,MARYSVILLE ROAD,-121.0708335841074,39.43856518752356,1200.0,160,1400,Ahead,State,True,4.386639987686625,1368
5609,3,70,,BUT,,34.01,,PINKSTON/BIG BEND ROADS,-121.50308443575167,39.72549662266978,1150.0,110,1200,Ahead,State,True,4.194243496998615,1370
5838,3,84,,YOL,,4.57,,COURTLAND ROAD,-121.58495664460796,38.342641859986934,1150.0,130,1600,Ahead,State,True,4.194243496998615,1370
5088,3,45,,COL,,12.867,,GRIMES-ARBUCKLE ROAD,-121.89853329368573,39.071971415566814,1100.0,160,1250,Back,State,True,3.982607357241804,1372
5092,3,45,,COL,,19.85,,JCT. RTE. 20,-122.01476069652237,39.215620509976326,1100.0,160,1250,Back,State,True,3.982607357241804,1372
5090,3,45,,COL,,18.469,,SYCAMORE CUTOFF ROAD,-121.94780241682776,39.13765519690193,1100.0,160,1250,Ahead,State,True,3.982607357241804,1372
4672,3,162,,GLE,,63.678,,COUNTY ROAD D,-122.24920570353794,39.52415701951282,1000.0,180,1250,Back,State,True,3.6093581653070648,1375
5120,3,45,,YOL,,0.27,,COUNTY ROAD 108,-121.72406683716856,38.80255640091881,1000.0,140,1350,Ahead,State,True,3.6093581653070648,1375
5122,3,45,,YOL,,0,,"KNIGHTS LANDING, JCT. RTE. 113",-121.72022164800221,38.80048111228318,1000.0,140,1300,Ahead,State,True,3.6093581653070648,1375
5896,3,89,,SIE,,19.958,,JCT. RTE. 49 WEST,-120.43532014709952,39.6241159495167,990.0,210,1700,Back,State,True,3.536247498845621,1378
5234,3,49,,SIE,,64.047,,SIERRA/PLUMAS COUNTY LINE,-120.2217965221654,39.70801857514553,930.0,200,1300,Back,State,True,3.397722025550254,1379
5613,3,70,,BUT,,48.076,,BUTTE/PLUMAS COUNTY LINE,-121.38735308800483,39.86270360524553,920.0,100,1000,Back,State,True,3.363090657226412,1380
4738,3,16,,YOL,,12.205,,"GUINDA, COUNTY ROAD 57",-122.1904571523777,38.826502705506556,910.0,90,1050,Ahead,State,True,3.3361551485300907,1381
5088,3,45,,COL,,12.867,,GRIMES-ARBUCKLE ROAD,-121.89853329368573,39.071971415566814,900.0,130,980,Ahead,State,True,3.286132060951208,1382
4738,3,16,,YOL,,12.205,,"GUINDA, COUNTY ROAD 57",-122.1904571523777,38.826502705506556,880.0,90,1050,Back,State,True,3.201477605048484,1383
5102,3,45,,COL,,7.365,,TULE ROAD,-121.866628260931,39.0125703964769,860.0,130,930,Back,State,True,3.1553024472833617,1384
5242,3,49,,YUB,,5.38,,CAMPTONVILLE ROAD,-121.05276656380693,39.455491130313085,840.0,100,1050,Ahead,State,True,3.047560412498076,1385
5124,3,45,,YOL,,12.92,,YOLO/COLUSA COUNTY,-121.84360326520262,38.92468895077575,810.0,130,890,Back,State,True,2.9282745882715098,1386
5126,3,45,,YOL,,5.8,,COUNTY ROAD P98 A,-121.78563644237565,38.856074750461396,810.0,130,890,Back,State,True,2.9282745882715098,1386
5232,3,49,,SIE,,61.32,,SMITHNECK ROAD (TO SIERRA BROOKS),-120.23155599278692,39.67516497780123,810.0,170,1100,Back,State,True,2.9282745882715098,1386
5086,3,45,,COL,,0,,YOLO/COLUSA COUNTY,-121.84360326520262,38.92468895077575,810.0,130,890,Ahead,State,True,2.9282745882715098,1386
5102,3,45,,COL,,7.365,,TULE ROAD,-121.866628260931,39.0125703964769,810.0,130,890,Ahead,State,True,2.9282745882715098,1386
5232,3,49,,SIE,,61.32,,SMITHNECK ROAD (TO SIERRA BROOKS),-120.23155599278692,39.67516497780123,810.0,170,1100,Ahead,State,True,2.9282745882715098,1386
4670,3,162,,GLE,,45.382,,COUNTY ROAD 304 (TO STONY GORGE RESERVOIR),-122.5255069647171,39.61157571055017,800.0,100,820,Ahead,State,True,2.851315991996306,1392
5090,3,45,,COL,,18.469,,SYCAMORE CUTOFF ROAD,-121.94780241682776,39.13765519690193,760.0,110,850,Back,State,True,2.6743112205633373,1393
5244,3,49,,YUB,,9.372,,YUBA/SIERRA COUNTY LINE,-121.03190210976165,39.49404213582251,760.0,100,1050,Back,State,True,2.6743112205633373,1393
4762,3,16,,YOL,,7.146,,"RUMSEY, MANZANITA AVENUE",-122.23764592464542,38.88794256215969,760.0,90,880,Ahead,State,True,2.6743112205633373,1393
5120,3,45,,YOL,,0.27,,COUNTY ROAD 108,-121.72406683716856,38.80255640091881,740.0,140,1050,Back,State,True,2.601200554101893,1396
5126,3,45,,YOL,,5.8,,COUNTY ROAD P98 A,-121.78563644237565,38.856074750461396,740.0,140,1100,Ahead,State,True,2.601200554101893,1396
4954,3,220,,SAC,,0.44,,GRAND ISLAND ROAD,-121.60164781599903,38.23023074137054,720.0,100,870,Ahead,State,True,2.5088502385716485,1398
5218,3,49,,SIE,,16.291,,SADDLE BACK ROAD,-120.83408564794462,39.55785328912607,710.0,130,840,Ahead,State,True,2.4703709404340466,1399
4958,3,220,,SAC,,3.114,,"RYDE, JCT. RTE. 160",-121.55865696807207,38.23817628028211,700.0,220,830,Back,State,True,2.4088040634138834,1400
5216,3,49,,SIE,,0,,YUBA/SIERRA COUNTY LINE,-121.03190210976165,39.49404213582251,680.0,100,940,Ahead,State,True,2.3164537478836387,1401
5226,3,49,,SIE,,47.86,,"SIERRAVILLE, LEMON CANYON ROAD",-120.35920031723312,39.58837689666822,670.0,120,1050,Ahead,State,True,2.274126519932276,1402
5210,3,49,,SIE,R,12.23,,GOODYEAR CREEK ROAD,-120.88843937932519,39.5416934464019,650.0,100,800,Ahead,State,True,2.1971679236570725,1403
4670,3,162,,GLE,,45.382,,COUNTY ROAD 304 (TO STONY GORGE RESERVOIR),-122.5255069647171,39.61157571055017,640.0,70,680,Back,State,True,2.1740803447745116,1404
4664,3,162,,GLE,R,45.117,,COUNTY ROAD 306 (TO ELK CREEK),-122.53039060006365,39.611473540642336,640.0,80,680,Ahead,State,True,2.1740803447745116,1404
5210,3,49,,SIE,R,12.23,,GOODYEAR CREEK ROAD,-120.88843937932519,39.5416934464019,630.0,100,800,Back,State,True,2.1471448360781897,1406
5228,3,49,,SIE,,56.54,,ANTELOPE VALLEY ROAD,-120.31565245364287,39.67933947929509,620.0,110,990,Back,State,True,2.074034169616746,1407
5218,3,49,,SIE,,16.291,,SADDLE BACK ROAD,-120.83408564794462,39.55785328912607,590.0,120,770,Back,State,True,1.9085731876250578,1408
5230,3,49,,SIE,,60.545,,"LOYALTON, SMITHNECK CREEK",-120.24630644114326,39.67578975079451,590.0,120,940,Back,State,True,1.9085731876250578,1408
5228,3,49,,SIE,,56.54,,ANTELOPE VALLEY ROAD,-120.31565245364287,39.67933947929509,590.0,120,940,Ahead,State,True,1.9085731876250578,1408
5230,3,49,,SIE,,60.545,,"LOYALTON, SMITHNECK CREEK",-120.24630644114326,39.67578975079451,590.0,120,940,Ahead,State,True,1.9085731876250578,1408
5222,3,49,,SIE,,29.19,,"SIERRA CITY, WEST CITY LIMITS",-120.63754659046157,39.565354551104974,560.0,140,860,Back,State,True,1.793135293212252,1412
5220,3,49,,SIE,,16.787,,"DOWNIEVILLE, MAIN STREET",-120.8279882413255,39.5600082167735,560.0,140,860,Ahead,State,True,1.793135293212252,1412
5898,3,89,,SIE,,23.08,,CALPINE ROAD,-120.43526739982266,39.66691625986995,540.0,160,750,Back,State,True,1.7277204863783284,1414
5212,3,49,,SIE,R,12.385,,GOODYEAR-LT/MTN HOUSE-RT,-120.8857108373795,39.54224198282206,540.0,120,770,Ahead,State,True,1.7277204863783284,1414
4762,3,16,,YOL,,7.146,,"RUMSEY, MANZANITA AVENUE",-122.23764592464542,38.88794256215969,510.0,60,630,Back,State,True,1.6199784515930429,1416
5220,3,49,,SIE,,16.787,,"DOWNIEVILLE, MAIN STREET",-120.8279882413255,39.5600082167735,510.0,130,770,Back,State,True,1.6199784515930429,1416
5222,3,49,,SIE,,29.19,,"SIERRA CITY, WEST CITY LIMITS",-120.63754659046157,39.565354551104974,510.0,130,820,Ahead,State,True,1.6199784515930429,1416
5212,3,49,,SIE,R,12.385,,GOODYEAR-LT/MTN HOUSE-RT,-120.8857108373795,39.54224198282206,470.0,110,750,Back,State,True,1.4737571186701555,1419
5838,3,84,,YOL,,4.57,,COURTLAND ROAD,-121.58495664460796,38.342641859986934,470.0,50,630,Back,State,True,1.4737571186701555,1419
5214,3,49,,SIE,R,34.307,,GOLD LAKE ROAD,-120.5913391575732,39.617095795004104,460.0,130,740,Back,State,True,1.462213329228875,1421
5900,3,89,,SIE,,29.584,,SIERRA/PLUMAS COUNTY LINE,-120.53125981520161,39.706436548309284,450.0,80,560,Back,State,True,1.427581960905033,1422
4698,3,16,,COL,D,0.32,,COLUSA/YOLO COUNTY LINE,-122.3267340055316,38.92414603575428,440.0,60,480,Back,State,True,1.3621671540711098,1423
4700,3,16,,COL,D,0.632,,END COLUSA COUNTY,-122.32384995353215,38.92416671111902,440.0,60,480,Back,State,True,1.3621671540711098,1423
4704,3,16,,COL,,7.256,,COLUSA/YOLO COUNTY LINE,-122.33188071700069,38.924113776610206,440.0,60,480,Back,State,True,1.3621671540711098,1423
4698,3,16,,COL,D,0.32,,COLUSA/YOLO COUNTY LINE,-122.3267340055316,38.92414603575428,440.0,60,480,Ahead,State,True,1.3621671540711098,1423
4702,3,16,,COL,,0,,JCT. RTE. 20,-122.35886550267115,39.013082458555324,440.0,60,480,Ahead,State,True,1.3621671540711098,1423
4736,3,16,,YOL,,0,,COLUSA/YOLO COUNTY LINE,-122.33188071700069,38.924113776610206,440.0,60,480,Ahead,State,True,1.3621671540711098,1423
5832,3,84,,YOL,,0,,SOLANO/YOLO COUNTY LINE,-121.6307017739084,38.313714571346246,430.0,100,530,Ahead,State,True,1.292904417423426,1429
5898,3,89,,SIE,,23.08,,CALPINE ROAD,-120.43526739982266,39.66691625986995,400.0,130,500,Ahead,State,True,1.1659227335693396,1430
5224,3,49,,SIE,,47.45,,"SATTLEY, JCT. RTE. 89",-120.36705069090777,39.58956225190409,370.0,90,700,Back,State,True,1.0620286285978144,1431
5214,3,49,,SIE,R,34.307,,GOLD LAKE ROAD,-120.5913391575732,39.617095795004104,370.0,90,700,Ahead,State,True,1.0620286285978144,1431
5226,3,49,,SIE,,47.86,,"SIERRAVILLE, LEMON CANYON ROAD",-120.35920031723312,39.58837689666822,350.0,100,570,Back,State,True,1.0081576112051718,1433
4668,3,162,,GLE,,41.379,,"COUNTY ROAD 306 AT COUNTY ROAD 307, NEAR MENDOCINO NATIONAL FOREST EAST BOUNDARY",-122.52577921892687,39.66343824978387,340.0,50,370,Ahead,State,True,0.9735262428813298,1434
4664,3,162,,GLE,R,45.117,,COUNTY ROAD 306 (TO ELK CREEK),-122.53039060006365,39.611473540642336,330.0,40,410,Back,State,True,0.9465907341850084,1435
5224,3,49,,SIE,,47.45,,"SATTLEY, JCT. RTE. 89",-120.36705069090777,39.58956225190409,290.0,80,540,Ahead,State,True,0.7464983838694783,1436
4952,3,220,,SAC,,0.17,,2 HOWARD LANDING FERRY,-121.60162402052549,38.23430722020768,240.0,40,310,Back,State,True,0.6426042788979529,1437
4668,3,162,,GLE,,41.379,,"COUNTY ROAD 306 AT COUNTY ROAD 307, NEAR MENDOCINO NATIONAL FOREST EAST BOUNDARY",-122.52577921892687,39.66343824978387,230.0,30,260,Back,State,True,0.6156687702016315,1438
4666,3,162,,GLE,,37.648,,COUNTY ROAD 307,-122.59144047508167,39.65648308002479,230.0,30,260,Ahead,State,True,0.6156687702016315,1438
4956,3,220,,SAC,,0,,SOLANO/SACRAMENTO COUNTY LINE,-121.6032559395965,38.2365446512543,220.0,40,290,Ahead,State,True,0.565645682622749,1440
4952,3,220,,SAC,,0.17,,2 HOWARD LANDING FERRY,-121.60162402052549,38.23430722020768,200.0,40,230,Ahead,State,True,0.49638294597506544,1441
4954,3,220,,SAC,,0.44,,GRAND ISLAND ROAD,-121.60164781599903,38.23023074137054,180.0,30,210,Back,State,True,0.4348160689549022,1442
4588,3,153,,ED,,0.55,,MARSHALL'S MONUMENT,-120.8939641054591,38.79671214326585,95.0,20,140,Back,State,True,0.08465445590272433,1443
4586,3,153,,ED,,0.12,,COLD SPRINGS ROAD,-120.88992212685505,38.79513683326771,95.0,20,140,Ahead,State,True,0.08465445590272433,1443
7703,4,80,,ALA,,3.786,,"EMERYVILLE, POWELL STREET",-122.29642646840618,37.83786517676855,292000.0,19300,300000,Back,Interstate,True,99.28043712482685,1
7701,4,80,,ALA,,2.802,,"OAKLAND, JCT. RTE. 580 EAST",-122.29925600793926,37.82642091778513,292000.0,19300,300000,Ahead,Interstate,True,99.28043712482685,1
6132,4,101,,SCL,,34.87,,"SAN JOSE, JCT. RTE. 280 WEST, JCT. RTE. 680 NORTH",-121.85189334085264,37.339693503131045,269000.0,20100,286000,Back,US,True,98.3261505310143,3
6130,4,101,,SCL,,33.034,,"SAN JOSE, TULLY ROAD",-121.83142945457571,37.31852253394488,269000.0,20100,286000,Ahead,US,True,98.3261505310143,3
7613,4,680,,CC,,16.89,,"PLEASANT HILL, OAK PARK BOULEVARD",-122.06007792860859,37.93348751997395,266000.0,20100,281000,Back,Interstate,True,98.17223333846391,5
7611,4,680,,CC,,16.403,,GEARY ROAD,-122.06049696124761,37.9264621319228,266000.0,20100,281000,Ahead,Interstate,True,98.17223333846391,5
7583,4,680,,CC,R,17.702,,"PLEASANT HILL, MONUMENT BOULEVARD",-122.05820888035372,37.94503611356921,257000.0,18200,270000,Back,Interstate,True,97.77974449746037,7
7581,4,680,,CC,R,17.29,,"PLEASANT HILL, CONTRA COSTA BOULEVARD",-122.06020085856365,37.93890425152063,257000.0,18200,270000,Ahead,Interstate,True,97.77974449746037,7
7585,4,680,,CC,R,18.707,,"CONCORD, JCT. RTE. 242 NORTH",-122.05247151580555,37.95894121919741,256000.0,19500,281000,Back,Interstate,True,97.74896105895029,9
7693,4,80,,ALA,R,7.3,,"ALBANY, JCT RTE 580",-122.30899687445122,37.88745070667431,256000.0,17700,271000,Back,Interstate,True,97.74896105895029,9
7583,4,680,,CC,R,17.702,,"PLEASANT HILL, MONUMENT BOULEVARD",-122.05820888035372,37.94503611356921,256000.0,19500,281000,Ahead,Interstate,True,97.74896105895029,9
7709,4,80,,ALA,,6.62,,"BERKELEY, GILMAN STREET",-122.3071096847192,37.87778344558439,256000.0,17700,271000,Ahead,Interstate,True,97.74896105895029,9
7611,4,680,,CC,,16.403,,GEARY ROAD,-122.06049696124761,37.9264621319228,247000.0,18300,255000,Back,Interstate,True,97.22949053409266,13
8134,4,880,,ALA,,18.353,,"HAYWARD, A STREET",-122.10735795353949,37.666140565204195,247000.0,21000,312000,Back,Interstate,True,97.22949053409266,13
7609,4,680,,CC,,15.606,,"WALNUT CREEK, NORTH MAIN STREET",-122.06576156402134,37.915313382538955,247000.0,18300,255000,Ahead,Interstate,True,97.22949053409266,13
8132,4,880,,ALA,,17.604,,WINTON AVENUE,-122.10135624624422,37.65648386985492,247000.0,21000,312000,Ahead,Interstate,True,97.22949053409266,13
6220,4,101,,SM,,13.461,,"SAN MATEO, THIRD AVENUE",-122.31390866749037,37.57092277324785,246000.0,16900,258000,Back,US,True,97.11020470986608,17
7707,4,80,,ALA,,5.823,,"BERKELEY, UNIVERSITY AVENUE",-122.30367366828331,37.866615431161335,246000.0,16700,282000,Back,Interstate,True,97.11020470986608,17
6218,4,101,,SM,,12.69,,"SAN MATEO, KEHOE AVENUE CONNECTION",-122.30505764335275,37.562734171493894,246000.0,16900,258000,Ahead,US,True,97.11020470986608,17
7703,4,80,,ALA,,3.786,,"EMERYVILLE, POWELL STREET",-122.29642646840618,37.83786517676855,246000.0,16300,253000,Ahead,Interstate,True,97.11020470986608,17
6222,4,101,,SM,,14.33,,"SAN MATEO, POPLAR/DORE AVENUE CONNECTIONS",-122.32431459902801,37.58043659329438,245000.0,16900,248000,Back,US,True,97.04478990303217,21
6220,4,101,,SM,,13.461,,"SAN MATEO, THIRD AVENUE",-122.31390866749037,37.57092277324785,245000.0,16900,248000,Ahead,US,True,97.04478990303217,21
7455,4,580,,ALA,,18.821,,HACIENDA DRIVE,-121.88796786896434,37.70173748487559,244000.0,16800,252000,Back,Interstate,True,96.99476681545327,23
7453,4,580,,ALA,,17.947,,TASSAJARA ROAD,-121.87209209206843,37.7015826659718,244000.0,15200,255000,Ahead,Interstate,True,96.99476681545327,23
8138,4,880,,ALA,,20.162,,HESPERIAN BOULEVARD,-122.12973677760927,37.68520556625819,240000.0,20300,303000,Back,Interstate,True,96.64845313221487,25
8134,4,880,,ALA,,18.353,,"HAYWARD, A STREET",-122.10735795353949,37.666140565204195,240000.0,20300,303000,Ahead,Interstate,True,96.64845313221487,25
7457,4,580,,ALA,,19.859,,HOPYARD ROAD,-121.90699723197079,37.701900379708384,237000.0,16600,249000,Back,Interstate,True,96.44066492227181,27
7455,4,580,,ALA,,18.821,,HACIENDA DRIVE,-121.88796786896434,37.70173748487559,237000.0,16400,245000,Ahead,Interstate,True,96.44066492227181,27
64,4,101,,SM,,22.55,,"SOUTH SAN FRANCISCO, LINDEN AVENUE",-122.40210786989451,37.661742306586994,236000.0,16300,245000,Back,US,True,96.35216253655533,29
7709,4,80,,ALA,,6.62,,"BERKELEY, GILMAN STREET",-122.3071096847192,37.87778344558439,236000.0,16200,248000,Back,Interstate,True,96.35216253655533,29
7757,4,80,,SF,R,8.866,,SAN FRANCISCO/ALAMEDA COUNTY LINE,-122.34961230008585,37.81885928929508,236000.0,15800,244000,Back,Interstate,True,96.35216253655533,29
64,4,101,,SM,,22.55,,"SOUTH SAN FRANCISCO, LINDEN AVENUE",-122.40210786989451,37.661742306586994,236000.0,16300,245000,Ahead,US,True,96.35216253655533,29
7705,4,80,,ALA,,4.582,,"BERKELEY, JCT. RTE. 13 EAST",-122.29887066481832,37.84899106266829,236000.0,15600,243000,Ahead,Interstate,True,96.35216253655533,29
7707,4,80,,ALA,,5.823,,"BERKELEY, UNIVERSITY AVENUE",-122.30367366828331,37.866615431161335,236000.0,16300,248000,Ahead,Interstate,True,96.35216253655533,29
7705,4,80,,ALA,,4.582,,"BERKELEY, JCT. RTE. 13 EAST",-122.29887066481832,37.84899106266829,235000.0,15600,242000,Back,Interstate,True,96.28289979990765,35
8132,4,880,,ALA,,17.604,,WINTON AVENUE,-122.10135624624422,37.65648386985492,235000.0,15600,239000,Back,Interstate,True,96.28289979990765,35
8130,4,880,,ALA,,16.696,,"HAYWARD, JCT. RTE. 92",-122.09376719607897,37.644906265297614,235000.0,15600,239000,Ahead,Interstate,True,96.28289979990765,35
6218,4,101,,SM,,12.69,,"SAN MATEO, KEHOE AVENUE CONNECTION",-122.30505764335275,37.562734171493894,234000.0,16400,240000,Back,US,True,96.20978913344621,38
6216,4,101,,SM,,11.895,,"SAN MATEO, JCT. RTE. 92",-122.29590662143607,37.553293774810854,234000.0,16400,240000,Ahead,US,True,96.20978913344621,38
6214,4,101,,SM,,11.147,,"SAN MATEO, EAST HILLSDALE BOULEVARD",-122.28785359232491,37.54463096180026,232000.0,16200,238000,Back,US,True,96.0558719408958,40
6254,4,101,,SM,,9.552,,"BELMONT, RALSTON AVENUE",-122.2700666945778,37.52637738037677,232000.0,16200,238000,Ahead,US,True,96.0558719408958,40
7434,4,580,,ALA,R,47.35,,"ALBANY, NORTH JCT. RTE. 80",-122.30850814422429,37.888305788395364,231000.0,16400,244000,Back,Interstate,True,95.92119439741418,42
7453,4,580,,ALA,,17.947,,TASSAJARA ROAD,-121.87209209206843,37.7015826659718,231000.0,14400,242000,Back,Interstate,True,95.92119439741418,42
7843,4,80,,SOL,,42.67,,JCT. RTE. 113 NORTH,-121.76891894405856,38.520842288405056,231000.0,16000,244000,Back,Interstate,True,95.92119439741418,42
7451,4,580,,ALA,,16.703,,EL CHARRO ROAD,-121.8494659177835,37.70136101660098,231000.0,12900,246000,Ahead,Interstate,True,95.92119439741418,42
7841,4,80,,SOL,,41.256,,KIDWELL RD,-121.78552759261439,38.50535450021563,231000.0,16000,244000,Ahead,Interstate,True,95.92119439741418,42
7695,4,80,,ALA,,1.989,,SAN FRANCISCO-OAKLAND BAY BRIDGE TOLL PLAZA,-122.31363848749056,37.823872676770876,230000.0,15300,237000,Back,Interstate,True,95.77112513467755,47
7841,4,80,,SOL,,41.256,,KIDWELL RD,-121.78552759261439,38.50535450021563,230000.0,16000,248000,Back,Interstate,True,95.77112513467755,47
7691,4,80,,ALA,R,0,,SAN FRANCISCO/ALAMEDA COUNTY LINE,-122.34961230008585,37.81885928929508,230000.0,15300,237000,Ahead,Interstate,True,95.77112513467755,47
7695,4,80,,ALA,,1.989,,SAN FRANCISCO-OAKLAND BAY BRIDGE TOLL PLAZA,-122.31363848749056,37.823872676770876,230000.0,15300,237000,Ahead,Interstate,True,95.77112513467755,47
7837,4,80,,SOL,,39.742,,PEDRICK ROAD,-121.80384278958009,38.488580473789874,230000.0,16000,248000,Ahead,Interstate,True,95.77112513467755,47
6206,4,101,,SM,R,20.719,,"SOUTH SAN FRANCISCO, JCT. RTE. 380 WEST",-122.40364718164287,37.63611571593816,229000.0,14000,239000,Back,US,True,95.60566415268585,52
6224,4,101,,SM,,14.69,,"SAN MATEO, PENINSULA AVENUE",-122.32854148595186,37.584409386144614,229000.0,15000,231000,Back,US,True,95.60566415268585,52
6252,4,101,,SM,,8.401,,HOLLY STREET,-122.25608189381286,37.514011343486686,229000.0,16000,235000,Back,US,True,95.60566415268585,52
7837,4,80,,SOL,,39.742,,PEDRICK ROAD,-121.80384278958009,38.488580473789874,229000.0,16000,247000,Back,Interstate,True,95.60566415268585,52
8180,4,880,,SCL,,10.407,,DIXON ROAD,-121.92287628322589,37.4543384066154,229000.0,15900,241000,Back,Interstate,True,95.60566415268585,52
6222,4,101,,SM,,14.33,,"SAN MATEO, POPLAR/DORE AVENUE CONNECTIONS",-122.32431459902801,37.58043659329438,229000.0,15000,231000,Ahead,US,True,95.60566415268585,52
6230,4,101,,SM,,19.12,,SAN FRANCISCO AIRPORT,-122.39659737756627,37.613765512097,229000.0,14000,239000,Ahead,US,True,95.60566415268585,52
6250,4,101,,SM,,6.623,,"REDWOOD CITY, WHIPPLE AVENUE",-122.23307168345573,37.49639782890648,229000.0,16000,235000,Ahead,US,True,95.60566415268585,52
7835,4,80,,SOL,,38.21,,JCT. RTE. 113 SOUTH,-121.82376449766727,38.47289241847248,229000.0,16000,247000,Ahead,Interstate,True,95.60566415268585,52
8200,4,880,,SCL,,8.422,,JCT. RTE. 237,-121.91642302607498,37.4256875556071,229000.0,15800,240000,Ahead,Interstate,True,95.60566415268585,52
6206,4,101,,SM,R,20.719,,"SOUTH SAN FRANCISCO, JCT. RTE. 380 WEST",-122.40364718164287,37.63611571593816,227000.0,14100,236000,Ahead,US,True,95.29398183777128,62
6224,4,101,,SM,,14.69,,"SAN MATEO, PENINSULA AVENUE",-122.32854148595186,37.584409386144614,227000.0,14000,227000,Ahead,US,True,95.29398183777128,62
7459,4,580,,ALA,,20.726,,"PLEASANTON, JCT. RTE. 680",-121.92292898199373,37.701078274822706,226000.0,15800,237000,Back,Interstate,True,95.17469601354472,64
7697,4,80,,ALA,,2.413,,"OAKLAND, WEST GRAND AVENUE , ARMY TERMINAL CONNECTIONS",-122.30637490413929,37.82486761102762,226000.0,15300,237000,Back,Interstate,True,95.17469601354472,64
7699,4,80,,ALA,,2.509,,"OAKLAND, JCT RTE 880; WEST GRAND AVE; PORT OF OAKLAND",-122.30458743548864,37.82521294411239,226000.0,15300,237000,Back,Interstate,True,95.17469601354472,64
7701,4,80,,ALA,,2.802,,"OAKLAND, JCT. RTE. 580 EAST",-122.29925600793926,37.82642091778513,226000.0,15300,237000,Back,Interstate,True,95.17469601354472,64
7457,4,580,,ALA,,19.859,,HOPYARD ROAD,-121.90699723197079,37.701900379708384,226000.0,15800,237000,Ahead,Interstate,True,95.17469601354472,64
7697,4,80,,ALA,,2.413,,"OAKLAND, WEST GRAND AVENUE , ARMY TERMINAL CONNECTIONS",-122.30637490413929,37.82486761102762,226000.0,15300,237000,Ahead,Interstate,True,95.17469601354472,64
7699,4,80,,ALA,,2.509,,"OAKLAND, JCT RTE 880; WEST GRAND AVE; PORT OF OAKLAND",-122.30458743548864,37.82521294411239,226000.0,15300,237000,Ahead,Interstate,True,95.17469601354472,64
6192,4,101,,SF,,2.92,,"SAN FRANCISCO, ARMY STREET",-122.40401042081788,37.748122233658115,225000.0,15600,243000,Back,US,True,95.03232261043559,71
6230,4,101,,SM,,19.12,,SAN FRANCISCO AIRPORT,-122.39659737756627,37.613765512097,225000.0,14200,232000,Back,US,True,95.03232261043559,71
7833,4,80,,SOL,,36.901,,PITT SCHOOL RD,-121.84095737904288,38.459509690580425,225000.0,15700,243000,Back,Interstate,True,95.03232261043559,71
6190,4,101,,SF,,1.976,,"SAN FRANCISCO, JCT. RTE. 280",-122.40678100930876,37.73539917406915,225000.0,15600,243000,Ahead,US,True,95.03232261043559,71
6228,4,101,,SM,,17.947,,"MILLBRAE, MILLBRAE AVENUE",-122.38032689890082,37.60260272533648,225000.0,14900,229000,Ahead,US,True,95.03232261043559,71
7831,4,80,,SOL,,35.547,,DIXON/GRANT ROAD,-121.85850785188529,38.44587790922399,225000.0,15700,243000,Ahead,Interstate,True,95.03232261043559,71
6226,4,101,,SM,,16.575,,"BURLINGAME, BROADWAY",-122.36109524158059,37.59009553045784,223000.0,14300,227000,Back,US,True,94.85916576881638,77
6254,4,101,,SM,,9.552,,"BELMONT, RALSTON AVENUE",-122.2700666945778,37.52637738037677,223000.0,15700,230000,Back,US,True,94.85916576881638,77
7835,4,80,,SOL,,38.21,,JCT. RTE. 113 SOUTH,-121.82376449766727,38.47289241847248,223000.0,15700,242000,Back,Interstate,True,94.85916576881638,77
6252,4,101,,SM,,8.401,,HOLLY STREET,-122.25608189381286,37.514011343486686,223000.0,15700,230000,Ahead,US,True,94.85916576881638,77
7833,4,80,,SOL,,36.901,,PITT SCHOOL RD,-121.84095737904288,38.459509690580425,223000.0,15700,242000,Ahead,Interstate,True,94.85916576881638,77
6228,4,101,,SM,,17.947,,"MILLBRAE, MILLBRAE AVENUE",-122.38032689890082,37.60260272533648,222000.0,14600,229000,Back,US,True,94.74372787440358,82
6226,4,101,,SM,,16.575,,"BURLINGAME, BROADWAY",-122.36109524158059,37.59009553045784,222000.0,14600,229000,Ahead,US,True,94.74372787440358,82
8136,4,880,,ALA,,2.283,,"FREMONT, JCT. RTE. 262 EAST",-121.93665998533474,37.48355348872625,220000.0,15300,231000,Back,Interstate,True,94.58211482222563,84
8182,4,880,,SCL,,10.502,,SANTA CLARA/ALAMEDA COUNTY LINE,-121.92297188373507,37.45494256975245,220000.0,15300,231000,Back,Interstate,True,94.58211482222563,84
8105,4,880,,ALA,R,0,,SANTA CLARA/ALAMEDA COUNTY LINE,-121.92297188373507,37.45494256975245,220000.0,15300,231000,Ahead,Interstate,True,94.58211482222563,84
8180,4,880,,SCL,,10.407,,DIXON ROAD,-121.92287628322589,37.4543384066154,220000.0,15300,231000,Ahead,Interstate,True,94.58211482222563,84
6130,4,101,,SCL,,33.034,,"SAN JOSE, TULLY ROAD",-121.83142945457571,37.31852253394488,217000.0,16200,230000,Back,US,True,94.10497152531939,88
6128,4,101,,SCL,,31.695,,"SAN JOSE, CAPITOL EXPRESSWAY",-121.81662413352858,37.30319923041245,217000.0,16200,230000,Ahead,US,True,94.10497152531939,88
6234,4,101,,SM,,21.915,,"SOUTH SAN FRANCISCO, GRAND AVENUE",-122.40691693788597,37.653216213393144,216000.0,14300,218000,Back,US,True,93.88563952593505,90
7631,4,680,,SCL,M,1.189,,"SAN JOSE, JACKSON AVENUE",-121.83785475256174,37.35213449059158,216000.0,17400,243000,Back,Interstate,True,93.88563952593505,90
6232,4,101,,SM,,21.691,,SB OFF TO PRODUCE/AIRPORT,-122.40660874836988,37.64983230326024,216000.0,14300,218000,Ahead,US,True,93.88563952593505,90
7627,4,680,,SCL,M,0.385,,"SAN JOSE, KING ROAD",-121.84654725549278,37.34310206814949,216000.0,17400,243000,Ahead,Interstate,True,93.88563952593505,90
171,4,580,,ALA,,13.219,,"LIVERMORE, PORTOLA AVENUE",-121.78539407691201,37.69979714688578,215000.0,13900,231000,Back,Interstate,True,93.65476373710943,94
7449,4,580,,ALA,,14.974,,JCT. RTE. 84/AIRPORT,-121.81778651308204,37.701123122919,215000.0,13900,231000,Back,Interstate,True,93.65476373710943,94
171,4,580,,ALA,,13.219,,"LIVERMORE, PORTOLA AVENUE",-121.78539407691201,37.69979714688578,215000.0,13900,231000,Ahead,Interstate,True,93.65476373710943,94
7447,4,580,,ALA,,12.53,,NORTH LIVERMORE AVENUE,-121.7735850299012,37.70102494450946,215000.0,13900,231000,Ahead,Interstate,True,93.65476373710943,94
6190,4,101,,SF,,1.976,,"SAN FRANCISCO, JCT. RTE. 280",-122.40678100930876,37.73539917406915,214000.0,14900,232000,Back,US,True,93.48545482530398,98
6188,4,101,,SF,,1.108,,"SAN FRANCISCO, PAUL AVENUE CONNECTION",-122.40098808036697,37.72349093930256,214000.0,14900,232000,Ahead,US,True,93.48545482530398,98
7799,4,80,,SOL,,13.486,,SUISUN VALLEY ROAD,-122.1287931611837,38.22275643307548,212000.0,15200,233000,Back,Interstate,True,93.24688317685086,100
8150,4,880,,ALA,,26.607,,"OAKLAND, 66TH AVENUE",-122.20791090810509,37.75388314106249,212000.0,13700,215000,Back,Interstate,True,93.24688317685086,100
7797,4,80,,SOL,,12.839,,JCT. RTE. 680 SOUTH,-122.13789641249016,38.216522003355166,212000.0,15200,233000,Ahead,Interstate,True,93.24688317685086,100
8148,4,880,,ALA,,25.497,,"OAKLAND, HEGENBERGER ROAD",-122.19637912969995,37.74077659120405,212000.0,13700,215000,Ahead,Interstate,True,93.24688317685086,100
8146,4,880,,ALA,,24.767,,"OAKLAND, 98TH AVENUE",-122.18871099095877,37.7320131396838,211000.0,13600,214000,Back,Interstate,True,93.13914114206557,104
8144,4,880,,ALA,,23.644,,"RTE 112, DAVIS STREET",-122.17649026401952,37.719009182956256,211000.0,13700,211000,Ahead,Interstate,True,93.13914114206557,104
7043,4,280,,SCL,R,1.294,,"SAN JOSE, 10TH STREET",-121.87101234404638,37.32869291041131,210000.0,17000,216000,Back,Interstate,True,92.95059258119132,106
7451,4,580,,ALA,,16.703,,EL CHARRO ROAD,-121.8494659177835,37.70136101660098,210000.0,11700,223000,Back,Interstate,True,92.95059258119132,106
7039,4,280,,SCL,R,0.366,,MCLAUGHLIN AVENUE,-121.8574053324691,37.33651131534501,210000.0,17000,216000,Ahead,Interstate,True,92.95059258119132,106
7449,4,580,,ALA,,14.974,,JCT. RTE. 84/AIRPORT,-121.81778651308204,37.701123122919,210000.0,13500,225000,Ahead,Interstate,True,92.95059258119132,106
6170,4,101,,SCL,,52.17,,EMBARCADERO ROAD/OREGON AVENUE,-122.12291683893915,37.4489550008839,209000.0,16600,226000,Back,US,True,92.78513159919963,110
8142,4,880,,ALA,,22.837,,"SAN LEANDRO, MARINA BOULEVARD",-122.16662604175104,37.71066452456475,209000.0,13900,212000,Back,Interstate,True,92.78513159919963,110
8144,4,880,,ALA,,23.644,,"RTE 112, DAVIS STREET",-122.17649026401952,37.719009182956256,209000.0,13600,209000,Back,Interstate,True,92.78513159919963,110
6162,4,101,,SCL,,48.103,,"MOUNTAIN VIEW, JCT. RTE. 85 SOUTH",-122.0699319900329,37.408825409068896,209000.0,16500,225000,Ahead,US,True,92.78513159919963,110
6168,4,101,,SCL,,50.323,,"PALO ALTO, SAN ANTONIO ROAD",-122.10140105510891,37.4284660372393,209000.0,16600,226000,Ahead,US,True,92.78513159919963,110
8142,4,880,,ALA,,22.837,,"SAN LEANDRO, MARINA BOULEVARD",-122.16662604175104,37.71066452456475,209000.0,13900,213000,Ahead,Interstate,True,92.78513159919963,110
8130,4,880,,ALA,,16.696,,"HAYWARD, JCT. RTE. 92",-122.09376719607897,37.644906265297614,207000.0,14100,215000,Back,Interstate,True,92.5465599507465,116
8148,4,880,,ALA,,25.497,,"OAKLAND, HEGENBERGER ROAD",-122.19637912969995,37.74077659120405,207000.0,13300,210000,Back,Interstate,True,92.5465599507465,116
8152,4,880,,ALA,,27.709,,"OAKLAND, JCT. RTE. 77",-122.21918914330949,37.767141874968715,207000.0,13200,214000,Back,Interstate,True,92.5465599507465,116
8128,4,880,,ALA,,15.645,,"HAYWARD, TENNYSON ROAD",-122.08421536923875,37.63154629392904,207000.0,14100,215000,Ahead,Interstate,True,92.5465599507465,116
8146,4,880,,ALA,,24.767,,"OAKLAND, 98TH AVENUE",-122.18871099095877,37.7320131396838,207000.0,13300,210000,Ahead,Interstate,True,92.5465599507465,116
8150,4,880,,ALA,,26.607,,"OAKLAND, 66TH AVENUE",-122.20791090810509,37.75388314106249,207000.0,13400,210000,Ahead,Interstate,True,92.5465599507465,116
6164,4,101,,SCL,,48.974,,"MOUNTAIN VIEW, MIDDLEFIELD ROAD",-122.0836126940062,37.41473544824483,206000.0,16300,222000,Back,US,True,92.4003386178236,122
7801,4,80,,SOL,,15.815,,"FAIRFIELD, EAST JCT. RTE. 12",-122.09174524288466,38.240046552343046,206000.0,15200,227000,Back,Interstate,True,92.4003386178236,122
6164,4,101,,SCL,,48.974,,"MOUNTAIN VIEW, MIDDLEFIELD ROAD",-122.0836126940062,37.41473544824483,206000.0,16300,222000,Ahead,US,True,92.4003386178236,122
7799,4,80,,SOL,,13.486,,SUISUN VALLEY ROAD,-122.1287931611837,38.22275643307548,206000.0,15200,227000,Ahead,Interstate,True,92.4003386178236,122
7445,4,580,,ALA,,10.689,,FIRST STREET,-121.74020288295172,37.70274984970306,205000.0,14900,222000,Back,Interstate,True,92.23487763583192,126
8154,4,880,,ALA,,28.687,,"OAKLAND, 29TH/FRUITVALE AVENUES",-122.23325018049933,37.77509739674716,205000.0,13000,215000,Back,Interstate,True,92.23487763583192,126
7483,4,580,,ALA,,9.683,,VASCO ROAD,-121.72385281804368,37.709148618122235,205000.0,14700,218000,Ahead,Interstate,True,92.23487763583192,126
8152,4,880,,ALA,,27.709,,"OAKLAND, JCT. RTE. 77",-122.21918914330949,37.767141874968715,205000.0,13100,212000,Ahead,Interstate,True,92.23487763583192,126
6208,4,101,,SM,,0.89,,"EAST PALO ALTO, UNIVERSITY AVENUE",-122.14096628280275,37.46063974233097,204000.0,17000,228000,Back,US,True,92.05402493458519,130
8156,4,880,,ALA,,28.934,,"OAKLAND, 23RD AVENUE",-122.23676968815433,37.777428064139464,204000.0,12900,213000,Back,Interstate,True,92.05402493458519,130
6210,4,101,,SM,,0,,SANTA CLARA/SAN MATEO COUNTY LINE,-122.12783487257457,37.45287169521723,204000.0,17000,228000,Ahead,US,True,92.05402493458519,130
8154,4,880,,ALA,,28.687,,"OAKLAND, 29TH/FRUITVALE AVENUES",-122.23325018049933,37.77509739674716,204000.0,12900,213000,Ahead,Interstate,True,92.05402493458519,130
6172,4,101,,SCL,,52.55,,SANTA CLARA/SAN MATEO COUNTY LINE,-122.12783487257457,37.45287169521723,203000.0,16800,226000,Back,US,True,91.9385870401724,134
7733,4,80,,CC,,2.619,,"RICHMOND, MAC DONALD AVENUE CONNECTION",-122.32583065608861,37.93257418763683,203000.0,14000,215000,Back,Interstate,True,91.9385870401724,134
6170,4,101,,SCL,,52.17,,EMBARCADERO ROAD/OREGON AVENUE,-122.12291683893915,37.4489550008839,203000.0,16800,226000,Ahead,US,True,91.9385870401724,134
6194,4,101,,SF,,4.1,,"SAN FRANCISCO, VERMONT STREET CONNECTION",-122.40491637986679,37.764145008062506,201000.0,13800,218000,Back,US,True,91.59996921656149,137
7039,4,280,,SCL,R,0.366,,MCLAUGHLIN AVENUE,-121.8574053324691,37.33651131534501,201000.0,16300,207000,Back,Interstate,True,91.59996921656149,137
6192,4,101,,SF,,2.92,,"SAN FRANCISCO, ARMY STREET",-122.40401042081788,37.748122233658115,201000.0,13800,218000,Ahead,US,True,91.59996921656149,137
7041,4,280,,SCL,R,0,,"SAN JOSE, JCT. RTES. 101/680",-121.85211546727297,37.33973764478589,201000.0,16300,207000,Ahead,Interstate,True,91.59996921656149,137
8128,4,880,,ALA,,15.645,,"HAYWARD, TENNYSON ROAD",-122.08421536923875,37.63154629392904,200000.0,13200,208000,Back,Interstate,True,91.511466830845,141
8126,4,880,,ALA,,14.537,,"HAYWARD, INDUSTRIAL PARKWAY",-122.07415222493205,37.61753381166803,200000.0,13200,208000,Ahead,Interstate,True,91.511466830845,141
6250,4,101,,SM,,6.623,,"REDWOOD CITY, WHIPPLE AVENUE",-122.23307168345573,37.49639782890648,199000.0,14200,200000,Back,US,True,91.41911651531476,143
8158,4,880,,ALA,,29.8,,"OAKLAND, EMBARCADERO CONNECTION",-122.24632602094405,37.78685456313546,199000.0,12600,208000,Back,Interstate,True,91.41911651531476,143
8162,4,880,,ALA,,30.38,,"OAKLAND, 10TH/5TH AVENUE CONNECTIONS",-122.25651124539954,37.7897423077932,199000.0,12600,208000,Back,Interstate,True,91.41911651531476,143
6248,4,101,,SM,,5.385,,"REDWOOD CITY, JCT. RTE. 84",-122.2129063819079,37.48903985455264,199000.0,14200,200000,Ahead,US,True,91.41911651531476,143
8156,4,880,,ALA,,28.934,,"OAKLAND, 23RD AVENUE",-122.23676968815433,37.777428064139464,199000.0,12600,208000,Ahead,Interstate,True,91.41911651531476,143
8158,4,880,,ALA,,29.8,,"OAKLAND, EMBARCADERO CONNECTION",-122.24632602094405,37.78685456313546,199000.0,12600,208000,Ahead,Interstate,True,91.41911651531476,143
6188,4,101,,SF,,1.108,,"SAN FRANCISCO, PAUL AVENUE CONNECTION",-122.40098808036697,37.72349093930256,198000.0,14000,214000,Back,US,True,91.29983069108819,149
6238,4,101,,SM,,22.824,,OYSTER POINT OC,-122.39753179344672,37.66487187181668,198000.0,13700,205000,Back,US,True,91.29983069108819,149
7633,4,680,,SCL,M,1.41,,"SAN JOSE, CAPITOL EXPRESSWAY",-121.83840421608843,37.355384959530795,198000.0,15900,223000,Back,Interstate,True,91.29983069108819,149
8124,4,880,,ALA,,13.669,,"HAYWARD, WHIPPLE ROAD",-122.0664144766378,37.60668904863386,198000.0,13000,205000,Back,Interstate,True,91.29983069108819,149
8160,4,880,,ALA,,3.247,,"FREMONT, LANDING ROAD/ FREMONT BOULEVARD",-121.94829616863713,37.49267915227341,198000.0,13900,210000,Back,Interstate,True,91.29983069108819,149
6184,4,101,,SF,,0.774,,"SAN FRANCISCO, THIRD STREET",-122.39944763135145,37.719019016753826,198000.0,14000,214000,Ahead,US,True,91.29983069108819,149
6234,4,101,,SM,,21.915,,"SOUTH SAN FRANCISCO, GRAND AVENUE",-122.40691693788597,37.653216213393144,198000.0,13700,205000,Ahead,US,True,91.29983069108819,149
7631,4,680,,SCL,M,1.189,,"SAN JOSE, JACKSON AVENUE",-121.83785475256174,37.35213449059158,198000.0,15900,223000,Ahead,Interstate,True,91.29983069108819,149
8122,4,880,,ALA,,13.051,,"UNION CITY, ALVARADO/NILES ROAD",-122.06084725390276,37.598782537992854,198000.0,13000,205000,Ahead,Interstate,True,91.29983069108819,149
8136,4,880,,ALA,,2.283,,"FREMONT, JCT. RTE. 262 EAST",-121.93665998533474,37.48355348872625,198000.0,13800,209000,Ahead,Interstate,True,91.29983069108819,149
7386,4,580,,ALA,R,21.427,,SAN RAMON ROAD,-121.93510907633605,37.69851525901642,196000.0,13700,205000,Back,Interstate,True,90.96890872710482,159
7459,4,580,,ALA,,20.726,,"PLEASANTON, JCT. RTE. 680",-121.92292898199373,37.701078274822706,196000.0,13700,205000,Ahead,Interstate,True,90.96890872710482,159
6166,4,101,,SCL,,49.611,,"MOUNTAIN VIEW, RENGSTORFF AVENUE",-122.09243527209205,37.4211104075089,195000.0,15400,210000,Back,US,True,90.85731876250577,161
6232,4,101,,SM,,21.691,,SB OFF TO PRODUCE/AIRPORT,-122.40660874836988,37.64983230326024,195000.0,12900,12900,Back,US,True,90.85731876250577,161
7805,4,80,,SOL,,17.197,,"FAIRFIELD, WEST TEXAS STREET",-122.06982596547319,38.24951793597776,195000.0,14700,215000,Back,Interstate,True,90.85731876250577,161
8120,4,880,,ALA,,11.404,,"FREMONT, FREMONT BOULEVARD",-122.04813723259457,37.57861873399976,195000.0,12900,203000,Back,Interstate,True,90.85731876250577,161
8122,4,880,,ALA,,13.051,,"UNION CITY, ALVARADO/NILES ROAD",-122.06084725390276,37.598782537992854,195000.0,12800,202000,Back,Interstate,True,90.85731876250577,161
7731,4,80,,CC,,2.04,,"RICHMOND, JCT. RTE. 123 SOUTH",-122.32062171382823,37.92538034375574,195000.0,13300,202000,Ahead,Interstate,True,90.85731876250577,161
7803,4,80,,SOL,,16.152,,"FAIRFIELD, CHADBOURNE RD",-122.08660169528198,38.24229748574031,195000.0,14700,215000,Ahead,Interstate,True,90.85731876250577,161
8118,4,880,,ALA,,10.3,,"FREMONT, NORTH JCT. RTE. 84",-122.0384023156247,37.56361504049769,195000.0,12900,203000,Ahead,Interstate,True,90.85731876250577,161
8120,4,880,,ALA,,11.404,,"FREMONT, FREMONT BOULEVARD",-122.04813723259457,37.57861873399976,195000.0,12800,202000,Ahead,Interstate,True,90.85731876250577,161
173,4,880,,ALA,,31.12,,"OAKLAND, OAK STREET CONNECTION",-122.266901474386,37.79545515487385,194000.0,12300,203000,Back,Interstate,True,90.72648914883793,170
7809,4,80,,SOL,,17.917,,TRAVIS BOULEVARD,-122.062295692077,38.258309850926146,194000.0,14600,214000,Back,Interstate,True,90.72648914883793,170
7807,4,80,,SOL,,17.522,,"FAIRFIELD, OLIVER RD",-122.06636599546027,38.253465626364616,194000.0,14600,214000,Ahead,Interstate,True,90.72648914883793,170
8162,4,880,,ALA,,30.38,,"OAKLAND, 10TH/5TH AVENUE CONNECTIONS",-122.25651124539954,37.7897423077932,194000.0,12300,203000,Ahead,Interstate,True,90.72648914883793,170
6196,4,101,,SF,,4.241,,"SAN FRANCISCO, JCT. RTE. 80",-122.40505666796807,37.7661691244409,193000.0,15600,218000,Back,US,True,90.6033553947976,174
7067,4,280,,SCL,,5.949,,"SAN JOSE, SARATOGA AVENUE",-121.97494538234501,37.317275917509605,193000.0,15600,198000,Back,Interstate,True,90.6033553947976,174
7447,4,580,,ALA,,12.53,,NORTH LIVERMORE AVENUE,-121.7735850299012,37.70102494450946,193000.0,12400,207000,Back,Interstate,True,90.6033553947976,174
7461,4,580,,ALA,,30.354,,STROBRIDGE AVENUE,-122.08879799620159,37.690821779471484,193000.0,13400,201000,Back,Interstate,True,90.6033553947976,174
7811,4,80,,SOL,,19.176,,AIRBASE PARKWAY,-122.04957543266949,38.27335288086515,193000.0,14400,212000,Back,Interstate,True,90.6033553947976,174
6194,4,101,,SF,,4.1,,"SAN FRANCISCO, VERMONT STREET CONNECTION",-122.40491637986679,37.764145008062506,193000.0,15600,218000,Ahead,US,True,90.6033553947976,174
7037,4,280,,SCL,L,5.954,,"SAN JOSE, WINCHESTER BOULEVARD",-121.95013965353398,37.31688330669044,193000.0,15600,198000,Ahead,Interstate,True,90.6033553947976,174
7392,4,580,,ALA,R,29.365,,REDWOOD ROAD,-122.07347208887089,37.690960323790456,193000.0,13400,201000,Ahead,Interstate,True,90.6033553947976,174
7445,4,580,,ALA,,10.689,,FIRST STREET,-121.74020288295172,37.70274984970306,193000.0,14100,209000,Ahead,Interstate,True,90.6033553947976,174
7809,4,80,,SOL,,17.917,,TRAVIS BOULEVARD,-122.062295692077,38.258309850926146,193000.0,14400,212000,Ahead,Interstate,True,90.6033553947976,174
161,4,280,,SCL,R,3.875,,SOUTHWEST EXPRESSWAY INTERCHANGE,-121.91291063487365,37.31485028057164,192000.0,15500,197000,Back,Interstate,True,90.43404648299214,184
7051,4,280,,SCL,R,3.764,,RACE STREET/SW EXWY,-121.91097273524382,37.314847153446365,192000.0,15500,197000,Back,Interstate,True,90.43404648299214,184
7807,4,80,,SOL,,17.522,,"FAIRFIELD, OLIVER RD",-122.06636599546027,38.253465626364616,192000.0,14400,211000,Back,Interstate,True,90.43404648299214,184
6242,4,101,,SM,,25.7,,"BRISBANE, CANDLESTICK PARK CONNECTIONS",-122.39355372189029,37.70262574128289,192000.0,13800,203000,Ahead,US,True,90.43404648299214,184
7049,4,280,,SCL,R,2.875,,"SAN JOSE, BIRD AVENUE",-121.89845668446,37.322405698296485,192000.0,15500,197000,Ahead,Interstate,True,90.43404648299214,184
7805,4,80,,SOL,,17.197,,"FAIRFIELD, WEST TEXAS STREET",-122.06982596547319,38.24951793597776,192000.0,14400,211000,Ahead,Interstate,True,90.43404648299214,184
6056,4,101,,MRN,,10.6,,"SAN RAFAEL, IRWIN STREET CONNECTION",-122.51903439468585,37.96778103802322,191000.0,16400,204000,Back,US,True,90.3224565183931,190
6212,4,101,,SM,,1.869,,JCT. RTE. 114,-122.1551802905091,37.46897390016453,191000.0,14800,208000,Back,US,True,90.3224565183931,190
6244,4,101,,SM,,26.107,,SAN FRANCISCO/SAN MATEO COUNTY LINE,-122.39483642269121,37.708251959943496,191000.0,13800,200000,Back,US,True,90.3224565183931,190
7392,4,580,,ALA,R,29.365,,REDWOOD ROAD,-122.07347208887089,37.690960323790456,191000.0,13200,199000,Back,Interstate,True,90.3224565183931,190
7737,4,80,,CC,,3.411,,"RICHMOND, SOLANO AVENUE CONNECTION",-122.32370602725396,37.9434955683886,191000.0,13200,202000,Back,Interstate,True,90.3224565183931,190
6208,4,101,,SM,,0.89,,"EAST PALO ALTO, UNIVERSITY AVENUE",-122.14096628280275,37.46063974233097,191000.0,14800,208000,Ahead,US,True,90.3224565183931,190
7390,4,580,,ALA,R,28.745,,CROW CANYON ROAD/CENTER STREET,-122.06245909203389,37.692927048271464,191000.0,13200,199000,Ahead,Interstate,True,90.3224565183931,190
7735,4,80,,CC,,2.961,,"RICHMOND, SAN PABLO AVENUE",-122.32612188451384,37.937146233716554,191000.0,13200,202000,Ahead,Interstate,True,90.3224565183931,190
167,4,280,,SM,R,26.877,,BEGIN RIGHT ALIGN,-122.47136530132057,37.700943081447974,190000.0,15600,200000,Back,Interstate,True,90.18393104509774,198
6216,4,101,,SM,,11.895,,"SAN MATEO, JCT. RTE. 92",-122.29590662143607,37.553293774810854,190000.0,13400,195000,Back,US,True,90.18393104509774,198
6214,4,101,,SM,,11.147,,"SAN MATEO, EAST HILLSDALE BOULEVARD",-122.28785359232491,37.54463096180026,190000.0,13400,195000,Ahead,US,True,90.18393104509774,198
7144,4,280,,SM,R,26.042,,JUNIPERO SIERRA,-122.47049255478439,37.688785876477326,190000.0,15600,200000,Ahead,Interstate,True,90.18393104509774,198
6236,4,101,,SM,,22.713,,"SOUTH SAN FRANCISCO, OYSTER POINT BOULEVARD",-122.39894552251498,37.663813930817554,189000.0,12300,193000,Back,US,True,90.08773279975372,202
6240,4,101,,SM,,23.393,,"SOUTH SAN FRANCISCO, OLD BAYSHORE CONNECTION (SIERRA POINT)",-122.39147967449432,37.671151226025266,189000.0,13600,200000,Back,US,True,90.08773279975372,202
6238,4,101,,SM,,22.824,,OYSTER POINT OC,-122.39753179344672,37.66487187181668,189000.0,13600,200000,Ahead,US,True,90.08773279975372,202
6248,4,101,,SM,,5.385,,"REDWOOD CITY, JCT. RTE. 84",-122.2129063819079,37.48903985455264,188000.0,13400,198000,Back,US,True,89.98383869478221,205
8126,4,880,,ALA,,14.537,,"HAYWARD, INDUSTRIAL PARKWAY",-122.07415222493205,37.61753381166803,188000.0,12400,196000,Back,Interstate,True,89.98383869478221,205
6246,4,101,,SM,,3.592,,"MENLO PARK, MARSH ROAD",-122.18059197789502,37.483416858157035,188000.0,13400,198000,Ahead,US,True,89.98383869478221,205
8124,4,880,,ALA,,13.669,,"HAYWARD, WHIPPLE ROAD",-122.0664144766378,37.60668904863386,188000.0,12400,196000,Ahead,Interstate,True,89.98383869478221,205
6184,4,101,,SF,,0.774,,"SAN FRANCISCO, THIRD STREET",-122.39944763135145,37.719019016753826,187000.0,13500,196000,Back,US,True,89.7914422040942,209
7394,4,580,,ALA,R,30.807,,JCT. RTE. 238,-122.09704573874386,37.690766641891145,187000.0,12900,195000,Back,Interstate,True,89.7914422040942,209
6186,4,101,,SF,,0,,SAN FRANCISCO/SAN MATEO COUNTY LINE,-122.39483642269121,37.708251959943496,187000.0,13500,196000,Ahead,US,True,89.7914422040942,209
7461,4,580,,ALA,,30.354,,STROBRIDGE AVENUE,-122.08879799620159,37.690821779471484,187000.0,13000,196000,Ahead,Interstate,True,89.7914422040942,209
7009,4,24,,CC,,9.119,,"WALNUT CREEK, JCT RTE 680",-122.07107626134689,37.898311131896705,186000.0,13800,191000,Back,State,True,89.61058950284747,213
7142,4,280,,SM,R,25.28,,"DALY CITY, JCT. RTE. 1 SOUTH",-122.47125716841487,37.678058787674665,186000.0,15300,196000,Back,Interstate,True,89.61058950284747,213
7388,4,580,,ALA,R,26.228,,PALOMARES/EDEN CANYON ROAD,-122.02089973735995,37.701602935934375,186000.0,13000,195000,Back,Interstate,True,89.61058950284747,213
7473,4,580,,ALA,,46.009,,"OAKLAND, JCT. RTE. 123",-122.28337020584478,37.82757252687376,186000.0,12300,194000,Back,Interstate,True,89.61058950284747,213
7581,4,680,,CC,R,17.29,,"PLEASANT HILL, CONTRA COSTA BOULEVARD",-122.06020085856365,37.93890425152063,186000.0,14200,200000,Back,Interstate,True,89.61058950284747,213
7803,4,80,,SOL,,16.152,,"FAIRFIELD, CHADBOURNE RD",-122.08660169528198,38.24229748574031,186000.0,14000,205000,Back,Interstate,True,89.61058950284747,213
8170,4,880,,ALA,,6.239,,"FREMONT, STEVENSON BOULEVARD",-121.98756912047014,37.522615852481856,186000.0,12800,195000,Back,Interstate,True,89.61058950284747,213
8172,4,880,,ALA,,7.189,,"FREMONT, MOWERY AVENUE",-122.002183571079,37.529924371869235,186000.0,11900,194000,Back,Interstate,True,89.61058950284747,213
7005,4,24,,CC,R,7.656,,"LAFAYETTE, PLEASANT HILL ROAD",-122.09628478574814,37.89753603906297,186000.0,13800,191000,Ahead,State,True,89.61058950284747,213
7140,4,280,,SM,R,24.627,,"DALY CITY, COLLINS AVENUE  (SERRAMONTE BOULEVARD)",-122.46580110051812,37.66968204452213,186000.0,15300,196000,Ahead,Interstate,True,89.61058950284747,213
7386,4,580,,ALA,R,21.427,,SAN RAMON ROAD,-121.93510907633605,37.69851525901642,186000.0,13000,195000,Ahead,Interstate,True,89.61058950284747,213
7471,4,580,,ALA,,45.151,,"OAKLAND, JCT. RTES. 24/980",-122.26782450322192,37.8242735252943,186000.0,13600,194000,Ahead,Interstate,True,89.61058950284747,213
7613,4,680,,CC,,16.89,,"PLEASANT HILL, OAK PARK BOULEVARD",-122.06007792860859,37.93348751997395,186000.0,14200,200000,Ahead,Interstate,True,89.61058950284747,213
7801,4,80,,SOL,,15.815,,"FAIRFIELD, EAST JCT. RTE. 12",-122.09174524288466,38.240046552343046,186000.0,14000,205000,Ahead,Interstate,True,89.61058950284747,213
8168,4,880,,ALA,,4.712,,"FREMONT, DURHAM ROAD/ GRIMMER BOULEVARD",-121.96725116730775,37.50743516003668,186000.0,12600,197000,Ahead,Interstate,True,89.61058950284747,213
8170,4,880,,ALA,,6.239,,"FREMONT, STEVENSON BOULEVARD",-121.98756912047014,37.522615852481856,186000.0,12800,195000,Ahead,Interstate,True,89.61058950284747,213
7741,4,80,,CC,,4.341,,"SAN PABLO, SAN PABLO DAM ROAD",-122.32984058459996,37.956052403506646,185000.0,12800,196000,Back,Interstate,True,89.33738648607049,229
8174,4,880,,ALA,,8.842,,"FREMONT, SOUTH JCT. RTE. 84",-122.02272832639277,37.5467820583834,185000.0,12200,192000,Back,Interstate,True,89.33738648607049,229
7603,4,680,,CC,,13.93,,"WALNUT CREEK ROAD, OLYMPIC BOULEVARD",-122.06653317642623,37.89373595460346,185000.0,17600,219000,Ahead,Interstate,True,89.33738648607049,229
7739,4,80,,CC,,3.795,,"RICHMOND, MC BRYDE AVENUE CONNECTION",-122.32600158123266,37.94871624824192,185000.0,12800,196000,Ahead,Interstate,True,89.33738648607049,229
8172,4,880,,ALA,,7.189,,"FREMONT, MOWERY AVENUE",-122.002183571079,37.529924371869235,185000.0,11800,192000,Ahead,Interstate,True,89.33738648607049,229
7735,4,80,,CC,,2.961,,"RICHMOND, SAN PABLO AVENUE",-122.32612188451384,37.937146233716554,184000.0,12700,194000,Back,Interstate,True,89.06033553947977,234
7733,4,80,,CC,,2.619,,"RICHMOND, MAC DONALD AVENUE CONNECTION",-122.32583065608861,37.93257418763683,184000.0,12700,194000,Ahead,Interstate,True,89.06033553947977,234
7761,4,80,,SF,,4.4,,"SAN FRANCISCO, 7th/8th STREETS",-122.40637477766255,37.773951922110285,184000.0,12600,190000,Ahead,Interstate,True,89.06033553947977,234
7045,4,280,,SCL,R,1.992,,"SAN JOSE, JCT. RTE. 82",-121.88322697052652,37.32632668825434,183000.0,14800,189000,Back,Interstate,True,88.91026627674312,237
7322,4,4,,CC,R,15.424,,"CONCORD, PORT CHICAGO HIGHWAY WEST",-122.02304138387937,38.00947551899238,183000.0,13800,194000,Back,State,True,88.91026627674312,237
7324,4,4,,CC,R,16.834,,WILLOW PASS ROAD (WEST),-121.99768039830639,38.013506384099756,183000.0,13800,194000,Back,State,True,88.91026627674312,237
7717,4,80,,CC,,1.671,,"EL CERRITO, POTRERO AVENUE",-122.31756579435199,37.92036724467938,183000.0,12600,193000,Back,Interstate,True,88.91026627674312,237
7745,4,80,,CC,,5.983,,"RICHMOND, HILLTOP DRIVE",-122.31838064446812,37.9762111198951,183000.0,12800,195000,Back,Interstate,True,88.91026627674312,237
8118,4,880,,ALA,,10.3,,"FREMONT, NORTH JCT. RTE. 84",-122.0384023156247,37.56361504049769,183000.0,12000,190000,Back,Interstate,True,88.91026627674312,237
7043,4,280,,SCL,R,1.294,,"SAN JOSE, 10TH STREET",-121.87101234404638,37.32869291041131,183000.0,14800,189000,Ahead,Interstate,True,88.91026627674312,237
7320,4,4,,CC,R,14.668,,"CONCORD, JCT. RTE. 242",-122.03632565143631,38.0057632903554,183000.0,13800,194000,Ahead,State,True,88.91026627674312,237
7729,4,80,,CC,,1,,"RICHMOND, CARLSON BOULEVARD",-122.31721291275218,37.91073699851514,183000.0,12600,193000,Ahead,Interstate,True,88.91026627674312,237
7743,4,80,,CC,,5.246,,EL PORTAL DRIVE,-122.32256916704108,37.96610674376403,183000.0,12800,195000,Ahead,Interstate,True,88.91026627674312,237
8174,4,880,,ALA,,8.842,,"FREMONT, SOUTH JCT. RTE. 84",-122.02272832639277,37.5467820583834,183000.0,12000,190000,Ahead,Interstate,True,88.91026627674312,237
6242,4,101,,SM,,25.7,,"BRISBANE, CANDLESTICK PARK CONNECTIONS",-122.39355372189029,37.70262574128289,182000.0,13100,191000,Back,US,True,88.64860704940742,248
7711,4,80,,ALA,,8.036,,ALAMEDA/CONTRA COSTA COUNTY LINE,-122.30920459908091,37.89792974442129,182000.0,12200,187000,Back,Interstate,True,88.64860704940742,248
7751,4,80,,CC,,8.508,,"PINOLE, PINOLE VALLEY ROAD",-122.2862258980307,37.99695131514536,182000.0,19200,196000,Back,Interstate,True,88.64860704940742,248
6240,4,101,,SM,,23.393,,"SOUTH SAN FRANCISCO, OLD BAYSHORE CONNECTION (SIERRA POINT)",-122.39147967449432,37.671151226025266,182000.0,13100,191000,Ahead,US,True,88.64860704940742,248
7749,4,80,,CC,,7.597,,"PINOLE, APPIAN WAY",-122.30197555595228,37.99330546315966,182000.0,19200,196000,Ahead,Interstate,True,88.64860704940742,248
6168,4,101,,SCL,,50.323,,"PALO ALTO, SAN ANTONIO ROAD",-122.10140105510891,37.4284660372393,181000.0,14400,196000,Back,US,True,88.4369709096506,253
7390,4,580,,ALA,R,28.745,,CROW CANYON ROAD/CENTER STREET,-122.06245909203389,37.692927048271464,181000.0,12600,189000,Back,Interstate,True,88.4369709096506,253
7743,4,80,,CC,,5.246,,EL PORTAL DRIVE,-122.32256916704108,37.96610674376403,181000.0,12600,192000,Back,Interstate,True,88.4369709096506,253
7831,4,80,,SOL,,35.547,,DIXON/GRANT ROAD,-121.85850785188529,38.44587790922399,181000.0,12800,195000,Back,Interstate,True,88.4369709096506,253
6166,4,101,,SCL,,49.611,,"MOUNTAIN VIEW, RENGSTORFF AVENUE",-122.09243527209205,37.4211104075089,181000.0,14400,196000,Ahead,US,True,88.4369709096506,253
7388,4,580,,ALA,R,26.228,,PALOMARES/EDEN CANYON ROAD,-122.02089973735995,37.701602935934375,181000.0,12700,190000,Ahead,Interstate,True,88.4369709096506,253
7741,4,80,,CC,,4.341,,"SAN PABLO, SAN PABLO DAM ROAD",-122.32984058459996,37.956052403506646,181000.0,12600,192000,Ahead,Interstate,True,88.4369709096506,253
7829,4,80,,SOL,,32.622,,MIDWAY RD,-121.89719781686185,38.41628562241795,181000.0,12800,195000,Ahead,Interstate,True,88.4369709096506,253
6112,4,101,,SCL,R,35.759,,"SAN JOSE, JCT. RTE. 130 EAST",-121.86159890087905,37.34996630385688,180000.0,13200,190000,Back,US,True,88.08680929659843,261
6144,4,101,,SCL,,40.701,,"SAN JOSE, DE LA CRUZ BOULEVARD/TRIMBLE ROAD",-121.94163080667121,37.37681806985507,180000.0,12700,190000,Back,US,True,88.08680929659843,261
7007,4,24,,CC,,1.196,,GATEWAY BOULEVARD,-122.19798322255672,37.86729623184874,180000.0,13700,185000,Back,State,True,88.08680929659843,261
7144,4,280,,SM,R,26.042,,JUNIPERO SIERRA,-122.47049255478439,37.688785876477326,180000.0,14900,190000,Back,Interstate,True,88.08680929659843,261
7739,4,80,,CC,,3.795,,"RICHMOND, MC BRYDE AVENUE CONNECTION",-122.32600158123266,37.94871624824192,180000.0,12400,190000,Back,Interstate,True,88.08680929659843,261
7783,4,80,,SOL,R,27.238,,"VACAVILLE, MONTE VISTA/ALISON DR",-121.96922033190273,38.36143872617985,180000.0,12700,194000,Back,Interstate,True,88.08680929659843,261
6132,4,101,,SCL,,34.87,,"SAN JOSE, JCT. RTE. 280 WEST, JCT. RTE. 680 NORTH",-121.85189334085264,37.339693503131045,180000.0,13200,190000,Ahead,US,True,88.08680929659843,261
6142,4,101,,SCL,,39.925,,JCT. RTE. 87,-121.92805419138821,37.37390748319259,180000.0,12700,190000,Ahead,US,True,88.08680929659843,261
6236,4,101,,SM,,22.713,,"SOUTH SAN FRANCISCO, OYSTER POINT BOULEVARD",-122.39894552251498,37.663813930817554,180000.0,11700,184000,Ahead,US,True,88.08680929659843,261
6993,4,24,,CC,R,0.4,,FISH RANCH ROAD (CLAREMONT AVENUE),-122.20955608630968,37.86112191054302,180000.0,13700,185000,Ahead,State,True,88.08680929659843,261
7007,4,24,,CC,,1.196,,GATEWAY BOULEVARD,-122.19798322255672,37.86729623184874,180000.0,13700,187000,Ahead,State,True,88.08680929659843,261
7142,4,280,,SM,R,25.28,,"DALY CITY, JCT. RTE. 1 SOUTH",-122.47125716841487,37.678058787674665,180000.0,14900,190000,Ahead,Interstate,True,88.08680929659843,261
7715,4,80,,CC,,0,,ALAMEDA/CONTRA COSTA COUNTY LINE,-122.30920459908091,37.89792974442129,180000.0,12000,185000,Ahead,Interstate,True,88.08680929659843,261
7737,4,80,,CC,,3.411,,"RICHMOND, SOLANO AVENUE CONNECTION",-122.32370602725396,37.9434955683886,180000.0,12400,190000,Ahead,Interstate,True,88.08680929659843,261
7781,4,80,,SOL,R,26.228,,DEPOT/CLIFFSIDE,-121.98181628064457,38.352220347985934,180000.0,12700,194000,Ahead,Interstate,True,88.08680929659843,261
7819,4,80,,SOL,,23.958,,PLEASANT VALLEY,-122.01706248031758,38.33579096438618,180000.0,14100,200000,Ahead,Interstate,True,88.08680929659843,261
159,4,280,,SCL,R,2.193,,GUADALUPE SEPARATION,-121.88654114666379,37.32512406505706,179000.0,14500,184000,Back,Interstate,True,87.80206249038017,277
7047,4,280,,SCL,R,2.522,,"SAN JOSE, JCT. RTE. 87",-121.89235003776986,37.32398586273484,179000.0,14500,184000,Back,Interstate,True,87.80206249038017,277
7777,4,80,,SOL,R,25.306,,ALAMO AVENUE,-121.99711740794817,38.34625283509026,179000.0,12700,193000,Back,Interstate,True,87.80206249038017,277
7819,4,80,,SOL,,23.958,,PLEASANT VALLEY,-122.01706248031758,38.33579096438618,179000.0,14000,200000,Back,Interstate,True,87.80206249038017,277
7045,4,280,,SCL,R,1.992,,"SAN JOSE, JCT. RTE. 82",-121.88322697052652,37.32632668825434,179000.0,14500,184000,Ahead,Interstate,True,87.80206249038017,277
7775,4,80,,SOL,R,23.134,,CHERRY GLEN RD,-122.02388446804488,38.325105041355826,179000.0,12700,193000,Ahead,Interstate,True,87.80206249038017,277
7418,4,580,,ALA,R,38.915,,"OAKLAND, KUHNLE AVENUE",-122.17336320785425,37.78099423860182,178000.0,13400,187000,Back,Interstate,True,87.64044943820225,283
7605,4,680,,CC,,14.383,,"WALNUT CREEK, JCT. RTE. 24 WEST",-122.07076316343606,37.89890894799938,178000.0,17000,211000,Back,Interstate,True,87.64044943820225,283
7635,4,680,,SCL,M,1.74,,"SAN JOSE, JCT. RTE. 130",-121.84100073802668,37.35974597870225,178000.0,14400,201000,Back,Interstate,True,87.64044943820225,283
7775,4,80,,SOL,R,23.134,,CHERRY GLEN RD,-122.02388446804488,38.325105041355826,178000.0,12500,192000,Back,Interstate,True,87.64044943820225,283
7416,4,580,,ALA,R,38.309,,"OAKLAND, EDWARDS AVENUE",-122.16382596067109,37.77632016734693,178000.0,13400,187000,Ahead,Interstate,True,87.64044943820225,283
7633,4,680,,SCL,M,1.41,,"SAN JOSE, CAPITOL EXPRESSWAY",-121.83840421608843,37.355384959530795,178000.0,14400,201000,Ahead,Interstate,True,87.64044943820225,283
7817,4,80,,SOL,,20.925,,"FAIRFIELD, NORTH TEXAS STREET",-122.03391233281542,38.29517043532734,178000.0,13300,195000,Ahead,Interstate,True,87.64044943820225,283
6246,4,101,,SM,,3.592,,"MENLO PARK, MARSH ROAD",-122.18059197789502,37.483416858157035,177000.0,12600,186000,Back,US,True,87.49422810527936,290
7134,4,280,,SM,R,22.043,,"SOUTH SAN FRANCISCO,  AVALON DRIVE",-122.44171786692716,37.63948125728576,177000.0,14600,188000,Back,Interstate,True,87.49422810527936,290
7779,4,80,,SOL,R,26.01,,DAVIS STREET,-121.98544970994898,38.350795658381074,177000.0,12500,191000,Back,Interstate,True,87.49422810527936,290
6212,4,101,,SM,,1.869,,JCT. RTE. 114,-122.1551802905091,37.46897390016453,177000.0,12600,186000,Ahead,US,True,87.49422810527936,290
7132,4,280,,SM,R,21.306,,"SAN BRUNO, SNEATH LANE",-122.43480410192058,37.63043465856514,177000.0,17700,190000,Ahead,Interstate,True,87.49422810527936,290
7777,4,80,,SOL,R,25.306,,ALAMO AVENUE,-121.99711740794817,38.34625283509026,177000.0,12500,191000,Ahead,Interstate,True,87.49422810527936,290
6058,4,101,,MRN,,11.25,,"SAN RAFAEL, MISSION AVENUE CONNECTION",-122.52051125555566,37.97606269670663,176000.0,14200,198000,Back,US,True,87.33261505310143,296
6114,4,101,,SCL,R,36.144,,"SAN JOSE, MC KEE ROAD",-121.86608808328938,37.35428490863055,176000.0,12800,186000,Back,US,True,87.33261505310143,296
7035,4,280,,SCL,L,5.408,,"SAN JOSE, JCT. RTES. 17/880",-121.94031001730222,37.31740852551216,176000.0,14300,181000,Back,Interstate,True,87.33261505310143,296
7747,4,80,,CC,,6.6,,RICHMOND PARKWAY,-122.31539480885539,37.98493478642238,176000.0,12300,187000,Back,Interstate,True,87.33261505310143,296
7749,4,80,,CC,,7.597,,"PINOLE, APPIAN WAY",-122.30197555595228,37.99330546315966,176000.0,12200,186000,Back,Interstate,True,87.33261505310143,296
7817,4,80,,SOL,,20.925,,"FAIRFIELD, NORTH TEXAS STREET",-122.03391233281542,38.29517043532734,176000.0,13200,193000,Back,Interstate,True,87.33261505310143,296
8166,4,880,,ALA,,31.681,,"OAKLAND, JCT RTE 980",-122.27619959363382,37.799109346367295,176000.0,11200,184000,Back,Interstate,True,87.33261505310143,296
6096,4,101,,MRN,,9.96,,JCT. RTE. 580,-122.51007559696865,37.96221184004521,176000.0,14200,198000,Ahead,US,True,87.33261505310143,296
6112,4,101,,SCL,R,35.759,,"SAN JOSE, JCT. RTE. 130 EAST",-121.86159890087905,37.34996630385688,176000.0,12800,186000,Ahead,US,True,87.33261505310143,296
7033,4,280,,SCL,L,4.663,,"SAN JOSE, LELAND AVENUE",-121.92678098847477,37.31690677270824,176000.0,14300,181000,Ahead,Interstate,True,87.33261505310143,296
7745,4,80,,CC,,5.983,,"RICHMOND, HILLTOP DRIVE",-122.31838064446812,37.9762111198951,176000.0,12300,187000,Ahead,Interstate,True,87.33261505310143,296
7747,4,80,,CC,,6.6,,RICHMOND PARKWAY,-122.31539480885539,37.98493478642238,176000.0,12300,186000,Ahead,Interstate,True,87.33261505310143,296
7811,4,80,,SOL,,19.176,,AIRBASE PARKWAY,-122.04957543266949,38.27335288086515,176000.0,13200,193000,Ahead,Interstate,True,87.33261505310143,296
8140,4,880,,ALA,,20.678,,JCT. RTE. 238 EAST,-122.1368377281649,37.69007200865225,176000.0,11700,179000,Ahead,Interstate,True,87.33261505310143,296
8164,4,880,,ALA,,31.23,,"OAKLAND, JACKSON/ BROADWAY CONNECTIONS",-122.26874142171727,37.796150629803044,176000.0,11200,184000,Ahead,Interstate,True,87.33261505310143,296
6136,4,101,,SCL,,38.3,,"SAN JOSE, JCT. RTE. 880",-121.90185243840483,37.364283031480475,175000.0,12600,184000,Back,US,True,87.14791442204094,311
6993,4,24,,CC,R,0.4,,FISH RANCH ROAD (CLAREMONT AVENUE),-122.20955608630968,37.86112191054302,175000.0,13300,181000,Back,State,True,87.14791442204094,311
7761,4,80,,SF,,4.4,,"SAN FRANCISCO, 7th/8th STREETS",-122.40637477766255,37.773951922110285,175000.0,11800,181000,Back,Interstate,True,87.14791442204094,311
6134,4,101,,SCL,,37.726,,"SAN JOSE, OAKLAND ROAD",-121.89151785196538,37.3631093027359,175000.0,12600,184000,Ahead,US,True,87.14791442204094,311
7717,4,80,,CC,,1.671,,"EL CERRITO, POTRERO AVENUE",-122.31756579435199,37.92036724467938,175000.0,12100,185000,Ahead,Interstate,True,87.14791442204094,311
7759,4,80,,SF,,3.951,,"SAN FRANCISCO, JCT. RTE. 101",-122.40502252030916,37.767724265926866,175000.0,11800,180000,Ahead,Interstate,True,87.14791442204094,311
7005,4,24,,CC,R,7.656,,"LAFAYETTE, PLEASANT HILL ROAD",-122.09628478574814,37.89753603906297,174000.0,12900,178000,Back,State,True,86.94782207172541,317
7465,4,580,,ALA,,43.479,,"OAKLAND, LAKESHORE/PARK AVENUES",-122.24608723886006,37.80973062814612,174000.0,12700,181000,Back,Interstate,True,86.94782207172541,317
7609,4,680,,CC,,15.606,,"WALNUT CREEK, NORTH MAIN STREET",-122.06576156402134,37.915313382538955,174000.0,13500,183000,Back,Interstate,True,86.94782207172541,317
7781,4,80,,SOL,R,26.228,,DEPOT/CLIFFSIDE,-121.98181628064457,38.352220347985934,174000.0,12300,188000,Back,Interstate,True,86.94782207172541,317
8164,4,880,,ALA,,31.23,,"OAKLAND, JACKSON/ BROADWAY CONNECTIONS",-122.26874142171727,37.796150629803044,174000.0,11000,182000,Back,Interstate,True,86.94782207172541,317
8168,4,880,,ALA,,4.712,,"FREMONT, DURHAM ROAD/ GRIMMER BOULEVARD",-121.96725116730775,37.50743516003668,174000.0,11800,184000,Back,Interstate,True,86.94782207172541,317
173,4,880,,ALA,,31.12,,"OAKLAND, OAK STREET CONNECTION",-122.266901474386,37.79545515487385,174000.0,11000,182000,Ahead,Interstate,True,86.94782207172541,317
7003,4,24,,CC,R,6.512,,"LAFAYETTE, OAK HILL ROAD/ FIRST STREET",-122.11685071345485,37.89446477434646,174000.0,12900,178000,Ahead,State,True,86.94782207172541,317
7463,4,580,,ALA,,42.665,,"OAKLAND, PARK BOULEVARD",-122.23313998865498,37.804192123333486,174000.0,12700,181000,Ahead,Interstate,True,86.94782207172541,317
7607,4,680,,CC,,14.846,,"WALNUT CREEK, YGNACIO VALLEY ROAD",-122.06947581026027,37.90518700435926,174000.0,13500,183000,Ahead,Interstate,True,86.94782207172541,317
7779,4,80,,SOL,R,26.01,,DAVIS STREET,-121.98544970994898,38.350795658381074,174000.0,12300,188000,Ahead,Interstate,True,86.94782207172541,317
8160,4,880,,ALA,,3.247,,"FREMONT, LANDING ROAD/ FREMONT BOULEVARD",-121.94829616863713,37.49267915227341,174000.0,12100,184000,Ahead,Interstate,True,86.94782207172541,317
6987,4,24,,ALA,R,5.65,,CALDECOTT LANE,-122.22181661759915,37.85307699821759,173000.0,13200,179000,Back,State,True,86.78620901954748,329
7432,4,580,,ALA,R,42.184,,"OAKLAND, BEAUMONT AVENUE",-122.22859641415249,37.801022767148226,173000.0,13800,179000,Back,Interstate,True,86.78620901954748,329
7637,4,680,,SCL,M,2.376,,"SAN JOSE, MC KEE ROAD",-121.84608782651375,37.36805530737565,173000.0,13900,194000,Back,Interstate,True,86.78620901954748,329
6985,4,24,,ALA,R,5.117,,"OAKLAND, JCT. RTE. 13",-122.22824545315076,37.84867466989603,173000.0,13200,179000,Ahead,State,True,86.78620901954748,329
7430,4,580,,ALA,R,41.427,,"OAKLAND, FRUITVALE AVENUE",-122.21524319101604,37.797972885304475,173000.0,13800,180000,Ahead,Interstate,True,86.78620901954748,329
7635,4,680,,SCL,M,1.74,,"SAN JOSE, JCT. RTE. 130",-121.84100073802668,37.35974597870225,173000.0,13900,194000,Ahead,Interstate,True,86.78620901954748,329
7362,4,4,,CC,,26.007,,"ANTIOCH, SOMERSVILLE ROAD",-121.8373483425917,38.003745993266676,172000.0,12400,174000,Back,State,True,86.64768354625213,335
7729,4,80,,CC,,1,,"RICHMOND, CARLSON BOULEVARD",-122.31721291275218,37.91073699851514,172000.0,11900,182000,Back,Interstate,True,86.64768354625213,335
8200,4,880,,SCL,,8.422,,JCT. RTE. 237,-121.91642302607498,37.4256875556071,172000.0,11800,180000,Back,Interstate,True,86.64768354625213,335
7360,4,4,,CC,,24.321,,"PITTSBURG, LOVERIDGE ROAD",-121.86747494464585,38.01173771529858,172000.0,12400,174000,Ahead,State,True,86.64768354625213,335
7473,4,580,,ALA,,46.009,,"OAKLAND, JCT. RTE. 123",-122.28337020584478,37.82757252687376,172000.0,11300,179000,Ahead,Interstate,True,86.64768354625213,335
7713,4,80,,CC,,0.216,,"RICHMOND, CENTRAL AVENUE",-122.31057591778628,37.90070440721415,172000.0,11900,182000,Ahead,Interstate,True,86.64768354625213,335
8198,4,880,,SCL,,7.69,,"MILPITAS, GREAT MALL PARKWAY",-121.91294548950667,37.415564305879684,172000.0,11900,179000,Ahead,Interstate,True,86.64768354625213,335
6062,4,101,,MRN,,12.694,,SAN PEDRO ROAD,-122.53193409077471,37.993980492914204,171000.0,14700,191000,Back,US,True,86.53224565183932,342
7326,4,4,,CC,R,18.83,,WILLOW PASS RD (EAST)/SAN MARCO BLVD,-121.96484459952623,38.02268788525568,171000.0,12600,180000,Back,State,True,86.53224565183932,342
6060,4,101,,MRN,,12.19,,"SAN RAFAEL, LINCOLN/ VILLA AVENUES",-122.52696568410973,37.98837895562473,171000.0,14700,191000,Ahead,US,True,86.53224565183932,342
7324,4,4,,CC,R,16.834,,WILLOW PASS ROAD (WEST),-121.99768039830639,38.013506384099756,171000.0,12600,179000,Ahead,State,True,86.53224565183932,342
6989,4,24,,ALA,R,5.887,,"OAKLAND, CALDECOTT TUNNEL",-122.21815187482056,37.85447527016283,170000.0,13000,176000,Back,State,True,86.37063259966138,346
6991,4,24,,ALA,R,6.241,,ALAMEDA/CONTRA COSTA COUNTY LINE,-122.21296442654996,37.85755328653059,170000.0,13000,176000,Back,State,True,86.37063259966138,346
7483,4,580,,ALA,,9.683,,VASCO ROAD,-121.72385281804368,37.709148618122235,170000.0,12200,181000,Back,Interstate,True,86.37063259966138,346
8194,4,880,,SCL,,5.337,,COYOTE CREEK,-121.90428975102695,37.38202158678368,170000.0,11800,178000,Back,Interstate,True,86.37063259966138,346
6987,4,24,,ALA,R,5.65,,CALDECOTT LANE,-122.22181661759915,37.85307699821759,170000.0,13000,176000,Ahead,State,True,86.37063259966138,346
6989,4,24,,ALA,R,5.887,,"OAKLAND, CALDECOTT TUNNEL",-122.21815187482056,37.85447527016283,170000.0,13000,176000,Ahead,State,True,86.37063259966138,346
6995,4,24,,CC,R,0,,ALAMEDA/CONTRA COSTA COUNTY LINE,-122.21296442654996,37.85755328653059,170000.0,13000,175000,Ahead,State,True,86.37063259966138,346
7439,4,580,,ALA,R,8.265,,"LIVERMORE, GREENVILLE ROAD",-121.70008781533707,37.71826780934818,170000.0,12000,178000,Ahead,Interstate,True,86.37063259966138,346
8192,4,880,,SCL,,4.275,,"SAN JOSE, OLD BAYSHORE HIGHWAY",-121.90101766814729,37.36691856241282,170000.0,11800,178000,Ahead,Interstate,True,86.37063259966138,346
6128,4,101,,SCL,,31.695,,"SAN JOSE, CAPITOL EXPRESSWAY",-121.81662413352858,37.30319923041245,169000.0,12600,180000,Back,US,True,86.1859319686009,355
7382,4,580,,ALA,R,1.476,,GRANT LINE ROAD,-121.58541994532582,37.74064265588301,169000.0,11700,178000,Back,Interstate,True,86.1859319686009,355
7439,4,580,,ALA,R,8.265,,"LIVERMORE, GREENVILLE ROAD",-121.70008781533707,37.71826780934818,169000.0,12000,177000,Back,Interstate,True,86.1859319686009,355
169,4,580,,ALA,R,6.053,,END ALIGNMENTS,-121.66189646025896,37.71903979072685,169000.0,11800,177000,Ahead,Interstate,True,86.1859319686009,355
6985,4,24,,ALA,R,5.117,,"OAKLAND, JCT. RTE. 13",-122.22824545315076,37.84867466989603,168000.0,12600,173000,Back,State,True,86.02816684623672,359
7083,4,280,,SF,R,2.701,,"SAN FRANCISCO, MONTEREY BOULEVARD/SAN JOSE AVENUE",-122.43526679717397,37.73127384291473,168000.0,12800,173000,Back,Interstate,True,86.02816684623672,359
7428,4,580,,ALA,R,41.143,,"OAKLAND, COOLIDGE AVENUE",-122.21034849830664,37.79654224261619,168000.0,13500,175000,Back,Interstate,True,86.02816684623672,359
8198,4,880,,SCL,,7.69,,"MILPITAS, GREAT MALL PARKWAY",-121.91294548950667,37.415564305879684,168000.0,11700,176000,Back,Interstate,True,86.02816684623672,359
6983,4,24,,ALA,R,4.152,,"OAKLAND, BROADWAY/PATTON STREET",-122.24463411327667,37.847625438136596,168000.0,12600,173000,Ahead,State,True,86.02816684623672,359
6997,4,24,,CC,R,2.319,,CAMINO PABLO,-122.18343710409658,37.87840269008038,168000.0,12800,173000,Ahead,State,True,86.02816684623672,359
7081,4,280,,SF,R,1.768,,"SAN FRANCISCO, GENEVA/ OCEAN AVENUES",-122.44773256296314,37.7230062302157,168000.0,13400,175000,Ahead,Interstate,True,86.02816684623672,359
7382,4,580,,ALA,R,1.476,,GRANT LINE ROAD,-121.58541994532582,37.74064265588301,168000.0,11600,177000,Ahead,Interstate,True,86.02816684623672,359
7426,4,580,,ALA,R,40.647,,"OAKLAND, 35TH AVENUE",-122.20328320278294,37.79226148017379,168000.0,13600,176000,Ahead,Interstate,True,86.02816684623672,359
8196,4,880,,SCL,,6.712,,"TRIMBLE ROAD ,  MONTAGUE EXPRESSWAY",-121.90895161568608,37.40174210982068,168000.0,11700,176000,Ahead,Interstate,True,86.02816684623672,359
6134,4,101,,SCL,,37.726,,"SAN JOSE, OAKLAND ROAD",-121.89151785196538,37.3631093027359,167000.0,12000,175000,Back,US,True,85.80883484685239,369
6148,4,101,,SCL,,42.734,,GREAT AMERICA PARKWAY/ BOWERS AVENUE,-121.97682136469555,37.385817415178686,167000.0,12200,180000,Back,US,True,85.80883484685239,369
7037,4,280,,SCL,L,5.954,,"SAN JOSE, WINCHESTER BOULEVARD",-121.95013965353398,37.31688330669044,167000.0,13500,172000,Back,Interstate,True,85.80883484685239,369
7420,4,580,,ALA,R,39.24,,"OAKLAND, JCT. RTE. 13 NORTH",-122.1784533991223,37.783819249139896,167000.0,12500,175000,Back,Interstate,True,85.80883484685239,369
7469,4,580,,ALA,,44.279,,"OAKLAND, OAKLAND AVENUE",-122.2535640759716,37.818914344270546,167000.0,12200,174000,Back,Interstate,True,85.80883484685239,369
8192,4,880,,SCL,,4.275,,"SAN JOSE, OLD BAYSHORE HIGHWAY",-121.90101766814729,37.36691856241282,167000.0,11600,174000,Back,Interstate,True,85.80883484685239,369
6114,4,101,,SCL,R,36.144,,"SAN JOSE, MC KEE ROAD",-121.86608808328938,37.35428490863055,167000.0,12000,175000,Ahead,US,True,85.80883484685239,369
6146,4,101,,SCL,,41.978,,SAN TOMAS EXPRESSWAY,-121.96391515851579,37.38210484934803,167000.0,12200,180000,Ahead,US,True,85.80883484685239,369
7035,4,280,,SCL,L,5.408,,"SAN JOSE, JCT. RTES. 17/880",-121.94031001730222,37.31740852551216,167000.0,13500,172000,Ahead,Interstate,True,85.80883484685239,369
7418,4,580,,ALA,R,38.915,,"OAKLAND, KUHNLE AVENUE",-122.17336320785425,37.78099423860182,167000.0,12500,175000,Ahead,Interstate,True,85.80883484685239,369
7467,4,580,,ALA,,43.747,,"OAKLAND, VAN BUREN/GRAND AVENUES",-122.25000133869015,37.81168201219445,167000.0,12200,174000,Ahead,Interstate,True,85.80883484685239,369
8190,4,880,,SCL,,4.078,,"SAN JOSE, JCT. RTE. 101",-121.90172557113388,37.364182779358515,167000.0,11600,174000,Ahead,Interstate,True,85.80883484685239,369
6064,4,101,,MRN,,13.713,,MANUEL FREITAS PARKWAY,-122.54139565040362,38.007074193784135,166000.0,14300,184000,Back,US,True,85.65876558411574,381
7003,4,24,,CC,R,6.512,,"LAFAYETTE, OAK HILL ROAD/ FIRST STREET",-122.11685071345485,37.89446477434646,166000.0,12400,168000,Back,State,True,85.65876558411574,381
6062,4,101,,MRN,,12.694,,SAN PEDRO ROAD,-122.53193409077471,37.993980492914204,166000.0,14300,184000,Ahead,US,True,85.65876558411574,381
7001,4,24,,CC,R,4.397,,"LAFAYETTE, ACALANES ROAD",-122.15455373266641,37.891844729790435,166000.0,12400,168000,Ahead,State,True,85.65876558411574,381
7641,4,680,,SCL,M,4.8,,"SAN JOSE, HOSTETTER ROAD",-121.87385676237548,37.39528726293016,165000.0,13500,186000,Back,Interstate,True,85.53178390026166,385
7719,4,80,,CC,,10.059,,"HERCULES, JCT. RTE. 4 EAST",-122.26924393030403,38.015062029209155,165000.0,23200,181000,Back,Interstate,True,85.53178390026166,385
7751,4,80,,CC,,8.508,,"PINOLE, PINOLE VALLEY ROAD",-122.2862258980307,37.99695131514536,165000.0,23200,181000,Ahead,Interstate,True,85.53178390026166,385
6981,4,24,,ALA,R,3.063,,"OAKLAND, TELEGRAPH/CLAREMONT AVENUES",-122.26240511443653,37.84078494130206,164000.0,12300,168000,Back,State,True,85.41249807603509,388
7364,4,4,,CC,,26.939,,"ANTIOCH, CONTRA LOMA BOULEVARD",-121.82159822922424,37.99938469871892,164000.0,12600,175000,Back,State,True,85.41249807603509,388
8196,4,880,,SCL,,6.712,,"TRIMBLE ROAD ,  MONTAGUE EXPRESSWAY",-121.90895161568608,37.40174210982068,164000.0,11400,171000,Back,Interstate,True,85.41249807603509,388
6979,4,24,,ALA,R,1.847,,"OAKLAND, JCT. RTES. 580 AND 980",-122.26804083640694,37.82422915839425,164000.0,12300,168000,Ahead,State,True,85.41249807603509,388
7362,4,4,,CC,,26.007,,"ANTIOCH, SOMERSVILLE ROAD",-121.8373483425917,38.003745993266676,164000.0,12700,175000,Ahead,State,True,85.41249807603509,388
8194,4,880,,SCL,,5.337,,COYOTE CREEK,-121.90428975102695,37.38202158678368,164000.0,11400,171000,Ahead,Interstate,True,85.41249807603509,388
6066,4,101,,MRN,,14.707,,LUCAS VALLEY ROAD,-122.53906790799165,38.02117662055381,163000.0,14000,182000,Back,US,True,85.3047560412498,394
7416,4,580,,ALA,R,38.309,,"OAKLAND, EDWARDS AVENUE",-122.16382596067109,37.77632016734693,163000.0,12200,171000,Back,Interstate,True,85.3047560412498,394
7471,4,580,,ALA,,45.151,,"OAKLAND, JCT. RTES. 24/980",-122.26782450322192,37.8242735252943,163000.0,11900,170000,Back,Interstate,True,85.3047560412498,394
7639,4,680,,SCL,M,3.842,,"SAN JOSE, BERRYESSA ROAD",-121.8628788654116,37.384568389654156,163000.0,13100,184000,Back,Interstate,True,85.3047560412498,394
7731,4,80,,CC,,2.04,,"RICHMOND, JCT. RTE. 123 SOUTH",-122.32062171382823,37.92538034375574,163000.0,10700,168000,Back,Interstate,True,85.3047560412498,394
6064,4,101,,MRN,,13.713,,MANUEL FREITAS PARKWAY,-122.54139565040362,38.007074193784135,163000.0,14000,182000,Ahead,US,True,85.3047560412498,394
7414,4,580,,ALA,R,37.797,,"OAKLAND, KELLER AVENUE",-122.15632490497951,37.77202955202935,163000.0,12200,171000,Ahead,Interstate,True,85.3047560412498,394
7469,4,580,,ALA,,44.279,,"OAKLAND, OAKLAND AVENUE",-122.2535640759716,37.818914344270546,163000.0,11900,170000,Ahead,Interstate,True,85.3047560412498,394
7637,4,680,,SCL,M,2.376,,"SAN JOSE, MC KEE ROAD",-121.84608782651375,37.36805530737565,163000.0,13100,184000,Ahead,Interstate,True,85.3047560412498,394
7069,4,280,,SCL,,7.123,,"SAN JOSE, LAWRENCE EXPRESSWAY",-121.99530404446112,37.320798160995174,162000.0,13100,167000,Back,Interstate,True,85.03924888410035,403
58,4,80,,SF,,5.044,R,"BEGIN RIGHT ALIGN, EB LNS LOWER DECK",-122.39890780225619,37.77989977665414,162000.0,10800,169000,Ahead,Interstate,True,85.03924888410035,403
7067,4,280,,SCL,,5.949,,"SAN JOSE, SARATOGA AVENUE",-121.97494538234501,37.317275917509605,162000.0,13100,167000,Ahead,Interstate,True,85.03924888410035,403
6150,4,101,,SCL,,43.85,,"SUNNYVALE, LAWRENCE EXPRESSWAY",-121.99588923937655,37.39127177801205,161000.0,12200,179000,Back,US,True,84.91611513006004,406
6997,4,24,,CC,R,2.319,,CAMINO PABLO,-122.18343710409658,37.87840269008038,161000.0,12300,166000,Back,State,True,84.91611513006004,406
7001,4,24,,CC,R,4.397,,"LAFAYETTE, ACALANES ROAD",-122.15455373266641,37.891844729790435,161000.0,12400,165000,Back,State,True,84.91611513006004,406
7358,4,4,,CC,,23.049,,"PITTSBURG, RAILROAD AVENUE",-121.88956274151302,38.01679655736776,161000.0,11800,171000,Back,State,True,84.91611513006004,406
7360,4,4,,CC,,24.321,,"PITTSBURG, LOVERIDGE ROAD",-121.86747494464585,38.01173771529858,161000.0,11500,164000,Back,State,True,84.91611513006004,406
7414,4,580,,ALA,R,37.797,,"OAKLAND, KELLER AVENUE",-122.15632490497951,37.77202955202935,161000.0,12000,168000,Back,Interstate,True,84.91611513006004,406
6148,4,101,,SCL,,42.734,,GREAT AMERICA PARKWAY/ BOWERS AVENUE,-121.97682136469555,37.385817415178686,161000.0,12200,179000,Ahead,US,True,84.91611513006004,406
6999,4,24,,CC,R,3.473,,SAINT STEPHENS,-122.17109288755188,37.89143417113506,161000.0,12400,165000,Ahead,State,True,84.91611513006004,406
7328,4,4,,CC,R,20.102,,BAILEY ROAD,-121.94220146235376,38.018776037466864,161000.0,11800,171000,Ahead,State,True,84.91611513006004,406
7358,4,4,,CC,,23.049,,"PITTSBURG, RAILROAD AVENUE",-121.88956274151302,38.01679655736776,161000.0,11500,164000,Ahead,State,True,84.91611513006004,406
7412,4,580,,ALA,R,36.343,,"OAKLAND, GOLF LINKS ROAD",-122.15119036747913,37.75368597292078,161000.0,12000,168000,Ahead,Interstate,True,84.91611513006004,406
7575,4,680,,CC,R,10.371,,"ALAMO, STONE VALLEY ROAD",-122.02873660396601,37.85131087688094,160000.0,12900,179000,Back,Interstate,True,84.75065414806834,417
7579,4,680,,CC,R,12.611,,"WALNUT CREEK, RUDGEAR ROAD",-122.04886855016906,37.878982696300014,160000.0,12900,160000,Back,Interstate,True,84.75065414806834,417
7577,4,680,,CC,R,11.28,,LIVORNA ROAD,-122.03503552695786,37.86314683156565,160000.0,12900,160000,Ahead,Interstate,True,84.75065414806834,417
7599,4,680,,CC,R,8.751,,"DANVILLE, EL PINTADO ROAD",-122.00884405249798,37.83484748021816,160000.0,12900,179000,Ahead,Interstate,True,84.75065414806834,417
7693,4,80,,ALA,R,7.3,,"ALBANY, JCT RTE 580",-122.30899687445122,37.88745070667431,160000.0,11200,170000,Ahead,Interstate,True,84.75065414806834,417
7467,4,580,,ALA,,43.747,,"OAKLAND, VAN BUREN/GRAND AVENUES",-122.25000133869015,37.81168201219445,159000.0,11600,165000,Back,Interstate,True,84.56980144682161,422
7561,4,680,,ALA,R,21.879,,ALAMEDA/CONTRA COSTA COUNTY LINE,-121.93995880567054,37.72342504920858,159000.0,12200,166000,Back,Interstate,True,84.56980144682161,422
7787,4,80,,SOL,R,28.36,,JCT. RTE. 505 NORTH,-121.95337092774692,38.37303795552523,159000.0,11300,172000,Back,Interstate,True,84.56980144682161,422
8089,4,87,,SCL,,5.156,,"SAN JOSE, JCT. RTE. 280",-121.89217502798618,37.32400980729796,159000.0,15500,171000,Back,State,True,84.56980144682161,422
7465,4,580,,ALA,,43.479,,"OAKLAND, LAKESHORE/PARK AVENUES",-122.24608723886006,37.80973062814612,159000.0,11600,165000,Ahead,Interstate,True,84.56980144682161,422
7639,4,680,,SCL,M,3.842,,"SAN JOSE, BERRYESSA ROAD",-121.8628788654116,37.384568389654156,159000.0,13000,179000,Ahead,Interstate,True,84.56980144682161,422
7785,4,80,,SOL,R,27.554,,"VACAVILLE, MONTE VISTA AVE",-121.96425731602775,38.36454860478276,159000.0,11300,172000,Ahead,Interstate,True,84.56980144682161,422
8087,4,87,,SCL,,4.35,,"SAN JOSE, LELONG STREET",-121.8860748949802,37.31353966004299,159000.0,15500,171000,Ahead,State,True,84.56980144682161,422
7132,4,280,,SM,R,21.306,,"SAN BRUNO, SNEATH LANE",-122.43480410192058,37.63043465856514,158000.0,15800,170000,Back,Interstate,True,84.44666769278129,430
7138,4,280,,SM,R,24.197,,"DALY CITY, HICKEY BOULEVARD",-122.46553011472953,37.663347171954264,158000.0,12900,167000,Back,Interstate,True,84.44666769278129,430
7412,4,580,,ALA,R,36.343,,"OAKLAND, GOLF LINKS ROAD",-122.15119036747913,37.75368597292078,158000.0,11800,165000,Back,Interstate,True,84.44666769278129,430
7713,4,80,,CC,,0.216,,"RICHMOND, CENTRAL AVENUE",-122.31057591778628,37.90070440721415,158000.0,10900,168000,Back,Interstate,True,84.44666769278129,430
7130,4,280,,SM,R,21.015,,"SAN BRUNO, JCT. RTE. 380 EAST",-122.43101583001064,37.62751331743292,158000.0,15800,170000,Ahead,Interstate,True,84.44666769278129,430
7136,4,280,,SM,R,22.62,,"SOUTH SAN FRANCISCO, WESTBOROUGH BOULEVARD",-122.44907304969136,37.64526897562994,158000.0,13000,167000,Ahead,Interstate,True,84.44666769278129,430
7410,4,580,,ALA,R,35.713,,"OAKLAND, 106TH AVENUE",-122.14854026462743,37.745013965642926,158000.0,11800,165000,Ahead,Interstate,True,84.44666769278129,430
163,4,280,,SCL,R,3.993,,"SAN JOSE, MERIDIAN ROAD",-121.91500039470225,37.31536490916702,157000.0,12700,161000,Back,Interstate,True,84.20040018470063,437
6160,4,101,,SCL,,47.891,,"MOUNTAIN VIEW, MOFFETT BOULEVARD",-122.06633351058296,37.407753502617695,157000.0,11800,169000,Back,US,True,84.20040018470063,437
6737,4,17,,SCL,,13.949,,"SAN JOSE, JCT. RTE. 280",-121.94018509039229,37.31732592630555,157000.0,13300,177000,Back,State,True,84.20040018470063,437
7033,4,280,,SCL,L,4.663,,"SAN JOSE, LELAND AVENUE",-121.92678098847477,37.31690677270824,157000.0,12700,161000,Back,Interstate,True,84.20040018470063,437
7302,4,380,,SM,,6.373,,"SOUTH SAN FRANCISCO, JCT. RTE. 101",-122.4036811496387,37.63589405734226,157000.0,11800,165000,Back,Interstate,True,84.20040018470063,437
161,4,280,,SCL,R,3.875,,SOUTHWEST EXPRESSWAY INTERCHANGE,-121.91291063487365,37.31485028057164,157000.0,12700,161000,Ahead,Interstate,True,84.20040018470063,437
163,4,280,,SCL,R,3.993,,"SAN JOSE, MERIDIAN ROAD",-121.91500039470225,37.31536490916702,157000.0,12700,161000,Ahead,Interstate,True,84.20040018470063,437
6158,4,101,,SCL,,47.014,,"SUNNYVALE, MOFFETT FIELD /ELLIS STREET",-122.05103343340991,37.404145453901485,157000.0,11800,169000,Ahead,US,True,84.20040018470063,437
6735,4,17,,SCL,,12.336,,"CAMPBELL, HAMILTON AVENUE",-121.93829131690755,37.29434754305233,157000.0,13300,177000,Ahead,State,True,84.20040018470063,437
7051,4,280,,SCL,R,3.764,,RACE STREET/SW EXWY,-121.91097273524382,37.314847153446365,157000.0,12700,161000,Ahead,Interstate,True,84.20040018470063,437
7300,4,380,,SM,,5.465,,"SAN BRUNO, JCT. RTE. 82",-122.41900359576063,37.63287357020057,157000.0,11800,165000,Ahead,Interstate,True,84.20040018470063,437
6146,4,101,,SCL,,41.978,,SAN TOMAS EXPRESSWAY,-121.96391515851579,37.38210484934803,156000.0,11400,169000,Back,US,True,84.0195474834539,448
7081,4,280,,SF,R,1.768,,"SAN FRANCISCO, GENEVA/ OCEAN AVENUES",-122.44773256296314,37.7230062302157,156000.0,12400,162000,Back,Interstate,True,84.0195474834539,448
7140,4,280,,SM,R,24.627,,"DALY CITY, COLLINS AVENUE  (SERRAMONTE BOULEVARD)",-122.46580110051812,37.66968204452213,156000.0,12900,164000,Back,Interstate,True,84.0195474834539,448
7402,4,580,,ALA,R,33.43,,"SAN LEANDRO, BENEDICT DRIVE CONNECTION (SHERRY COURT)",-122.13168057827221,37.715648746039854,156000.0,11700,163000,Back,Interstate,True,84.0195474834539,448
7577,4,680,,CC,R,11.28,,LIVORNA ROAD,-122.03503552695786,37.86314683156565,156000.0,12800,177000,Back,Interstate,True,84.0195474834539,448
7595,4,680,,CC,R,7.553,,"DANVILLE, DIABLO ROAD",-121.99344428119304,37.822760122531506,156000.0,12700,172000,Back,Interstate,True,84.0195474834539,448
7797,4,80,,SOL,,12.839,,JCT. RTE. 680 SOUTH,-122.13789641249016,38.216522003355166,156000.0,11300,172000,Back,Interstate,True,84.0195474834539,448
6126,4,101,,SCL,,30.097,,HELLYER AVENUE,-121.80829544289772,37.2818002467994,156000.0,11600,165000,Ahead,US,True,84.0195474834539,448
6144,4,101,,SCL,,40.701,,"SAN JOSE, DE LA CRUZ BOULEVARD/TRIMBLE ROAD",-121.94163080667121,37.37681806985507,156000.0,11400,169000,Ahead,US,True,84.0195474834539,448
7077,4,280,,SF,R,0.738,,"SAN FRANCISCO, JCT. RTE. 82",-122.45660206993774,37.71062090174509,156000.0,12400,162000,Ahead,Interstate,True,84.0195474834539,448
7138,4,280,,SM,R,24.197,,"DALY CITY, HICKEY BOULEVARD",-122.46553011472953,37.663347171954264,156000.0,12800,165000,Ahead,Interstate,True,84.0195474834539,448
7400,4,580,,ALA,R,32.844,,150TH AVENUE,-122.12425333535087,37.70982654093745,156000.0,11700,163000,Ahead,Interstate,True,84.0195474834539,448
7575,4,680,,CC,R,10.371,,"ALAMO, STONE VALLEY ROAD",-122.02873660396601,37.85131087688094,156000.0,12800,177000,Ahead,Interstate,True,84.0195474834539,448
7593,4,680,,CC,R,6.764,,"DANVILLE, SYCAMORE VALLEY ROAD",-121.99274624799646,37.81140828830732,156000.0,12700,172000,Ahead,Interstate,True,84.0195474834539,448
7773,4,80,,SOL,R,11.976,,JCT. RTE. 12 WEST,-122.14969523397811,38.208271862089596,156000.0,11300,172000,Ahead,Interstate,True,84.0195474834539,448
6068,4,101,,MRN,,15.57,,MILLER CREEK ROAD,-122.5370240134465,38.033540532267295,155000.0,13300,172000,Back,US,True,83.80021548406957,463
6152,4,101,,SCL,,44.831,,"SUNNYVALE, FAIR OAKS AVENUE",-122.01280307258385,37.39575333784097,155000.0,11800,173000,Back,US,True,83.80021548406957,463
7599,4,680,,CC,R,8.751,,"DANVILLE, EL PINTADO ROAD",-122.00884405249798,37.83484748021816,155000.0,12500,171000,Back,Interstate,True,83.80021548406957,463
6066,4,101,,MRN,,14.707,,LUCAS VALLEY ROAD,-122.53906790799165,38.02117662055381,155000.0,13300,172000,Ahead,US,True,83.80021548406957,463
6150,4,101,,SCL,,43.85,,"SUNNYVALE, LAWRENCE EXPRESSWAY",-121.99588923937655,37.39127177801205,155000.0,11800,173000,Ahead,US,True,83.80021548406957,463
7597,4,680,,CC,R,8.175,,EL CERRO BOULEVARD,-122.0005945034437,37.82956704737577,155000.0,12500,171000,Ahead,Interstate,True,83.80021548406957,463
6154,4,101,,SCL,,45.684,,"SUNNYVALE, MATILDA AVENUE",-122.02778354984007,37.39904466723577,154000.0,11600,171000,Back,US,True,83.63860243189164,469
7328,4,4,,CC,R,20.102,,BAILEY ROAD,-121.94220146235376,38.018776037466864,154000.0,11300,163000,Back,State,True,83.63860243189164,469
8140,4,880,,ALA,,20.678,,JCT. RTE. 238 EAST,-122.1368377281649,37.69007200865225,154000.0,10200,157000,Back,Interstate,True,83.63860243189164,469
6152,4,101,,SCL,,44.831,,"SUNNYVALE, FAIR OAKS AVENUE",-122.01280307258385,37.39575333784097,154000.0,11600,171000,Ahead,US,True,83.63860243189164,469
8138,4,880,,ALA,,20.162,,HESPERIAN BOULEVARD,-122.12973677760927,37.68520556625819,154000.0,16600,231000,Ahead,Interstate,True,83.63860243189164,469
6070,4,101,,MRN,,16.641,,HAMILTON FIELD ROAD,-122.53218660450612,38.04811463499753,153000.0,12000,161000,Back,US,True,83.50392488841003,474
6162,4,101,,SCL,,48.103,,"MOUNTAIN VIEW, JCT. RTE. 85 SOUTH",-122.0699319900329,37.408825409068896,153000.0,11600,160000,Back,US,True,83.50392488841003,474
7404,4,580,,ALA,R,33.943,,"SAN LEANDRO, GRAND AVENUE",-122.13561812413121,37.722328962322514,153000.0,11500,160000,Back,Interstate,True,83.50392488841003,474
7565,4,680,,ALA,R,7.482,,"FREMONT, VARGAS ROAD",-121.9164774819475,37.55450503429783,153000.0,12500,169000,Back,Interstate,True,83.50392488841003,474
6068,4,101,,MRN,,15.57,,MILLER CREEK ROAD,-122.5370240134465,38.033540532267295,153000.0,12000,161000,Ahead,US,True,83.50392488841003,474
6160,4,101,,SCL,,47.891,,"MOUNTAIN VIEW, MOFFETT BOULEVARD",-122.06633351058296,37.407753502617695,153000.0,11600,160000,Ahead,US,True,83.50392488841003,474
7326,4,4,,CC,R,18.83,,WILLOW PASS RD (EAST)/SAN MARCO BLVD,-121.96484459952623,38.02268788525568,153000.0,11300,163000,Ahead,State,True,83.50392488841003,474
7402,4,580,,ALA,R,33.43,,"SAN LEANDRO, BENEDICT DRIVE CONNECTION (SHERRY COURT)",-122.13168057827221,37.715648746039854,153000.0,11500,160000,Ahead,Interstate,True,83.50392488841003,474
7563,4,680,,ALA,R,6.396,,"FREMONT, JCT. RTE. 238 NORTH",-121.92447251941722,37.54056032696278,153000.0,12500,169000,Ahead,Interstate,True,83.50392488841003,474
7585,4,680,,CC,R,18.707,,"CONCORD, JCT. RTE. 242 NORTH",-122.05247151580555,37.95894121919741,153000.0,11600,167000,Ahead,Interstate,True,83.50392488841003,474
6951,4,238,,ALA,,14.951,,JCT. RTE. 185,-122.10618409890658,37.68924460314691,152000.0,14600,157000,Back,State,True,83.23456980144682,484
6953,4,238,,ALA,,16.279,,"SAN LEANDRO, HESPERIAN BOULEVARD",-122.12994431449106,37.69092997810134,152000.0,14600,157000,Back,State,True,83.23456980144682,484
6983,4,24,,ALA,R,4.152,,"OAKLAND, BROADWAY/PATTON STREET",-122.24463411327667,37.847625438136596,152000.0,11500,156000,Back,State,True,83.23456980144682,484
7567,4,680,,ALA,R,8.312,,SHERIDAN ROAD,-121.90529084435936,37.56207961265632,152000.0,12400,168000,Back,Interstate,True,83.23456980144682,484
6947,4,238,,ALA,R,14.469,,JCT. RTE. 580,-122.09815632053973,37.69017663273844,152000.0,14600,157000,Ahead,State,True,83.23456980144682,484
6951,4,238,,ALA,,14.951,,JCT. RTE. 185,-122.10618409890658,37.68924460314691,152000.0,14600,157000,Ahead,State,True,83.23456980144682,484
6981,4,24,,ALA,R,3.063,,"OAKLAND, TELEGRAPH/CLAREMONT AVENUES",-122.26240511443653,37.84078494130206,152000.0,11500,156000,Ahead,State,True,83.23456980144682,484
7565,4,680,,ALA,R,7.482,,"FREMONT, VARGAS ROAD",-121.9164774819475,37.55450503429783,152000.0,12400,168000,Ahead,Interstate,True,83.23456980144682,484
6060,4,101,,MRN,,12.19,,"SAN RAFAEL, LINCOLN/ VILLA AVENUES",-122.52696568410973,37.98837895562473,151000.0,14100,177000,Back,US,True,83.0614129598276,492
7136,4,280,,SM,R,22.62,,"SOUTH SAN FRANCISCO, WESTBOROUGH BOULEVARD",-122.44907304969136,37.64526897562994,151000.0,12500,160000,Back,Interstate,True,83.0614129598276,492
7569,4,680,,ALA,R,9.709,,ANDRADE ROAD,-121.88527554978586,37.57437030350463,151000.0,12400,167000,Back,Interstate,True,83.0614129598276,492
7597,4,680,,CC,R,8.175,,EL CERRO BOULEVARD,-122.0005945034437,37.82956704737577,151000.0,12200,167000,Back,Interstate,True,83.0614129598276,492
7785,4,80,,SOL,R,27.554,,"VACAVILLE, MONTE VISTA AVE",-121.96425731602775,38.36454860478276,151000.0,10800,165000,Back,Interstate,True,83.0614129598276,492
6058,4,101,,MRN,,11.25,,"SAN RAFAEL, MISSION AVENUE CONNECTION",-122.52051125555566,37.97606269670663,151000.0,14100,177000,Ahead,US,True,83.0614129598276,492
7134,4,280,,SM,R,22.043,,"SOUTH SAN FRANCISCO,  AVALON DRIVE",-122.44171786692716,37.63948125728576,151000.0,12500,161000,Ahead,Interstate,True,83.0614129598276,492
7567,4,680,,ALA,R,8.312,,SHERIDAN ROAD,-121.90529084435936,37.56207961265632,151000.0,12400,167000,Ahead,Interstate,True,83.0614129598276,492
7595,4,680,,CC,R,7.553,,"DANVILLE, DIABLO ROAD",-121.99344428119304,37.822760122531506,151000.0,12200,167000,Ahead,Interstate,True,83.0614129598276,492
7783,4,80,,SOL,R,27.238,,"VACAVILLE, MONTE VISTA/ALISON DR",-121.96922033190273,38.36143872617985,151000.0,10800,165000,Ahead,Interstate,True,83.0614129598276,492
6158,4,101,,SCL,,47.014,,"SUNNYVALE, MOFFETT FIELD /ELLIS STREET",-122.05103343340991,37.404145453901485,150000.0,11400,167000,Back,US,True,82.81899338156073,502
6999,4,24,,CC,R,3.473,,SAINT STEPHENS,-122.17109288755188,37.89143417113506,150000.0,11400,154000,Back,State,True,82.81899338156073,502
7087,4,280,,SF,R,4.009,L,BEGIN LEFT ALIGN,-122.41231951290419,37.73339920940562,150000.0,11400,155000,Back,Interstate,True,82.81899338156073,502
7330,4,4,,CC,R,27.79,,"ANTIOCH, A STREET/LONETREE",-121.80627965573952,37.99807553870765,150000.0,12200,169000,Back,State,True,82.81899338156073,502
7366,4,4,,CC,,27.294,,"ANTIOCH, G STREET",-121.8155140691623,37.998065853209944,150000.0,12200,169000,Back,State,True,82.81899338156073,502
7463,4,580,,ALA,,42.665,,"OAKLAND, PARK BOULEVARD",-122.23313998865498,37.804192123333486,150000.0,10900,156000,Back,Interstate,True,82.81899338156073,502
7547,4,680,,ALA,R,11.042,,JCT. RTE. 84 WEST,-121.87074809562239,37.58884088974809,150000.0,12300,166000,Back,Interstate,True,82.81899338156073,502
6156,4,101,,SCL,,46.134,,"SUNNYVALE, JCT. RTE. 237",-122.03557591300863,37.4007523847683,150000.0,11400,167000,Ahead,US,True,82.81899338156073,502
7085,4,280,,SF,R,3.279,,"SAN FRANCISCO, ALEMANY BOULEVARD",-122.4252357164347,37.73138233915028,150000.0,11400,155000,Ahead,Interstate,True,82.81899338156073,502
7364,4,4,,CC,,26.939,,"ANTIOCH, CONTRA LOMA BOULEVARD",-121.82159822922424,37.99938469871892,150000.0,12100,169000,Ahead,State,True,82.81899338156073,502
7366,4,4,,CC,,27.294,,"ANTIOCH, G STREET",-121.8155140691623,37.998065853209944,150000.0,12200,169000,Ahead,State,True,82.81899338156073,502
7432,4,580,,ALA,R,42.184,,"OAKLAND, BEAUMONT AVENUE",-122.22859641415249,37.801022767148226,150000.0,12000,155000,Ahead,Interstate,True,82.81899338156073,502
7569,4,680,,ALA,R,9.709,,ANDRADE ROAD,-121.88527554978586,37.57437030350463,150000.0,12300,166000,Ahead,Interstate,True,82.81899338156073,502
6074,4,101,,MRN,,19.085,,"NOVATO, JCT. RTE. 37 EAST",-122.5461182330911,38.080080175194524,149000.0,11900,156000,Back,US,True,82.55348622441126,515
6126,4,101,,SCL,,30.097,,HELLYER AVENUE,-121.80829544289772,37.2818002467994,149000.0,11100,158000,Back,US,True,82.55348622441126,515
7430,4,580,,ALA,R,41.427,,"OAKLAND, FRUITVALE AVENUE",-122.21524319101604,37.797972885304475,149000.0,11900,155000,Back,Interstate,True,82.55348622441126,515
7593,4,680,,CC,R,6.764,,"DANVILLE, SYCAMORE VALLEY ROAD",-121.99274624799646,37.81140828830732,149000.0,12100,165000,Back,Interstate,True,82.55348622441126,515
6072,4,101,,MRN,,18.009,,IGNACIO BOULEVARD,-122.5373074705462,38.06626029016776,149000.0,11900,156000,Ahead,US,True,82.55348622441126,515
7428,4,580,,ALA,R,41.143,,"OAKLAND, COOLIDGE AVENUE",-122.21034849830664,37.79654224261619,149000.0,12000,155000,Ahead,Interstate,True,82.55348622441126,515
7591,4,680,,CC,R,4.182,,CROW CANYON ROAD,-121.97514520090184,37.777181217795274,149000.0,12100,165000,Ahead,Interstate,True,82.55348622441126,515
7396,4,580,,ALA,R,31.714,,LIBERTY STREET/164TH AVENUE,-122.10811510755988,37.69985727730427,148000.0,11100,155000,Back,Interstate,True,82.4149607511159,522
7601,4,680,,CC,,13.082,,"WALNUT CREEK, SOUTH MAIN STREET",-122.05527079468995,37.885845954117904,148000.0,14300,170000,Back,Interstate,True,82.4149607511159,522
7603,4,680,,CC,,13.93,,"WALNUT CREEK ROAD, OLYMPIC BOULEVARD",-122.06653317642623,37.89373595460346,148000.0,14300,170000,Back,Interstate,True,82.4149607511159,522
7394,4,580,,ALA,R,30.807,,JCT. RTE. 238,-122.09704573874386,37.690766641891145,148000.0,10200,154000,Ahead,Interstate,True,82.4149607511159,522
7579,4,680,,CC,R,12.611,,"WALNUT CREEK, RUDGEAR ROAD",-122.04886855016906,37.878982696300014,148000.0,14300,170000,Ahead,Interstate,True,82.4149607511159,522
7085,4,280,,SF,R,3.279,,"SAN FRANCISCO, ALEMANY BOULEVARD",-122.4252357164347,37.73138233915028,147000.0,11100,151000,Back,Interstate,True,82.17638910266277,527
7398,4,580,,ALA,R,32.717,,PLAZA DRIVE,-122.12264624032443,37.708602223643766,147000.0,11000,154000,Back,Interstate,True,82.17638910266277,527
7408,4,580,,ALA,R,35.105,,"OAKLAND, FOOTHILL BOULEVARD",-122.14123173227428,37.738204252734135,147000.0,11000,154000,Back,Interstate,True,82.17638910266277,527
7571,4,680,,CC,R,0.01,,"SAN RAMON, ALCOSTA BOULEVARD",-121.9400578970329,37.72354682277043,147000.0,12000,165000,Back,Interstate,True,82.17638910266277,527
7589,4,680,,CC,R,2.885,,BOLLINGER CANYON ROAD,-121.96533817167256,37.760087777174384,147000.0,12000,165000,Back,Interstate,True,82.17638910266277,527
7645,4,680,,SCL,M,6.173,,"MILPITAS, LANDESS AVENUE , MONTAGUE EXPRESSWAY",-121.88028593210038,37.414468967582806,147000.0,12000,165000,Back,Interstate,True,82.17638910266277,527
7839,4,80,,SOL,,4.432,,"VALLEJO, REDWOOD STREET",-122.22983658870788,38.12315972168272,147000.0,10200,159000,Back,Interstate,True,82.17638910266277,527
8178,4,880,,SCL,,1.25,,BASCOM AVENUE,-121.93660764050314,37.334194777022795,147000.0,10300,156000,Back,Interstate,True,82.17638910266277,527
7083,4,280,,SF,R,2.701,,"SAN FRANCISCO, MONTEREY BOULEVARD/SAN JOSE AVENUE",-122.43526679717397,37.73127384291473,147000.0,11100,151000,Ahead,Interstate,True,82.17638910266277,527
7396,4,580,,ALA,R,31.714,,LIBERTY STREET/164TH AVENUE,-122.10811510755988,37.69985727730427,147000.0,11000,154000,Ahead,Interstate,True,82.17638910266277,527
7406,4,580,,ALA,R,34.478,,"SAN LEANDRO, ESTUDILLO AVENUE",-122.13835870350168,37.72961315452039,147000.0,11000,154000,Ahead,Interstate,True,82.17638910266277,527
7571,4,680,,CC,R,0.01,,"SAN RAMON, ALCOSTA BOULEVARD",-121.9400578970329,37.72354682277043,147000.0,12000,165000,Ahead,Interstate,True,82.17638910266277,527
7573,4,680,,CC,R,0,,ALAMEDA/CONTRA COSTA COUNTY LINE,-121.93995880567054,37.72342504920858,147000.0,12000,165000,Ahead,Interstate,True,82.17638910266277,527
7643,4,680,,SCL,M,5.068,,"SAN JOSE, CAPITOL AVENUE",-121.87543566647169,37.39878686222237,147000.0,12000,165000,Ahead,Interstate,True,82.17638910266277,527
7825,4,80,,SOL,,3.494,,"VALLEJO, TENNESSEE STREET",-122.22956022560396,38.109624967623844,147000.0,10200,159000,Ahead,Interstate,True,82.17638910266277,527
8176,4,880,,SCL,,0,,JCT. RTE. 280,-121.94018509039229,37.31732592630555,147000.0,10300,156000,Ahead,Interstate,True,82.17638910266277,527
7406,4,580,,ALA,R,34.478,,"SAN LEANDRO, ESTUDILLO AVENUE",-122.13835870350168,37.72961315452039,146000.0,10900,153000,Back,Interstate,True,82.00323226104356,543
7410,4,580,,ALA,R,35.713,,"OAKLAND, 106TH AVENUE",-122.14854026462743,37.745013965642926,146000.0,11000,153000,Back,Interstate,True,82.00323226104356,543
7426,4,580,,ALA,R,40.647,,"OAKLAND, 35TH AVENUE",-122.20328320278294,37.79226148017379,146000.0,11800,152000,Back,Interstate,True,82.00323226104356,543
7607,4,680,,CC,,14.846,,"WALNUT CREEK, YGNACIO VALLEY ROAD",-122.06947581026027,37.90518700435926,146000.0,11500,156000,Back,Interstate,True,82.00323226104356,543
7727,4,80,,CC,,14.139,,CARQUINEZ BRIDGE,-122.22528568844423,38.06097280924514,146000.0,10700,154000,Back,Interstate,True,82.00323226104356,543
6110,4,101,,SCL,R,28.609,,"SAN JOSE, JCT. RTE. 82 NORTH",-121.79605451374604,37.257212104266586,146000.0,10900,155000,Ahead,US,True,82.00323226104356,543
7404,4,580,,ALA,R,33.943,,"SAN LEANDRO, GRAND AVENUE",-122.13561812413121,37.722328962322514,146000.0,10900,153000,Ahead,Interstate,True,82.00323226104356,543
7408,4,580,,ALA,R,35.105,,"OAKLAND, FOOTHILL BOULEVARD",-122.14123173227428,37.738204252734135,146000.0,11000,153000,Ahead,Interstate,True,82.00323226104356,543
7424,4,580,,ALA,R,40.078,,"OAKLAND, HIGH STREET",-122.19559686866572,37.78674139236995,146000.0,11800,153000,Ahead,Interstate,True,82.00323226104356,543
7605,4,680,,CC,,14.383,,"WALNUT CREEK, JCT. RTE. 24 WEST",-122.07076316343606,37.89890894799938,146000.0,11500,156000,Ahead,Interstate,True,82.00323226104356,543
7725,4,80,,CC,,13.489,,CROCKETT,-122.22804416584843,38.052210908674,146000.0,10700,154000,Ahead,Interstate,True,82.00323226104356,543
7791,4,80,,SOL,,0,,CARQUINEZ BRIDGE,-122.22528568844423,38.06097280924514,146000.0,10800,154000,Ahead,Interstate,True,82.00323226104356,543
7643,4,680,,SCL,M,5.068,,"SAN JOSE, CAPITOL AVENUE",-121.87543566647169,37.39878686222237,145000.0,11800,163000,Back,Interstate,True,81.83392334923812,555
8087,4,87,,SCL,,4.35,,"SAN JOSE, LELONG STREET",-121.8860748949802,37.31353966004299,145000.0,14100,157000,Back,State,True,81.83392334923812,555
7641,4,680,,SCL,M,4.8,,"SAN JOSE, HOSTETTER ROAD",-121.87385676237548,37.39528726293016,145000.0,11800,163000,Ahead,Interstate,True,81.83392334923812,555
8085,4,87,,SCL,,3.563,,ALMADEN EXPRESSWAY,-121.87841960663914,37.30403449838385,145000.0,14100,157000,Ahead,State,True,81.83392334923812,555
6072,4,101,,MRN,,18.009,,IGNACIO BOULEVARD,-122.5373074705462,38.06626029016776,144000.0,11300,148000,Back,US,True,81.69154994612899,559
8186,4,880,,SCL,,2.667,,"SAN JOSE, COLEMAN AVENUE",-121.9180873069541,37.34881993131522,144000.0,10100,153000,Back,Interstate,True,81.69154994612899,559
6070,4,101,,MRN,,16.641,,HAMILTON FIELD ROAD,-122.53218660450612,38.04811463499753,144000.0,11300,148000,Ahead,US,True,81.69154994612899,559
8184,4,880,,SCL,,2.075,,"SAN JOSE, JCT. RTE. 82",-121.92586190234462,37.342616298163016,144000.0,10100,153000,Ahead,Interstate,True,81.69154994612899,559
7049,4,280,,SCL,R,2.875,,"SAN JOSE, BIRD AVENUE",-121.89845668446,37.322405698296485,143000.0,11600,147000,Back,Interstate,True,81.6222872094813,563
8184,4,880,,SCL,,2.075,,"SAN JOSE, JCT. RTE. 82",-121.92586190234462,37.342616298163016,143000.0,10000,152000,Back,Interstate,True,81.6222872094813,563
8188,4,880,,SCL,,3.565,,"SAN JOSE, NORTH FIRST STREET",-121.90726838125276,37.35814188239315,143000.0,10000,149000,Back,Interstate,True,81.6222872094813,563
8190,4,880,,SCL,,4.078,,"SAN JOSE, JCT. RTE. 101",-121.90172557113388,37.364182779358515,143000.0,9900,149000,Back,Interstate,True,81.6222872094813,563
159,4,280,,SCL,R,2.193,,GUADALUPE SEPARATION,-121.88654114666379,37.32512406505706,143000.0,11600,147000,Ahead,Interstate,True,81.6222872094813,563
7047,4,280,,SCL,R,2.522,,"SAN JOSE, JCT. RTE. 87",-121.89235003776986,37.32398586273484,143000.0,11600,147000,Ahead,Interstate,True,81.6222872094813,563
8178,4,880,,SCL,,1.25,,BASCOM AVENUE,-121.93660764050314,37.334194777022795,143000.0,10000,152000,Ahead,Interstate,True,81.6222872094813,563
8186,4,880,,SCL,,2.667,,"SAN JOSE, COLEMAN AVENUE",-121.9180873069541,37.34881993131522,143000.0,10000,149000,Ahead,Interstate,True,81.6222872094813,563
8188,4,880,,SCL,,3.565,,"SAN JOSE, NORTH FIRST STREET",-121.90726838125276,37.35814188239315,143000.0,10000,149000,Ahead,Interstate,True,81.6222872094813,563
6108,4,101,,SCL,R,26.78,,"SAN JOSE, JCT. RTE. 85",-121.76901891037998,37.24204100465871,142000.0,10800,153000,Back,US,True,81.44528243804832,572
8067,4,85,,SCL,,5.22,,JCT. RTE. 87,-121.85889386155613,37.25564819463575,142000.0,13800,154000,Back,State,True,81.44528243804832,572
6056,4,101,,MRN,,10.6,,"SAN RAFAEL, IRWIN STREET CONNECTION",-122.51903439468585,37.96778103802322,142000.0,12400,154000,Ahead,US,True,81.44528243804832,572
6106,4,101,,SCL,R,17.82,,"MORGAN HILL, COCHRANE ROAD",-121.65234527661245,37.1530618571416,142000.0,10000,147000,Ahead,US,True,81.44528243804832,572
6108,4,101,,SCL,R,26.78,,"SAN JOSE, JCT. RTE. 85",-121.76901891037998,37.24204100465871,142000.0,10800,153000,Ahead,US,True,81.44528243804832,572
8065,4,85,,SCL,,3.93,,"SAN JOSE, BLOSSOM HILL ROAD",-121.83674139676829,37.25084095661018,142000.0,13800,154000,Ahead,State,True,81.44528243804832,572
7587,4,680,,CC,R,19.236,,"CONCORD, WILLOW PASS ROAD",-122.05595204915363,37.96596448778069,141000.0,10700,154000,Back,Interstate,True,81.32984454363552,578
7615,4,680,,CC,,19.855,,"PLEASANT HILL, CONCORD AVENUE",-122.0639118025956,37.97600411661073,141000.0,10700,154000,Back,Interstate,True,81.32984454363552,578
7815,4,80,,SOL,,2.881,,"VALLEJO, GEORGIA STREET",-122.22968035910357,38.10076715847068,141000.0,9600,152000,Back,Interstate,True,81.32984454363552,578
7823,4,80,,SOL,,3.233,,"VALLEJO, SPRINGS ROAD",-122.22959250566541,38.10587001370745,141000.0,9600,152000,Back,Interstate,True,81.32984454363552,578
7587,4,680,,CC,R,19.236,,"CONCORD, WILLOW PASS ROAD",-122.05595204915363,37.96596448778069,141000.0,10700,154000,Ahead,Interstate,True,81.32984454363552,578
7813,4,80,,SOL,,2.22,,"VALLEJO, JCT. RTE. 780 SOUTHEAST",-122.2304095458742,38.09135233914541,141000.0,9600,152000,Ahead,Interstate,True,81.32984454363552,578
7815,4,80,,SOL,,2.881,,"VALLEJO, GEORGIA STREET",-122.22968035910357,38.10076715847068,141000.0,9600,152000,Ahead,Interstate,True,81.32984454363552,578
6094,4,101,,MRN,,8.6,,"LARKSPUR, SIR FRANCIS DRAKE BOULEVARD",-122.51504767953975,37.943691718861004,140000.0,11300,158000,Back,US,True,81.14514391257504,585
6296,4,101,,SON,,19.646,,"SANTA ROSA, JCT. RTE. 12",-122.71532529975815,38.43115612355643,140000.0,11100,149000,Back,US,True,81.14514391257504,585
6304,4,101,,SON,,20.74,,"SANTA ROSA, COLLEGE AVENUE",-122.72364367233965,38.44555966867782,140000.0,11700,153000,Back,US,True,81.14514391257504,585
8226,4,92,,SM,R,12.777,,MARINERS ISLAND BOULEVARD/ WEST CAPE DRIVE,-122.28508672465595,37.55637294265911,140000.0,12300,152000,Back,State,True,81.14514391257504,585
6092,4,101,,MRN,,8.25,,"CORTE MADERA, LUCKY DRIVE",-122.51635547477817,37.9386306988532,140000.0,11300,158000,Ahead,US,True,81.14514391257504,585
6294,4,101,,SON,,19.004,,BAKER AVENUE,-122.71519387713042,38.42206516866521,140000.0,11100,149000,Ahead,US,True,81.14514391257504,585
6302,4,101,,SON,,20.095,,"SANTA ROSA, FOURTH STREET",-122.71794275603581,38.4373206197188,140000.0,11700,153000,Ahead,US,True,81.14514391257504,585
8224,4,92,,SM,R,12.143,,"SAN MATEO, JCT. RTE. 101",-122.29575707799243,37.55300282473025,140000.0,12300,152000,Ahead,State,True,81.14514391257504,585
7073,4,280,,SCL,,8.375,,"CUPERTINO, WOLFE ROAD",-122.01437089057113,37.330735004334734,139000.0,13500,163000,Back,Interstate,True,80.92965984300446,593
7617,4,680,,CC,,21.191,,JCT. RTE. 4,-122.06978412015062,37.99461562296657,139000.0,10600,153000,Back,Interstate,True,80.92965984300446,593
7627,4,680,,SCL,M,0.385,,"SAN JOSE, KING ROAD",-121.84654725549278,37.34310206814949,139000.0,11100,156000,Back,Interstate,True,80.92965984300446,593
7071,4,280,,SCL,,7.388,,STEVENS CREEK BOULEVARD,-121.99930343303924,37.32291508956324,139000.0,12400,153000,Ahead,Interstate,True,80.92965984300446,593
7615,4,680,,CC,,19.855,,"PLEASANT HILL, CONCORD AVENUE",-122.0639118025956,37.97600411661073,139000.0,10600,153000,Ahead,Interstate,True,80.92965984300446,593
7629,4,680,,SCL,M,0,,"SAN JOSE, JCT. RTES. 101/280",-121.85192952768725,37.339548247228116,139000.0,11100,156000,Ahead,Interstate,True,80.92965984300446,593
6092,4,101,,MRN,,8.25,,"CORTE MADERA, LUCKY DRIVE",-122.51635547477817,37.9386306988532,138000.0,11200,155000,Back,US,True,80.78728643989534,599
7332,4,4,,CC,R,28.94,,"ANTIOCH, HILLCREST AVENUE",-121.78536522033012,37.99610551243738,138000.0,11000,149000,Back,State,True,80.78728643989534,599
7825,4,80,,SOL,,3.494,,"VALLEJO, TENNESSEE STREET",-122.22956022560396,38.109624967623844,138000.0,9400,149000,Back,Interstate,True,80.78728643989534,599
6086,4,101,,MRN,,5.694,,JCT. RTE. 131 EAST,-122.51559940592266,37.902749933667195,138000.0,11100,155000,Ahead,US,True,80.78728643989534,599
6090,4,101,,MRN,,7.66,,"CORTE MADERA, MADERA BOULEVARD CONNECTION",-122.51564382312189,37.93017064400878,138000.0,11200,155000,Ahead,US,True,80.78728643989534,599
7330,4,4,,CC,R,27.79,,"ANTIOCH, A STREET/LONETREE",-121.80627965573952,37.99807553870765,138000.0,11000,149000,Ahead,State,True,80.78728643989534,599
7823,4,80,,SOL,,3.233,,"VALLEJO, SPRINGS ROAD",-122.22959250566541,38.10587001370745,138000.0,9400,149000,Ahead,Interstate,True,80.78728643989534,599
6090,4,101,,MRN,,7.66,,"CORTE MADERA, MADERA BOULEVARD CONNECTION",-122.51564382312189,37.93017064400878,137000.0,11100,154000,Back,US,True,80.6179775280899,606
6088,4,101,,MRN,,7.365,,"CORTE MADERA, TAMALPAIS DRIVE",-122.51451844786992,37.926004512987646,137000.0,11100,154000,Ahead,US,True,80.6179775280899,606
6971,4,242,,CC,R,1.468,,"CONCORD, CONCORD AVENUE",-122.0433721631874,37.97877589307941,137000.0,9900,147000,Ahead,State,True,80.6179775280899,606
6106,4,101,,SCL,R,17.82,,"MORGAN HILL, COCHRANE ROAD",-121.65234527661245,37.1530618571416,136000.0,9700,142000,Back,US,True,80.47560412498076,609
6156,4,101,,SCL,,46.134,,"SUNNYVALE, JCT. RTE. 237",-122.03557591300863,37.4007523847683,136000.0,10300,151000,Back,US,True,80.47560412498076,609
7827,4,80,,SOL,,31.364,,MERIDIAN RD/WEBER RD,-121.91391180096959,38.40356517788572,136000.0,9500,147000,Back,Interstate,True,80.47560412498076,609
6104,4,101,,SCL,R,16.006,,EAST DUNNE AVENUE,-121.63340702523371,37.131613124898806,136000.0,9700,142000,Ahead,US,True,80.47560412498076,609
6154,4,101,,SCL,,45.684,,"SUNNYVALE, MATILDA AVENUE",-122.02778354984007,37.39904466723577,136000.0,10300,151000,Ahead,US,True,80.47560412498076,609
7821,4,80,,SOL,,29.859,,"VACAVILLE, LEISURE TOWN",-121.9338550389792,38.38799320129374,136000.0,9500,147000,Ahead,Interstate,True,80.47560412498076,609
6306,4,101,,SON,,21.741,,"SANTA ROSA, STEELE LANE",-122.72614964948717,38.459797456496844,135000.0,11300,148000,Back,US,True,80.29090349392027,615
6899,4,205,,ALA,,0.447,,ALAMEDA/SAN JOAQUIN COUNTY LINE,-121.55723456756637,37.7430340817738,135000.0,11000,154000,Back,Interstate,True,80.29090349392027,615
7300,4,380,,SM,,5.465,,"SAN BRUNO, JCT. RTE. 82",-122.41900359576063,37.63287357020057,135000.0,10100,141000,Back,Interstate,True,80.29090349392027,615
7755,4,80,,NAP,,8.004,,NAPA/SOLANO COUNTY LINE,-122.20123137431723,38.168409181169,135000.0,10300,147000,Back,Interstate,True,80.29090349392027,615
7829,4,80,,SOL,,32.622,,MIDWAY RD,-121.89719781686185,38.41628562241795,135000.0,9400,146000,Back,Interstate,True,80.29090349392027,615
6304,4,101,,SON,,20.74,,"SANTA ROSA, COLLEGE AVENUE",-122.72364367233965,38.44555966867782,135000.0,11300,148000,Ahead,US,True,80.29090349392027,615
6897,4,205,,ALA,,0.213,,JCT. RTE. 580,-121.56163421309573,37.7427144652014,135000.0,11000,154000,Ahead,Interstate,True,80.29090349392027,615
7298,4,380,,SM,T,4.703,,"SAN BRUNO, JCT. RTE. 280",-122.43080974570466,37.627221057264556,135000.0,10100,141000,Ahead,Interstate,True,80.29090349392027,615
7827,4,80,,SOL,,31.364,,MERIDIAN RD/WEBER RD,-121.91391180096959,38.40356517788572,135000.0,9400,146000,Ahead,Interstate,True,80.29090349392027,615
7843,4,80,,SOL,,42.67,,JCT. RTE. 113 NORTH,-121.76891894405856,38.520842288405056,135000.0,10600,146000,Ahead,Interstate,True,80.29090349392027,615
6302,4,101,,SON,,20.095,,"SANTA ROSA, FOURTH STREET",-122.71794275603581,38.4373206197188,134000.0,10800,144000,Back,US,True,80.15237802062491,625
7422,4,580,,ALA,R,39.91,,"OAKLAND, MAC ARTHUR BOULEVARD",-122.19307276351577,37.78558147041947,134000.0,10100,140000,Back,Interstate,True,80.15237802062491,625
7725,4,80,,CC,,13.489,,CROCKETT,-122.22804416584843,38.052210908674,134000.0,9800,141000,Back,Interstate,True,80.15237802062491,625
6296,4,101,,SON,,19.646,,"SANTA ROSA, JCT. RTE. 12",-122.71532529975815,38.43115612355643,134000.0,10800,144000,Ahead,US,True,80.15237802062491,625
7420,4,580,,ALA,R,39.24,,"OAKLAND, JCT. RTE. 13 NORTH",-122.1784533991223,37.783819249139896,134000.0,10100,140000,Ahead,Interstate,True,80.15237802062491,625
6088,4,101,,MRN,,7.365,,"CORTE MADERA, TAMALPAIS DRIVE",-122.51451844786992,37.926004512987646,133000.0,10800,150000,Back,US,True,80.0177004771433,630
7563,4,680,,ALA,R,6.396,,"FREMONT, JCT. RTE. 238 NORTH",-121.92447251941722,37.54056032696278,133000.0,10100,143000,Back,Interstate,True,80.0177004771433,630
7789,4,80,,SOL,R,44.72,,SOLANO/YOLO COUNTY LINE,-121.73840897338046,38.537592364984576,133000.0,10500,144000,Back,Interstate,True,80.0177004771433,630
7545,4,680,,ALA,M,5.372,,"FREMONT, WASHINGTON BOULEVARD  (MISSION SAN JOSE)",-121.94140015703549,37.531081695332375,133000.0,10100,143000,Ahead,Interstate,True,80.0177004771433,630
7753,4,80,,NAP,,6.814,,SOLANO/NAPA COUNTY LINE,-122.2145792255283,38.155056320323546,133000.0,10000,144000,Ahead,Interstate,True,80.0177004771433,630
7849,4,80,,SOL,,8.004,,NAPA/SOLANO COUNTY LINE,-122.20123137431723,38.168409181169,133000.0,10200,144000,Ahead,Interstate,True,80.0177004771433,630
7075,4,280,,SCL,,9.433,,"SARATOGA, SUNNYVALE/DE ANZA BOULEVARD",-122.03231279801041,37.33452443773757,132000.0,13200,148000,Back,Interstate,True,79.813760197014,636
7647,4,680,,SCL,M,7.647,,"MILPITAS, JCT. RTE. 237 WEST",-121.88838996396014,37.43475270328959,132000.0,11000,149000,Back,Interstate,True,79.813760197014,636
7769,4,80,,SF,,7.719,R,TREASURE ISLAND; YERBA BUENA ISLAND,-122.36630610354077,37.80900867148686,132000.0,9000,138000,Back,Interstate,True,79.813760197014,636
7073,4,280,,SCL,,8.375,,"CUPERTINO, WOLFE ROAD",-122.01437089057113,37.330735004334734,132000.0,12800,155000,Ahead,Interstate,True,79.813760197014,636
7645,4,680,,SCL,M,6.173,,"MILPITAS, LANDESS AVENUE , MONTAGUE EXPRESSWAY",-121.88028593210038,37.414468967582806,132000.0,11000,149000,Ahead,Interstate,True,79.813760197014,636
6138,4,101,,SCL,,38.8,,"SAN JOSE, NORTH FOURTH STREET CONNECTIONS",-121.9086829475509,37.36871901201459,131000.0,9400,138000,Back,US,True,79.67908265353239,641
6735,4,17,,SCL,,12.336,,"CAMPBELL, HAMILTON AVENUE",-121.93829131690755,37.29434754305233,131000.0,11100,149000,Back,State,True,79.67908265353239,641
6973,4,242,,CC,R,2.145,,"CONCORD, SOLANO WAY",-122.04035433407583,37.98820152496772,131000.0,9500,140000,Back,State,True,79.67908265353239,641
7545,4,680,,ALA,M,5.372,,"FREMONT, WASHINGTON BOULEVARD  (MISSION SAN JOSE)",-121.94140015703549,37.531081695332375,131000.0,10600,146000,Back,Interstate,True,79.67908265353239,641
7821,4,80,,SOL,,29.859,,"VACAVILLE, LEISURE TOWN",-121.9338550389792,38.38799320129374,131000.0,9100,140000,Back,Interstate,True,79.67908265353239,641
7847,4,80,,SOL,,6.814,,SOLANO/NAPA COUNTY LINE,-122.2145792255283,38.155056320323546,131000.0,9900,143000,Back,Interstate,True,79.67908265353239,641
6136,4,101,,SCL,,38.3,,"SAN JOSE, JCT. RTE. 880",-121.90185243840483,37.364283031480475,131000.0,9400,138000,Ahead,US,True,79.67908265353239,641
6733,4,17,,SCL,,10.498,,"CAMPBELL, CAMDEN AVENUE",-121.9473469179781,37.27060013493704,131000.0,11100,149000,Ahead,State,True,79.67908265353239,641
7543,4,680,,ALA,M,4.015,,"FREMONT, DURHAM ROAD",-121.93957521336611,37.51470140282059,131000.0,10600,146000,Ahead,Interstate,True,79.67908265353239,641
7787,4,80,,SOL,R,28.36,,JCT. RTE. 505 NORTH,-121.95337092774692,38.37303795552523,131000.0,9100,140000,Ahead,Interstate,True,79.67908265353239,641
59,4,80,,SF,,7.89,R,END RIGHT ALIGN,-122.36423511311169,37.810954170595494,130000.0,8900,135000,Back,Interstate,True,79.55979682930582,651
7400,4,580,,ALA,R,32.844,,150TH AVENUE,-122.12425333535087,37.70982654093745,130000.0,9800,136000,Back,Interstate,True,79.55979682930582,651
7424,4,580,,ALA,R,40.078,,"OAKLAND, HIGH STREET",-122.19559686866572,37.78674139236995,130000.0,10500,137000,Back,Interstate,True,79.55979682930582,651
7398,4,580,,ALA,R,32.717,,PLAZA DRIVE,-122.12264624032443,37.708602223643766,130000.0,9800,136000,Ahead,Interstate,True,79.55979682930582,651
7422,4,580,,ALA,R,39.91,,"OAKLAND, MAC ARTHUR BOULEVARD",-122.19307276351577,37.78558147041947,130000.0,9800,136000,Ahead,Interstate,True,79.55979682930582,651
7769,4,80,,SF,,7.719,R,TREASURE ISLAND; YERBA BUENA ISLAND,-122.36630610354077,37.80900867148686,130000.0,8900,135000,Ahead,Interstate,True,79.55979682930582,651
7055,4,280,,SCL,,11.447,,"CUPERTINO, FOOTHILL BOULEVARD",-122.06808777660238,37.33453830933775,129000.0,12900,144000,Back,Interstate,True,79.45590272433431,657
7845,4,80,,SOL,,5.634,,"VALLEJO, JCT. RTE. 37 WEST",-122.22014390153953,38.13875247804163,129000.0,9200,141000,Back,Interstate,True,79.45590272433431,657
7053,4,280,,SCL,,10.741,,"SUNNYVALE, JCT. RTE. 85",-122.05587608491828,37.332561145845744,129000.0,12900,144000,Ahead,Interstate,True,79.45590272433431,657
7839,4,80,,SOL,,4.432,,"VALLEJO, REDWOOD STREET",-122.22983658870788,38.12315972168272,129000.0,9200,141000,Ahead,Interstate,True,79.45590272433431,657
6975,4,242,,CC,R,2.789,,"CONCORD, OLIVERA ROAD",-122.03841113348754,37.99745504131572,128000.0,9200,137000,Back,State,True,79.35585654917654,661
6973,4,242,,CC,R,2.145,,"CONCORD, SOLANO WAY",-122.04035433407583,37.98820152496772,128000.0,9200,137000,Ahead,State,True,79.35585654917654,661
6308,4,101,,SON,,22.52,,BICENTENNIAL WAY,-122.72928257075291,38.470590624222226,127000.0,10500,140000,Back,US,True,79.1673079883023,663
6306,4,101,,SON,,21.741,,"SANTA ROSA, STEELE LANE",-122.72614964948717,38.459797456496844,127000.0,10500,140000,Ahead,US,True,79.1673079883023,663
7768,4,80,,SF,,7.719,L,"TREASURE ISLAND; YERBA BUENA ISLAND, END LEFT ALIGN",-122.36630610354077,37.80900867148686,127000.0,8600,131000,Ahead,Interstate,True,79.1673079883023,663
6294,4,101,,SON,,19.004,,BAKER AVENUE,-122.71519387713042,38.42206516866521,126000.0,10000,134000,Back,US,True,78.99030321686934,666
7768,4,80,,SF,,7.719,L,"TREASURE ISLAND; YERBA BUENA ISLAND, END LEFT ALIGN",-122.36630610354077,37.80900867148686,126000.0,8600,130000,Back,Interstate,True,78.99030321686934,666
8069,4,85,,SCL,,6.136,,ALMADEN EXPRESSWAY,-121.87536826587593,37.25585339497593,126000.0,12200,136000,Back,State,True,78.99030321686934,666
6292,4,101,,SON,,18.492,,HEARN AVENUE,-122.71590399895577,38.414621409884546,126000.0,10000,134000,Ahead,US,True,78.99030321686934,666
7764,4,80,,SF,,5.454,L,"SAN FRANCISCO, FOURTH/FIFTH STREETS, BAY BRIDGE CONNECTIONS",-122.3939856085227,37.7842567410187,126000.0,8600,130000,Ahead,Interstate,True,78.99030321686934,666
7765,4,80,,SF,,5.588,L,"FIRST/HARRISON STREETS, BAY BRIDGE CONNECTIONS",-122.39198372459012,37.78530192334623,126000.0,8600,130000,Ahead,Interstate,True,78.99030321686934,666
8067,4,85,,SCL,,5.22,,JCT. RTE. 87,-121.85889386155613,37.25564819463575,126000.0,12200,136000,Ahead,State,True,78.99030321686934,666
6142,4,101,,SCL,,39.925,,JCT. RTE. 87,-121.92805419138821,37.37390748319259,125000.0,9000,132000,Back,US,True,78.79021086655379,673
7651,4,680,,SCL,M,9.935,,SANTA CLARA/ALAMEDA COUNTY LINE,-121.9039584298923,37.464577659571326,125000.0,10300,144000,Back,Interstate,True,78.79021086655379,673
6140,4,101,,SCL,,39.285,,"SAN JOSE, NORTH FIRST STREET",-121.91684681888667,37.37184423458261,125000.0,9000,132000,Ahead,US,True,78.79021086655379,673
7649,4,680,,SCL,M,8.496,,"MILPITAS, JACKLIN ROAD",-121.89107108474026,37.44686697742523,125000.0,10300,144000,Ahead,Interstate,True,78.79021086655379,673
6104,4,101,,SCL,R,16.006,,EAST DUNNE AVENUE,-121.63340702523371,37.131613124898806,124000.0,9000,132000,Back,US,True,78.62090195474835,677
7721,4,80,,CC,,10.685,,"HERCULES, WILLOW AVENUE",-122.26247143615565,38.022330459346186,124000.0,12900,135000,Back,Interstate,True,78.62090195474835,677
7773,4,80,,SOL,R,11.976,,JCT. RTE. 12 WEST,-122.14969523397811,38.208271862089596,124000.0,8800,135000,Back,Interstate,True,78.62090195474835,677
8083,4,87,,SCL,,2.826,,CURTNER AVENUE,-121.87272660449295,37.29433167304711,124000.0,12000,133000,Back,State,True,78.62090195474835,677
6102,4,101,,SCL,R,15.069,,TENNANT AVENUE,-121.62616080452024,37.119359624871755,124000.0,9000,132000,Ahead,US,True,78.62090195474835,677
7719,4,80,,CC,,10.059,,"HERCULES, JCT. RTE. 4 EAST",-122.26924393030403,38.015062029209155,124000.0,12900,135000,Ahead,Interstate,True,78.62090195474835,677
7771,4,80,,SOL,R,11.394,,RED TOP ROAD,-122.15704362098717,38.2018864964762,124000.0,8800,135000,Ahead,Interstate,True,78.62090195474835,677
6733,4,17,,SCL,,10.498,,"CAMPBELL, CAMDEN AVENUE",-121.9473469179781,37.27060013493704,123000.0,10400,140000,Back,State,True,78.42080960443282,684
7549,4,680,,ALA,R,11.845,,JCT. RTE. 84 EAST,-121.87055628824123,37.592981023820094,123000.0,10400,130000,Back,Interstate,True,78.42080960443282,684
7557,4,680,,ALA,R,19.3,,STONERIDGE DRIVE,-121.91848871464722,37.69052946132654,123000.0,10200,136000,Back,Interstate,True,78.42080960443282,684
7649,4,680,,SCL,M,8.496,,"MILPITAS, JACKLIN ROAD",-121.89107108474026,37.44686697742523,123000.0,10100,140000,Back,Interstate,True,78.42080960443282,684
6749,4,17,,SCL,,9.354,,"LOS GATOS, JCT RTE 85",-121.9558313764792,37.255685435774424,123000.0,10400,140000,Ahead,State,True,78.42080960443282,684
7547,4,680,,ALA,R,11.042,,JCT. RTE. 84 WEST,-121.87074809562239,37.58884088974809,123000.0,10400,130000,Ahead,Interstate,True,78.42080960443282,684
7555,4,680,,ALA,R,16.75,,"PLEASANTON, BERNAL AVENUE",-121.90121539362951,37.656606394164974,123000.0,10200,136000,Ahead,Interstate,True,78.42080960443282,684
7647,4,680,,SCL,M,7.647,,"MILPITAS, JCT. RTE. 237 WEST",-121.88838996396014,37.43475270328959,123000.0,10100,140000,Ahead,Interstate,True,78.42080960443282,684
7763,4,80,,SF,,5.044,L,"BEGIN LEFT ALIGN, WB OFF TO 5TH\HARRISON",-122.3993074627261,37.78021570602699,122000.0,8300,126000,Back,Interstate,True,78.21302139448977,692
7771,4,80,,SOL,R,11.394,,RED TOP ROAD,-122.15704362098717,38.2018864964762,122000.0,8700,134000,Back,Interstate,True,78.21302139448977,692
7851,4,80,,SOL,,8.103,,AMERICAN CANYON ROAD,-122.19992043138205,38.16931793724048,122000.0,8700,134000,Ahead,Interstate,True,78.21302139448977,692
6102,4,101,,SCL,R,15.069,,TENNANT AVENUE,-121.62616080452024,37.119359624871755,121000.0,8600,129000,Back,US,True,78.03216869324304,695
6967,4,242,,CC,R,0.872,,"CONCORD, WILLOW PASS ROAD",-122.04757461234223,37.97075872237494,121000.0,9100,128000,Back,State,True,78.03216869324304,695
7053,4,280,,SCL,,10.741,,"SUNNYVALE, JCT. RTE. 85",-122.05587608491828,37.332561145845744,121000.0,12100,135000,Back,Interstate,True,78.03216869324304,695
7559,4,680,,ALA,R,20.057,,"PLEASANTON, JCT. RTE. 580",-121.92258496407086,37.70101505857069,121000.0,10000,134000,Back,Interstate,True,78.03216869324304,695
7619,4,680,,CC,,22.429,,"MARTINEZ, PACHECO BOULEVARD",-122.08507043064192,38.00789099717353,121000.0,9800,138000,Back,Interstate,True,78.03216869324304,695
8107,4,880,,ALA,R,32.79,,ADELINE/UNION STREETS,-122.2953531954407,37.8021790759213,121000.0,7700,127000,Back,Interstate,True,78.03216869324304,695
8228,4,92,,SM,R,13.607,,"FOSTER CITY, FOSTER CITY BOULEVARD",-122.27317110151981,37.56381113183974,121000.0,9300,129000,Back,State,True,78.03216869324304,695
6100,4,101,,SCL,R,12.46,,SAN MARTIN,-121.59923741510617,37.08890382461549,121000.0,8600,129000,Ahead,US,True,78.03216869324304,695
7075,4,280,,SCL,,9.433,,"SARATOGA, SUNNYVALE/DE ANZA BOULEVARD",-122.03231279801041,37.33452443773757,121000.0,12100,135000,Ahead,Interstate,True,78.03216869324304,695
7557,4,680,,ALA,R,19.3,,STONERIDGE DRIVE,-121.91848871464722,37.69052946132654,121000.0,10000,134000,Ahead,Interstate,True,78.03216869324304,695
7617,4,680,,CC,,21.191,,JCT. RTE. 4,-122.06978412015062,37.99461562296657,121000.0,9800,138000,Ahead,Interstate,True,78.03216869324304,695
8166,4,880,,ALA,,31.681,,"OAKLAND, JCT RTE 980",-122.27619959363382,37.799109346367295,121000.0,7700,127000,Ahead,Interstate,True,78.03216869324304,695
6100,4,101,,SCL,R,12.46,,SAN MARTIN,-121.59923741510617,37.08890382461549,120000.0,8800,128000,Back,US,True,77.74357395721103,707
7071,4,280,,SCL,,7.388,,STEVENS CREEK BOULEVARD,-121.99930343303924,37.32291508956324,120000.0,10700,132000,Back,Interstate,True,77.74357395721103,707
7077,4,280,,SF,R,0.738,,"SAN FRANCISCO, JCT. RTE. 82",-122.45660206993774,37.71062090174509,120000.0,9900,125000,Back,Interstate,True,77.74357395721103,707
7591,4,680,,CC,R,4.182,,CROW CANYON ROAD,-121.97514520090184,37.777181217795274,120000.0,10800,137000,Back,Interstate,True,77.74357395721103,707
7851,4,80,,SOL,,8.103,,AMERICAN CANYON ROAD,-122.19992043138205,38.16931793724048,120000.0,8500,131000,Back,Interstate,True,77.74357395721103,707
6098,4,101,,SCL,R,10.27,,MASTEN AVENUE,-121.584398450355,37.05943492554976,120000.0,8800,128000,Ahead,US,True,77.74357395721103,707
7069,4,280,,SCL,,7.123,,"SAN JOSE, LAWRENCE EXPRESSWAY",-121.99530404446112,37.320798160995174,120000.0,9700,124000,Ahead,Interstate,True,77.74357395721103,707
7079,4,280,,SF,R,0,,SAN MATEO/SAN FRANCISCO COUNTY LINE,-122.46860031472384,37.708281274440345,120000.0,9900,125000,Ahead,Interstate,True,77.74357395721103,707
7322,4,4,,CC,R,15.424,,"CONCORD, PORT CHICAGO HIGHWAY WEST",-122.02304138387937,38.00947551899238,120000.0,9000,124000,Ahead,State,True,77.74357395721103,707
7589,4,680,,CC,R,2.885,,BOLLINGER CANYON ROAD,-121.96533817167256,37.760087777174384,120000.0,10800,137000,Ahead,Interstate,True,77.74357395721103,707
7845,4,80,,SOL,,5.634,,"VALLEJO, JCT. RTE. 37 WEST",-122.22014390153953,38.13875247804163,120000.0,8500,131000,Ahead,Interstate,True,77.74357395721103,707
8226,4,92,,SM,R,12.777,,MARINERS ISLAND BOULEVARD/ WEST CAPE DRIVE,-122.28508672465595,37.55637294265911,120000.0,9200,127000,Ahead,State,True,77.74357395721103,707
6096,4,101,,MRN,,9.96,,JCT. RTE. 580,-122.51007559696865,37.96221184004521,119000.0,9700,135000,Back,US,True,77.53963367708174,719
6094,4,101,,MRN,,8.6,,"LARKSPUR, SIR FRANCIS DRAKE BOULEVARD",-122.51504767953975,37.943691718861004,119000.0,9700,135000,Ahead,US,True,77.53963367708174,719
7766,4,80,,SF,,5.588,R,"FIRST/HARRISON STREETS, BAY BRIDGE CONNECTIONS",-122.39198372459012,37.78530192334623,119000.0,7900,129000,Ahead,Interstate,True,77.53963367708174,719
6140,4,101,,SCL,,39.285,,"SAN JOSE, NORTH FIRST STREET",-121.91684681888667,37.37184423458261,118000.0,8600,124000,Back,US,True,77.36647683546252,722
6292,4,101,,SON,,18.492,,HEARN AVENUE,-122.71590399895577,38.414621409884546,118000.0,9400,126000,Back,US,True,77.36647683546252,722
7334,4,4,,CC,R,30.439,,JCT. RTE. 160,-121.75871830361447,37.99038239698496,118000.0,9400,127000,Back,State,True,77.36647683546252,722
7478,4,580,,ALA,,46.946,L,"SOUTH JCT 80 NEAR BAY BRIDGE, LEFT ALIGN",-122.29956766405404,37.82612147104772,118000.0,8400,125000,Back,Interstate,True,77.36647683546252,722
7480,4,580,,ALA,,47.168,L,END INDEP ALIGN,-122.3035904851863,37.82537368191694,118000.0,8400,125000,Back,Interstate,True,77.36647683546252,722
7793,4,80,,SOL,,1.144,,"VALLEJO, JCT. RTE. 29 NORTHWEST",-122.23188398129274,38.07642362258103,118000.0,8100,128000,Back,Interstate,True,77.36647683546252,722
8027,4,85,,SCL,R,10.231,,"SAN JOSE, BASCOM AVENUE",-121.95141415810625,37.25468399845081,118000.0,11400,127000,Back,State,True,77.36647683546252,722
6138,4,101,,SCL,,38.8,,"SAN JOSE, NORTH FOURTH STREET CONNECTIONS",-121.9086829475509,37.36871901201459,118000.0,8600,124000,Ahead,US,True,77.36647683546252,722
6290,4,101,,SON,,16.538,,TODD ROAD,-122.71607153565458,38.38624988016666,118000.0,9400,126000,Ahead,US,True,77.36647683546252,722
7332,4,4,,CC,R,28.94,,"ANTIOCH, HILLCREST AVENUE",-121.78536522033012,37.99610551243738,118000.0,9400,127000,Ahead,State,True,77.36647683546252,722
7475,4,580,,ALA,,46.262,L,BEGIN LEFT ALIGN,-122.28745453911614,37.82644466940382,118000.0,8400,125000,Ahead,Interstate,True,77.36647683546252,722
7478,4,580,,ALA,,46.946,L,"SOUTH JCT 80 NEAR BAY BRIDGE, LEFT ALIGN",-122.29956766405404,37.82612147104772,118000.0,8400,125000,Ahead,Interstate,True,77.36647683546252,722
7723,4,80,,CC,,12.753,,CUMMINGS SKYWAY,-122.23807212494208,38.04515645836222,118000.0,8000,128000,Ahead,Interstate,True,77.36647683546252,722
8073,4,85,,SCL,,9.277,,"SAN JOSE, UNION AVENUE",-121.93142294556888,37.25112522530825,118000.0,11400,127000,Ahead,State,True,77.36647683546252,722
6044,4,101,,MRN,R,20.19,,"NOVATO, ROWLAND AVENUE",-122.55907666462652,38.0923245600893,117000.0,9400,125000,Back,US,True,77.08173002924427,736
7059,4,280,,SCL,,15.046,,"LOS ALTOS HILLS, EL MONTE AVENUE",-122.11993292033122,37.36109329634426,117000.0,12900,126000,Back,Interstate,True,77.08173002924427,736
7543,4,680,,ALA,M,4.015,,"FREMONT, DURHAM ROAD",-121.93957521336611,37.51470140282059,117000.0,9500,129000,Back,Interstate,True,77.08173002924427,736
7625,4,680,,CC,,24.56,,BENICIA MARTINEZ BRIDGE,-122.11441498096927,38.026966859360634,117000.0,9600,135000,Back,Interstate,True,77.08173002924427,736
7723,4,80,,CC,,12.753,,CUMMINGS SKYWAY,-122.23807212494208,38.04515645836222,117000.0,7900,126000,Back,Interstate,True,77.08173002924427,736
7813,4,80,,SOL,,2.22,,"VALLEJO, JCT. RTE. 780 SOUTHEAST",-122.2304095458742,38.09135233914541,117000.0,8000,127000,Back,Interstate,True,77.08173002924427,736
8085,4,87,,SCL,,3.563,,ALMADEN EXPRESSWAY,-121.87841960663914,37.30403449838385,117000.0,11300,126000,Back,State,True,77.08173002924427,736
6074,4,101,,MRN,,19.085,,"NOVATO, JCT. RTE. 37 EAST",-122.5461182330911,38.080080175194524,117000.0,9400,125000,Ahead,US,True,77.08173002924427,736
7057,4,280,,SCL,,14.098,,MAGDALENA AVENUE,-122.10707141970994,37.35285683021765,117000.0,12900,126000,Ahead,Interstate,True,77.08173002924427,736
7541,4,680,,ALA,M,2.382,,"FREMONT, JCT. RTE. 262 WEST",-121.92289757509477,37.49544685327244,117000.0,9500,129000,Ahead,Interstate,True,77.08173002924427,736
7623,4,680,,CC,,24.264,,"WATERFRONT , MARINA VISTA",-122.11003050888338,38.0248277004008,117000.0,9600,135000,Ahead,Interstate,True,77.08173002924427,736
7625,4,680,,CC,,24.56,,BENICIA MARTINEZ BRIDGE,-122.11441498096927,38.026966859360634,117000.0,9600,135000,Ahead,Interstate,True,77.08173002924427,736
7721,4,80,,CC,,10.685,,"HERCULES, WILLOW AVENUE",-122.26247143615565,38.022330459346186,117000.0,7900,126000,Ahead,Interstate,True,77.08173002924427,736
7795,4,80,,SOL,,1.776,,"VALLEJO, MAGAZINE STREET",-122.23283805590486,38.085256229299205,117000.0,8000,127000,Ahead,Interstate,True,77.08173002924427,736
8083,4,87,,SCL,,2.826,,CURTNER AVENUE,-121.87272660449295,37.29433167304711,117000.0,11300,126000,Ahead,State,True,77.08173002924427,736
8109,4,880,,ALA,R,33.27,,7TH STREET,-122.30286063545901,37.80465775312113,116000.0,7300,123000,Back,Interstate,True,76.87009388948745,751
8107,4,880,,ALA,R,32.79,,ADELINE/UNION STREETS,-122.2953531954407,37.8021790759213,116000.0,7300,121000,Ahead,Interstate,True,76.87009388948745,751
6290,4,101,,SON,,16.538,,TODD ROAD,-122.71607153565458,38.38624988016666,115000.0,9100,123000,Back,US,True,76.72772048637833,753
8073,4,85,,SCL,,9.277,,"SAN JOSE, UNION AVENUE",-121.93142294556888,37.25112522530825,115000.0,11200,124000,Back,State,True,76.72772048637833,753
8071,4,85,,SCL,,8.109,,"SAN JOSE, CAMDEN AVENUE",-121.9104128719211,37.250773927532336,115000.0,11200,124000,Ahead,State,True,76.72772048637833,753
6098,4,101,,SCL,R,10.27,,MASTEN AVENUE,-121.584398450355,37.05943492554976,114000.0,8500,123000,Back,US,True,76.57765122364168,756
6977,4,242,,CC,R,3.398,,"CONCORD, JCT. RTE. 4",-122.03517358094906,38.00584947242433,114000.0,8200,122000,Back,State,True,76.57765122364168,756
6120,4,101,,SCL,R,7.532,,"GILROY, NORTH JCT. RTE. 152 WEST",-121.56649438983698,37.022457723848404,114000.0,8500,123000,Ahead,US,True,76.57765122364168,756
6975,4,242,,CC,R,2.789,,"CONCORD, OLIVERA ROAD",-122.03841113348754,37.99745504131572,114000.0,8200,122000,Ahead,State,True,76.57765122364168,756
7559,4,680,,ALA,R,20.057,,"PLEASANTON, JCT. RTE. 580",-121.92258496407086,37.70101505857069,114000.0,10100,128000,Ahead,Interstate,True,76.57765122364168,756
6110,4,101,,SCL,R,28.609,,"SAN JOSE, JCT. RTE. 82 NORTH",-121.79605451374604,37.257212104266586,113000.0,8500,121000,Back,US,True,76.37755887332615,761
8258,4,980,,ALA,,0.904,,"OAKLAND, 18TH STREET",-122.27605749722383,37.80948061577782,113000.0,8200,117000,Ahead,Interstate,True,76.37755887332615,761
6082,4,101,,MRN,,4.134,,JCT. RTE. 1 WEST,-122.5162227397118,37.88031749668074,112000.0,9100,126000,Back,US,True,76.13898722487302,763
7057,4,280,,SCL,,14.098,,MAGDALENA AVENUE,-122.10707141970994,37.35285683021765,112000.0,11500,120000,Back,Interstate,True,76.13898722487302,763
7124,4,280,,SM,R,19.278,,"SAN BRUNO, JCT. RTE. 35 NORTH",-122.42772106646666,37.604445196763315,112000.0,11200,120000,Back,Interstate,True,76.13898722487302,763
7128,4,280,,SM,R,20.747,,"SAN BRUNO, SAN BRUNO AVENUE",-122.42826572400655,37.62434853485569,112000.0,11300,121000,Back,Interstate,True,76.13898722487302,763
7477,4,580,,ALA,,46.46,R,"OAKLAND, JCT. RTES. 80/880, RIGHT ALIGN",-122.29148144668466,37.827506696128076,112000.0,8000,119000,Back,Interstate,True,76.13898722487302,763
7479,4,580,,ALA,,46.946,R,END RIGHT ALIGN,-122.30050778154157,37.82637294408988,112000.0,8000,119000,Back,Interstate,True,76.13898722487302,763
7553,4,680,,ALA,R,15.261,,PLEASANTON/SUNOL ROADS,-121.88440834765163,37.63977185519671,112000.0,9200,123000,Back,Interstate,True,76.13898722487302,763
6080,4,101,,MRN,,3.334,,WALDO UC,-122.50711197848955,37.87148624031079,112000.0,9100,126000,Ahead,US,True,76.13898722487302,763
6288,4,101,,SON,,15.528,,SANTA ROSA AVENUE,-122.71428243207012,38.3720546811001,112000.0,8800,121000,Ahead,US,True,76.13898722487302,763
7055,4,280,,SCL,,11.447,,"CUPERTINO, FOOTHILL BOULEVARD",-122.06808777660238,37.33453830933775,112000.0,11500,120000,Ahead,Interstate,True,76.13898722487302,763
7122,4,280,,SM,R,18.524,,"MILLBRAE, LARKSPUR DRIVE",-122.41910973440639,37.59608746651021,112000.0,11200,120000,Ahead,Interstate,True,76.13898722487302,763
7126,4,280,,SM,R,20.218,,"SAN BRUNO, WHITMAN WAY/ JENEVEIN AVENUE",-122.42416922485131,37.6173777056121,112000.0,11300,121000,Ahead,Interstate,True,76.13898722487302,763
7476,4,580,,ALA,,46.262,R,BEGIN RIGHT ALIGN,-122.28777298739278,37.82656398651058,112000.0,8000,119000,Ahead,Interstate,True,76.13898722487302,763
7477,4,580,,ALA,,46.46,R,"OAKLAND, JCT. RTES. 80/880, RIGHT ALIGN",-122.29148144668466,37.827506696128076,112000.0,8000,119000,Ahead,Interstate,True,76.13898722487302,763
6084,4,101,,MRN,,4.754,,STRAWBERRY POINT CONNECTION/FRONTAGE ROAD,-122.51666243809392,37.889147071803414,111000.0,9000,125000,Back,US,True,75.93119901492997,777
6286,4,101,,SON,,15.018,,"ROHNERT PARK, WILFRED AVENUE",-122.71249185524856,38.36472313307983,111000.0,8900,120000,Back,US,True,75.93119901492997,777
6288,4,101,,SON,,15.528,,SANTA ROSA AVENUE,-122.71428243207012,38.3720546811001,111000.0,8700,118000,Back,US,True,75.93119901492997,777
6943,4,237,,SCL,,8.02,,"SAN JOSE, ZANKER ROAD",-121.93937713304935,37.420316704011434,111000.0,10800,120000,Back,State,True,75.93119901492997,777
7795,4,80,,SOL,,1.776,,"VALLEJO, MAGAZINE STREET",-122.23283805590486,38.085256229299205,111000.0,7600,120000,Back,Interstate,True,75.93119901492997,777
8065,4,85,,SCL,,3.93,,"SAN JOSE, BLOSSOM HILL ROAD",-121.83674139676829,37.25084095661018,111000.0,10700,149000,Back,State,True,75.93119901492997,777
8079,4,87,,SCL,,1.339,,CAPITAL EXPRESSWAY,-121.86288753145915,37.274234333362344,111000.0,9000,118000,Back,State,True,75.93119901492997,777
6082,4,101,,MRN,,4.134,,JCT. RTE. 1 WEST,-122.5162227397118,37.88031749668074,111000.0,9000,125000,Ahead,US,True,75.93119901492997,777
6284,4,101,,SON,,13.83,,"ROHNERT PARK, ROHNERT PARK EXPRESSWAY",-122.71293106584548,38.347719123258614,111000.0,8900,120000,Ahead,US,True,75.93119901492997,777
6941,4,237,,SCL,,6.866,,"SAN JOSE, NORTH FIRST/ TAYLOR STREETS",-121.95999145749198,37.41908050340188,111000.0,10800,120000,Ahead,State,True,75.93119901492997,777
7793,4,80,,SOL,,1.144,,"VALLEJO, JCT. RTE. 29 NORTHWEST",-122.23188398129274,38.07642362258103,111000.0,7600,120000,Ahead,Interstate,True,75.93119901492997,777
8063,4,85,,SCL,,1.973,,"SAN JOSE, COTTLE ROAD",-121.80404064621635,37.24302166181291,111000.0,10700,149000,Ahead,State,True,75.93119901492997,777
8077,4,87,,SCL,,0,,"SAN JOSE, JCT. RTE 85",-121.85884005696221,37.25550956606006,111000.0,9000,118000,Ahead,State,True,75.93119901492997,777
8081,4,87,,SCL,,1.34,,CAPITOL EXPRESSWAY,-121.86289113100851,37.27424862068248,111000.0,8900,117000,Ahead,State,True,75.93119901492997,777
8224,4,92,,SM,R,12.143,,"SAN MATEO, JCT. RTE. 101",-122.29575707799243,37.55300282473025,110000.0,9600,121000,Back,State,True,75.73110666461443,791
8222,4,92,,SM,R,11.606,,"SAN MATEO, SOUTH DELAWARE STREET CONNECTIONS",-122.30557922676627,37.552433716200625,110000.0,9600,121000,Ahead,State,True,75.73110666461443,791
6284,4,101,,SON,,13.83,,"ROHNERT PARK, ROHNERT PARK EXPRESSWAY",-122.71293106584548,38.347719123258614,109000.0,8700,118000,Back,US,True,75.54640603355395,793
7555,4,680,,ALA,R,16.75,,"PLEASANTON, BERNAL AVENUE",-121.90121539362951,37.656606394164974,109000.0,8900,119000,Back,Interstate,True,75.54640603355395,793
7621,4,680,,CC,,22.697,,ARTHUR ROAD,-122.0882544229282,38.01084838992783,109000.0,9100,125000,Back,Interstate,True,75.54640603355395,793
7623,4,680,,CC,,24.264,,"WATERFRONT , MARINA VISTA",-122.11003050888338,38.0248277004008,109000.0,9100,125000,Back,Interstate,True,75.54640603355395,793
6282,4,101,,SON,,12.682,,"COTATI, NORTH JCT. RTE. 116",-122.71268165759,38.331007277549396,109000.0,8700,118000,Ahead,US,True,75.54640603355395,793
6286,4,101,,SON,,15.018,,"ROHNERT PARK, WILFRED AVENUE",-122.71249185524856,38.36472313307983,109000.0,8600,116000,Ahead,US,True,75.54640603355395,793
7553,4,680,,ALA,R,15.261,,PLEASANTON/SUNOL ROADS,-121.88440834765163,37.63977185519671,109000.0,8900,119000,Ahead,Interstate,True,75.54640603355395,793
7619,4,680,,CC,,22.429,,"MARTINEZ, PACHECO BOULEVARD",-122.08507043064192,38.00789099717353,109000.0,9100,125000,Ahead,Interstate,True,75.54640603355395,793
7621,4,680,,CC,,22.697,,ARTHUR ROAD,-122.0882544229282,38.01084838992783,109000.0,9100,125000,Ahead,Interstate,True,75.54640603355395,793
8109,4,880,,ALA,R,33.27,,7TH STREET,-122.30286063545901,37.80465775312113,109000.0,6800,115000,Ahead,Interstate,True,75.54640603355395,793
6338,4,101,,SON,,8.8,,PEPPER ROAD CONNECTION,-122.6850487877477,38.283785547766506,108000.0,8700,8700,Back,US,True,75.39248884100354,803
6174,4,101,,SF,R,4.241,L,"SAN FRANCISCO, JCT. RTE. 80, LEFT ALIGN",-122.40531794835833,37.76615772182964,108000.0,7700,113000,Ahead,US,True,75.39248884100354,803
6336,4,101,,SON,,7.651,,"PETALUMA, OLD REDWOOD HIGHWAY",-122.66985366703753,38.27208763016166,108000.0,8700,8700,Ahead,US,True,75.39248884100354,803
7094,4,280,,SF,R,6.05,,INDIANA STREET/PENNSYLVANIA AVENUE,-122.39221863134198,37.756427838763514,107000.0,8100,110000,Back,Interstate,True,75.24626750808065,806
7096,4,280,,SF,R,6.603,,"SAN FRANCISCO, MARIPOSA STREET",-122.39258599737744,37.76283142972646,107000.0,8100,110000,Back,Interstate,True,75.24626750808065,806
7537,4,680,,ALA,M,0.125,,"FREMONT, SCOTT CREEK ROAD",-121.9053518058312,37.466294214066934,107000.0,8800,122000,Back,Interstate,True,75.24626750808065,806
7094,4,280,,SF,R,6.05,,INDIANA STREET/PENNSYLVANIA AVENUE,-122.39221863134198,37.756427838763514,107000.0,8100,110000,Ahead,Interstate,True,75.24626750808065,806
7539,4,680,,ALA,M,0,,SANTA CLARA/ALAMEDA COUNTY LINE,-121.9039584298923,37.464577659571326,107000.0,8800,122000,Ahead,Interstate,True,75.24626750808065,806
6046,4,101,,MRN,R,21.111,,"NOVATO, DE LONG AVENUE",-122.56208138192817,38.10502342926548,106000.0,8400,113000,Back,US,True,75.08465445590272,811
6278,4,101,,SON,,10.666,,RAILROAD AVENUE CONNECTION,-122.70797796198134,38.30353597875187,106000.0,8500,114000,Back,US,True,75.08465445590272,811
6941,4,237,,SCL,,6.866,,"SAN JOSE, NORTH FIRST/ TAYLOR STREETS",-121.95999145749198,37.41908050340188,106000.0,10300,154000,Back,State,True,75.08465445590272,811
7061,4,280,,SCL,,18.379,,PAGE MILL ROAD,-122.16310742612309,37.38972439521819,106000.0,11700,114000,Back,Interstate,True,75.08465445590272,811
6044,4,101,,MRN,R,20.19,,"NOVATO, ROWLAND AVENUE",-122.55907666462652,38.0923245600893,106000.0,8400,113000,Ahead,US,True,75.08465445590272,811
6338,4,101,,SON,,8.8,,PEPPER ROAD CONNECTION,-122.6850487877477,38.283785547766506,106000.0,8500,114000,Ahead,US,True,75.08465445590272,811
7059,4,280,,SCL,,15.046,,"LOS ALTOS HILLS, EL MONTE AVENUE",-122.11993292033122,37.36109329634426,106000.0,11700,114000,Ahead,Interstate,True,75.08465445590272,811
7120,4,280,,SM,R,17.921,,HILLCREST BOULEVARD; MILLBRAE AVENUE,-122.41231472847697,37.589216539964454,105000.0,10500,113000,Back,Interstate,True,74.89225796521471,818
8029,4,85,,SCL,R,10.498,,JCT. RTE. 17,-121.95589573807435,37.25588213388993,105000.0,8600,108000,Back,State,True,74.89225796521471,818
8071,4,85,,SCL,,8.109,,"SAN JOSE, CAMDEN AVENUE",-121.9104128719211,37.250773927532336,105000.0,10200,114000,Back,State,True,74.89225796521471,818
8093,4,87,,SCL,,6.1,,"SAN JOSE, JULIAN STREET",-121.8975018534664,37.336761135714184,105000.0,10200,114000,Back,State,True,74.89225796521471,818
8212,4,92,,ALA,,6.392,,"HAYWARD, JCT. RTE. 880",-122.09413376351212,37.644065492194834,105000.0,8500,114000,Back,State,True,74.89225796521471,818
7118,4,280,,SM,R,17.16,,"HILLSBOROUGH, TROUSDALE DRIVE",-122.40345885253849,37.58078627915638,105000.0,10500,113000,Ahead,Interstate,True,74.89225796521471,818
8069,4,85,,SCL,,6.136,,ALMADEN EXPRESSWAY,-121.87536826587593,37.25585339497593,105000.0,10200,114000,Ahead,State,True,74.89225796521471,818
8091,4,87,,SCL,,5.555,,"SAN JOSE, PARK AVENUE",-121.89555008384856,37.329046401794784,105000.0,10200,114000,Ahead,State,True,74.89225796521471,818
6280,4,101,,SON,,11.995,,"COTATI, SIERRA AVENUE",-122.71348912984269,38.321326282298706,104000.0,8300,111000,Back,US,True,74.71525319378175,826
7130,4,280,,SM,R,21.015,,"SAN BRUNO, JCT. RTE. 380 EAST",-122.43101583001064,37.62751331743292,104000.0,10500,112000,Back,Interstate,True,74.71525319378175,826
8033,4,85,,SCL,R,13.684,,"SARATOGA, SARATOGA AVENUE",-122.00729027068702,37.27689034581954,104000.0,10100,113000,Back,State,True,74.71525319378175,826
6278,4,101,,SON,,10.666,,RAILROAD AVENUE CONNECTION,-122.70797796198134,38.30353597875187,104000.0,8300,111000,Ahead,US,True,74.71525319378175,826
6943,4,237,,SCL,,8.02,,"SAN JOSE, ZANKER ROAD",-121.93937713304935,37.420316704011434,104000.0,10100,112000,Ahead,State,True,74.71525319378175,826
7128,4,280,,SM,R,20.747,,"SAN BRUNO, SAN BRUNO AVENUE",-122.42826572400655,37.62434853485569,104000.0,10500,112000,Ahead,Interstate,True,74.71525319378175,826
7551,4,680,,ALA,R,12.443,,SUNOL ROAD,-121.87230186395864,37.600753061909515,104000.0,8600,115000,Ahead,Interstate,True,74.71525319378175,826
8031,4,85,,SCL,R,10.997,,"LOS GATOS, WINCHESTER BLVD.",-121.96423346845191,37.258735028938574,104000.0,10100,113000,Ahead,State,True,74.71525319378175,826
8204,4,92,,ALA,R,2.594,,SAN MATEO-HAYWARD BRIDGE TOLL PLAZA,-122.15249771266156,37.61753768183265,104000.0,8000,111000,Ahead,State,True,74.71525319378175,826
8232,4,92,,SM,R,14.443,,SAN MATEO/HAYWARD BRIDGE,-122.26312053632208,37.57289463001515,104000.0,7800,110000,Ahead,State,True,74.71525319378175,826
6086,4,101,,MRN,,5.694,,JCT. RTE. 131 EAST,-122.51559940592266,37.902749933667195,103000.0,8300,116000,Back,US,True,74.54979221179005,836
6310,4,101,,SON,,22.814,,"SANTA ROSA, MENDOCINO AVENUE",-122.73099373650334,38.474619530859464,103000.0,8600,114000,Back,US,True,74.54979221179005,836
6971,4,242,,CC,R,1.468,,"CONCORD, CONCORD AVENUE",-122.0433721631874,37.97877589307941,103000.0,7500,112000,Back,State,True,74.54979221179005,836
8043,4,85,,SCL,R,19.856,,"SUNNYVALE, FREMONT AVENUE",-122.06037708466621,37.351886245236855,103000.0,10400,112000,Back,State,True,74.54979221179005,836
6084,4,101,,MRN,,4.754,,STRAWBERRY POINT CONNECTION/FRONTAGE ROAD,-122.51666243809392,37.889147071803414,103000.0,8300,116000,Ahead,US,True,74.54979221179005,836
6308,4,101,,SON,,22.52,,BICENTENNIAL WAY,-122.72928257075291,38.470590624222226,103000.0,8600,114000,Ahead,US,True,74.54979221179005,836
6967,4,242,,CC,R,0.872,,"CONCORD, WILLOW PASS ROAD",-122.04757461234223,37.97075872237494,103000.0,7500,112000,Ahead,State,True,74.54979221179005,836
7601,4,680,,CC,,13.082,,"WALNUT CREEK, SOUTH MAIN STREET",-122.05527079468995,37.885845954117904,103000.0,11600,134000,Ahead,Interstate,True,74.54979221179005,836
8041,4,85,,SCL,R,18.861,,"CUPERTINO, HOMESTEAD ROAD",-122.05950376320823,37.33757048995043,103000.0,10400,112000,Ahead,State,True,74.54979221179005,836
6120,4,101,,SCL,R,7.532,,"GILROY, NORTH JCT. RTE. 152 WEST",-121.56649438983698,37.022457723848404,102000.0,7900,105000,Back,US,True,74.342004001847,845
6314,4,101,,SON,,24.864,,RIVER ROAD,-122.75622934151717,38.49629274382014,102000.0,8700,115000,Back,US,True,74.342004001847,845
7551,4,680,,ALA,R,12.443,,SUNOL ROAD,-121.87230186395864,37.600753061909515,102000.0,8400,113000,Back,Interstate,True,74.342004001847,845
8095,4,87,,SCL,,6.69,,W. TAYLOR,-121.9020897858793,37.344501422092804,102000.0,9900,111000,Back,State,True,74.342004001847,845
8204,4,92,,ALA,R,2.594,,SAN MATEO-HAYWARD BRIDGE TOLL PLAZA,-122.15249771266156,37.61753768183265,102000.0,7800,108000,Back,State,True,74.342004001847,845
8230,4,92,,SM,R,13.831,,FOSTER CITY BOULEVARD,-122.27042480257595,37.566171079611,102000.0,7800,109000,Back,State,True,74.342004001847,845
8232,4,92,,SM,R,14.443,,SAN MATEO/HAYWARD BRIDGE,-122.26312053632208,37.57289463001515,102000.0,7700,109000,Back,State,True,74.342004001847,845
8234,4,92,,SM,R,18.801,,SAN MATEO/ALAMEDA COUNTY LINE,-122.19678246158443,37.604536425263575,102000.0,7700,109000,Back,State,True,74.342004001847,845
6118,4,101,,SCL,R,6.08,,"GILROY, JCT. RTE. 152 EAST",-121.55632551382135,37.003077575725605,102000.0,7900,105000,Ahead,US,True,74.342004001847,845
6312,4,101,,SON,,23.3,,HOPPER AVENUE CONNECTIONS,-122.73485340202046,38.48110220265354,102000.0,8700,115000,Ahead,US,True,74.342004001847,845
7288,4,37,,SOL,,10.94,,"VALLEJO, FAIRGROUNDS DRIVE",-122.23291632342061,38.14124955714911,102000.0,8000,109000,Ahead,State,True,74.342004001847,845
7549,4,680,,ALA,R,11.845,,JCT. RTE. 84 EAST,-121.87055628824123,37.592981023820094,102000.0,8400,113000,Ahead,Interstate,True,74.342004001847,845
8079,4,87,,SCL,,1.339,,CAPITAL EXPRESSWAY,-121.86288753145915,37.274234333362344,102000.0,9900,111000,Ahead,State,True,74.342004001847,845
8093,4,87,,SCL,,6.1,,"SAN JOSE, JULIAN STREET",-121.8975018534664,37.336761135714184,102000.0,9900,111000,Ahead,State,True,74.342004001847,845
8258,4,980,,ALA,,0.904,,"OAKLAND, 18TH STREET",-122.27605749722383,37.80948061577782,101000.0,7400,105000,Back,Interstate,True,74.17269509004156,859
8228,4,92,,SM,R,13.607,,"FOSTER CITY, FOSTER CITY BOULEVARD",-122.27317110151981,37.56381113183974,101000.0,7600,106000,Ahead,State,True,74.17269509004156,859
8256,4,980,,ALA,,0.702,,"OAKLAND, FOURTEENTH STREET",-122.27781490195689,37.806873571914046,101000.0,7400,105000,Ahead,Interstate,True,74.17269509004156,859
6945,4,237,,SCL,,9.335,,JCT. RTE. 880,-121.91647559638372,37.42556850425799,100000.0,8500,103000,Back,State,True,73.9841465291673,862
7116,4,280,,SM,R,14.223,,HAYNE ROAD,-122.37194369760023,37.54733593346092,100000.0,10000,107000,Back,Interstate,True,73.9841465291673,862
7122,4,280,,SM,R,18.524,,"MILLBRAE, LARKSPUR DRIVE",-122.41910973440639,37.59608746651021,100000.0,10100,108000,Back,Interstate,True,73.9841465291673,862
7146,4,280,,SM,R,3.337,,"WOODSIDE, JCT. RTE. 84",-122.24317986300258,37.43545959535275,100000.0,11000,108000,Back,Interstate,True,73.9841465291673,862
7541,4,680,,ALA,M,2.382,,"FREMONT, JCT. RTE. 262 WEST",-121.92289757509477,37.49544685327244,100000.0,8500,114000,Back,Interstate,True,73.9841465291673,862
8037,4,85,,SCL,R,17.699,,"CUPERTINO, STEVENS CREEK BOULEVARD",-122.04985685239014,37.32286603959705,100000.0,10600,105000,Back,State,True,73.9841465291673,862
7112,4,280,,SM,R,1.61,,SAND HILL ROAD,-122.21964916337994,37.419179127520216,100000.0,11000,108000,Ahead,Interstate,True,73.9841465291673,862
7114,4,280,,SM,R,12.319,,JCT. RTE. 35,-122.35581389331163,37.523129293266,100000.0,10000,107000,Ahead,Interstate,True,73.9841465291673,862
7120,4,280,,SM,R,17.921,,HILLCREST BOULEVARD; MILLBRAE AVENUE,-122.41231472847697,37.589216539964454,100000.0,10100,108000,Ahead,Interstate,True,73.9841465291673,862
7537,4,680,,ALA,M,0.125,,"FREMONT, SCOTT CREEK ROAD",-121.9053518058312,37.466294214066934,100000.0,8500,114000,Ahead,Interstate,True,73.9841465291673,862
8035,4,85,,SCL,R,15.867,,"CUPERTINO, SARATOGA-SUNNYVALE ROAD",-122.03213087748726,37.30107778355612,100000.0,10600,105000,Ahead,State,True,73.9841465291673,862
7118,4,280,,SM,R,17.16,,"HILLSBOROUGH, TROUSDALE DRIVE",-122.40345885253849,37.58078627915638,99000.0,9900,106000,Back,Interstate,True,73.7147914422041,873
7126,4,280,,SM,R,20.218,,"SAN BRUNO, WHITMAN WAY/ JENEVEIN AVENUE",-122.42416922485131,37.6173777056121,99000.0,9900,107000,Back,Interstate,True,73.7147914422041,873
7148,4,280,,SM,R,4.647,,FARM HILL BOULEVARD,-122.26286062676091,37.4439780328142,99000.0,10900,106000,Back,Interstate,True,73.7147914422041,873
7336,4,4,,CC,R,31.368,,LAUREL ROAD,-121.74441062947179,37.978820899778654,99000.0,7900,107000,Back,State,True,73.7147914422041,873
8045,4,85,,SCL,R,21.749,,"MOUNTAIN VIEW, JCT. RTE. 82",-122.06757539014075,37.37817153479707,99000.0,8700,110000,Back,State,True,73.7147914422041,873
8081,4,87,,SCL,,1.34,,CAPITOL EXPRESSWAY,-121.86289113100851,37.27424862068248,99000.0,8100,105000,Back,State,True,73.7147914422041,873
7116,4,280,,SM,R,14.223,,HAYNE ROAD,-122.37194369760023,37.54733593346092,99000.0,9900,106000,Ahead,Interstate,True,73.7147914422041,873
7124,4,280,,SM,R,19.278,,"SAN BRUNO, JCT. RTE. 35 NORTH",-122.42772106646666,37.604445196763315,99000.0,9900,107000,Ahead,Interstate,True,73.7147914422041,873
7146,4,280,,SM,R,3.337,,"WOODSIDE, JCT. RTE. 84",-122.24317986300258,37.43545959535275,99000.0,10900,106000,Ahead,Interstate,True,73.7147914422041,873
7334,4,4,,CC,R,30.439,,JCT. RTE. 160,-121.75871830361447,37.99038239698496,99000.0,7900,107000,Ahead,State,True,73.7147914422041,873
8043,4,85,,SCL,R,19.856,,"SUNNYVALE, FREMONT AVENUE",-122.06037708466621,37.351886245236855,99000.0,8700,110000,Ahead,State,True,73.7147914422041,873
8202,4,92,,ALA,R,0,,SAN MATEO/ALAMEDA COUNTY LINE,-122.19678246158443,37.604536425263575,99000.0,7500,104000,Ahead,State,True,73.7147914422041,873
6282,4,101,,SON,,12.682,,"COTATI, NORTH JCT. RTE. 116",-122.71268165759,38.331007277549396,98000.0,7900,105000,Back,US,True,73.48391565337849,885
6312,4,101,,SON,,23.3,,HOPPER AVENUE CONNECTIONS,-122.73485340202046,38.48110220265354,98000.0,8400,110000,Back,US,True,73.48391565337849,885
7063,4,280,,SCL,,20.613,,ALPINE ROAD,-122.19385552670826,37.40903397395288,98000.0,10800,106000,Back,Interstate,True,73.48391565337849,885
7102,4,280,,SM,M,26.877,L,"SB ON FR SB RTE 1, LEFT ALIGN",-122.47199211428479,37.70089077666359,98000.0,8100,103000,Back,Interstate,True,73.48391565337849,885
7104,4,280,,SM,M,27.165,L,"DALY CITY, JCT. RTE. 1 NORTH, LEFT ALIGN",-122.47176430961358,37.70496867784842,98000.0,8100,103000,Back,Interstate,True,73.48391565337849,885
8035,4,85,,SCL,R,15.867,,"CUPERTINO, SARATOGA-SUNNYVALE ROAD",-122.03213087748726,37.30107778355612,98000.0,9500,105000,Back,State,True,73.48391565337849,885
6280,4,101,,SON,,11.995,,"COTATI, SIERRA AVENUE",-122.71348912984269,38.321326282298706,98000.0,7900,105000,Ahead,US,True,73.48391565337849,885
6310,4,101,,SON,,22.814,,"SANTA ROSA, MENDOCINO AVENUE",-122.73099373650334,38.474619530859464,98000.0,8400,110000,Ahead,US,True,73.48391565337849,885
7061,4,280,,SCL,,18.379,,PAGE MILL ROAD,-122.16310742612309,37.38972439521819,98000.0,10800,106000,Ahead,Interstate,True,73.48391565337849,885
8033,4,85,,SCL,R,13.684,,"SARATOGA, SARATOGA AVENUE",-122.00729027068702,37.27689034581954,98000.0,9500,105000,Ahead,State,True,73.48391565337849,885
6955,4,238,,ALA,,16.696,,JCT. RTE. 880,-122.13740663213265,37.69078036995468,97000.0,9300,99000,Back,State,True,73.24919193473912,895
7150,4,280,,SM,R,5.6,,1-MI. S/O CANADA ROAD,-122.27776463762349,37.44987274735296,97000.0,10700,104000,Back,Interstate,True,73.24919193473912,895
7766,4,80,,SF,,5.588,R,"FIRST/HARRISON STREETS, BAY BRIDGE CONNECTIONS",-122.39198372459012,37.78530192334623,97000.0,6600,106000,Back,Interstate,True,73.24919193473912,895
8041,4,85,,SCL,R,18.861,,"CUPERTINO, HOMESTEAD ROAD",-122.05950376320823,37.33757048995043,97000.0,9500,105000,Back,State,True,73.24919193473912,895
8206,4,92,,ALA,R,4.477,,"HAYWARD, CLAWITER ROAD",-122.1211057796308,37.628068391378726,97000.0,7100,97000,Back,State,True,73.24919193473912,895
8222,4,92,,SM,R,11.606,,"SAN MATEO, SOUTH DELAWARE STREET CONNECTIONS",-122.30557922676627,37.552433716200625,97000.0,8600,108000,Back,State,True,73.24919193473912,895
6953,4,238,,ALA,,16.279,,"SAN LEANDRO, HESPERIAN BOULEVARD",-122.12994431449106,37.69092997810134,97000.0,9300,99000,Ahead,State,True,73.24919193473912,895
7148,4,280,,SM,R,4.647,,FARM HILL BOULEVARD,-122.26286062676091,37.4439780328142,97000.0,10700,104000,Ahead,Interstate,True,73.24919193473912,895
8039,4,85,,SCL,R,18.448,,"SUNNYVALE, JCT. RTE. 280",-122.0556569355148,37.33248875888688,97000.0,9500,105000,Ahead,State,True,73.24919193473912,895
8210,4,92,,ALA,R,5.757,,"HAYWARD, HESPERIAN BOULEVARD",-122.0999747882542,37.63623297550019,97000.0,7100,97000,Ahead,State,True,73.24919193473912,895
8220,4,92,,SM,R,11.208,,JCT. RTE. 82,-122.31197946534913,37.550207623367925,97000.0,8600,108000,Ahead,State,True,73.24919193473912,895
175,4,880,,ALA,R,33.92,,BEG INDEP ALIGN,-122.30228205483901,37.81310820786288,96000.0,6400,98000,Back,Interstate,True,73.0567954440511,906
7114,4,280,,SM,R,12.319,,JCT. RTE. 35,-122.35581389331163,37.523129293266,96000.0,9600,103000,Back,Interstate,True,73.0567954440511,906
6927,4,237,,SCL,R,5.834,,GREAT AMERICA PARKWAY,-121.97788942743237,37.41543270673667,96000.0,10000,148000,Ahead,State,True,73.0567954440511,906
7152,4,280,,SM,,10.866,,JCT. RTE. 92,-122.33894751181258,37.50739500300121,96000.0,11300,104000,Ahead,Interstate,True,73.0567954440511,906
6336,4,101,,SON,,7.651,,"PETALUMA, OLD REDWOOD HIGHWAY",-122.66985366703753,38.27208763016166,95000.0,7600,101000,Back,US,True,72.9028782515007,910
8039,4,85,,SCL,R,18.448,,"SUNNYVALE, JCT. RTE. 280",-122.0556569355148,37.33248875888688,95000.0,9200,102000,Back,State,True,72.9028782515007,910
8047,4,85,,SCL,R,22.163,,JCT. RTE. 237,-122.06821050892809,37.38427746664953,95000.0,9200,102000,Back,State,True,72.9028782515007,910
6334,4,101,,SON,,4.76,,"PETALUMA, EAST WASHINGTON STREET",-122.62761281535477,38.24691716533192,95000.0,7600,101000,Ahead,US,True,72.9028782515007,910
8037,4,85,,SCL,R,17.699,,"CUPERTINO, STEVENS CREEK BOULEVARD",-122.04985685239014,37.32286603959705,95000.0,9200,102000,Ahead,State,True,72.9028782515007,910
8045,4,85,,SCL,R,21.749,,"MOUNTAIN VIEW, JCT. RTE. 82",-122.06757539014075,37.37817153479707,95000.0,9200,102000,Ahead,State,True,72.9028782515007,910
6749,4,17,,SCL,,9.354,,"LOS GATOS, JCT RTE 85",-121.9558313764792,37.255685435774424,94000.0,8000,106000,Back,State,True,72.73741726950901,916
6805,4,1,,SF,R,0.105,,"SAN FRANCISCO, ALEMANY BOULEVARD",-122.47103094477856,37.70966919115807,94000.0,6900,96000,Back,State,True,72.73741726950901,916
7098,4,280,,SF,T,7.07,,"SAN FRANCISCO, 4TH STREET",-122.3969342269332,37.76886493517243,94000.0,7100,97000,Back,Interstate,True,72.73741726950901,916
7485,4,580,,CC,R,2.087,,"RICHMOND, ERLANDSON STREET",-122.3331890835676,37.92036790726718,94000.0,6700,99000,Back,Interstate,True,72.73741726950901,916
6747,4,17,,SCL,,8.885,,LARK AVENUE,-121.95938549352718,37.24951753029997,94000.0,8000,106000,Ahead,State,True,72.73741726950901,916
7096,4,280,,SF,R,6.603,,"SAN FRANCISCO, MARIPOSA STREET",-122.39258599737744,37.76283142972646,94000.0,7100,97000,Ahead,Interstate,True,72.73741726950901,916
7499,4,580,,CC,,1.214,,"RICHMOND, BAYVIEW AVENUE/ 51ST STREET",-122.32391571649916,37.91228174408696,94000.0,6700,99000,Ahead,Interstate,True,72.73741726950901,916
6178,4,101,,SF,R,9.561,,GOLDEN GATE BRIDGE,-122.47339412662681,37.80518958343213,93000.0,7500,7400,Back,US,True,72.54886870863476,923
7487,4,580,,CC,R,2.887,,"RICHMOND, SOUTH 23RD STREET",-122.34756587857984,37.92192112074856,93000.0,7100,100000,Back,Interstate,True,72.54886870863476,923
6811,4,1,,SF,R,0,,SAN MATEO/SAN FRANCISCO COUNTY LINE,-122.47103943655296,37.70828231915286,93000.0,5800,97000,Ahead,State,True,72.54886870863476,923
7485,4,580,,CC,R,2.087,,"RICHMOND, ERLANDSON STREET",-122.3331890835676,37.92036790726718,93000.0,6600,98000,Ahead,Interstate,True,72.54886870863476,923
6050,4,101,,MRN,,0.318,,SAUSALITO ROAD,-122.48464665653937,37.83561424236874,92000.0,7400,7400,Back,US,True,72.35647221794675,927
6334,4,101,,SON,,4.76,,"PETALUMA, EAST WASHINGTON STREET",-122.62761281535477,38.24691716533192,92000.0,7300,98000,Back,US,True,72.35647221794675,927
7105,4,280,,SM,M,27.165,R,"DALY CITY, JCT. RTE. 1 NORTH, RIGHT ALIGN",-122.4710776553767,37.70500918038011,92000.0,7500,96000,Back,Interstate,True,72.35647221794675,927
7764,4,80,,SF,,5.454,L,"SAN FRANCISCO, FOURTH/FIFTH STREETS, BAY BRIDGE CONNECTIONS",-122.3939856085227,37.7842567410187,92000.0,6200,95000,Back,Interstate,True,72.35647221794675,927
7765,4,80,,SF,,5.588,L,"FIRST/HARRISON STREETS, BAY BRIDGE CONNECTIONS",-122.39198372459012,37.78530192334623,92000.0,6200,95000,Back,Interstate,True,72.35647221794675,927
6052,4,101,,MRN,,0,,GOLDEN GATE BRIDGE,-122.48094756937085,37.8324582986192,92000.0,7400,7400,Ahead,US,True,72.35647221794675,927
6324,4,101,,SON,,3.664,,"PETALUMA, SOUTH JCT. RTE. 116 EAST",-122.61801684350483,38.23333777422157,92000.0,7300,98000,Ahead,US,True,72.35647221794675,927
7103,4,280,,SM,M,26.877,R,"BEGIN RIGHT ALIGN, RIGHT ALIGN",-122.47136530132057,37.7009430807372,92000.0,7500,96000,Ahead,Interstate,True,72.35647221794675,927
7763,4,80,,SF,,5.044,L,"BEGIN LEFT ALIGN, WB OFF TO 5TH\HARRISON",-122.3993074627261,37.78021570602699,92000.0,6200,95000,Ahead,Interstate,True,72.35647221794675,927
165,4,280,,SM,R,6.601,,CANADA ROAD,-122.29021738323092,37.4598805460429,91000.0,10000,98000,Back,Interstate,True,72.16407572725873,936
6316,4,101,,SON,,25.902,,FULTON ROAD,-122.7698657567503,38.506825431402746,91000.0,7700,102000,Back,US,True,72.16407572725873,936
6318,4,101,,SON,,26.326,,AIRPORT BOULEVARD,-122.77566738318069,38.511452228065885,91000.0,7300,95000,Back,US,True,72.16407572725873,936
6845,4,1,,SM,R,48.558,,SAN MATEO/SAN FRANCISCO COUNTY LINE,-122.47103943655296,37.70828231915286,91000.0,5800,96000,Back,State,True,72.16407572725873,936
7065,4,280,,SCL,,20.625,,SANTA CLARA/SAN MATEO COUNTY LINE,-122.19411021526098,37.40911177570131,91000.0,10000,98000,Back,Interstate,True,72.16407572725873,936
7110,4,280,,SM,R,1.56,,JCT RTE 114 (UNC),-122.21874779831545,37.419027966127246,91000.0,10000,98000,Back,Interstate,True,72.16407572725873,936
7112,4,280,,SM,R,1.61,,SAND HILL ROAD,-122.21964916337994,37.419179127520216,91000.0,10000,98000,Back,Interstate,True,72.16407572725873,936
7154,4,280,,SM,,6.654,,EDGEWOOD ROAD,-122.29215302359782,37.468315316422974,91000.0,10000,98000,Back,Interstate,True,72.16407572725873,936
165,4,280,,SM,R,6.601,,CANADA ROAD,-122.29021738323092,37.4598805460429,91000.0,10000,98000,Ahead,Interstate,True,72.16407572725873,936
6314,4,101,,SON,,24.864,,RIVER ROAD,-122.75622934151717,38.49629274382014,91000.0,7700,102000,Ahead,US,True,72.16407572725873,936
6316,4,101,,SON,,25.902,,FULTON ROAD,-122.7698657567503,38.506825431402746,91000.0,7300,95000,Ahead,US,True,72.16407572725873,936
6843,4,1,,SM,R,48.359,,NORTH JCT. RTE. 280,-122.47143793999275,37.70500669925596,91000.0,6000,96000,Ahead,State,True,72.16407572725873,936
7063,4,280,,SCL,,20.613,,ALPINE ROAD,-122.19385552670826,37.40903397395288,91000.0,10000,98000,Ahead,Interstate,True,72.16407572725873,936
7108,4,280,,SM,R,0,,SANTA CLARA/SAN MATEO COUNTY LINE,-122.19411021526098,37.40911177570131,91000.0,10000,98000,Ahead,Interstate,True,72.16407572725873,936
7110,4,280,,SM,R,1.56,,JCT RTE 114 (UNC),-122.21874779831545,37.419027966127246,91000.0,10000,98000,Ahead,Interstate,True,72.16407572725873,936
7150,4,280,,SM,R,5.6,,1-MI. S/O CANADA ROAD,-122.27776463762349,37.44987274735296,91000.0,10000,98000,Ahead,Interstate,True,72.16407572725873,936
8230,4,92,,SM,R,13.831,,FOSTER CITY BOULEVARD,-122.27042480257595,37.566171079611,90000.0,6800,96000,Ahead,State,True,72.04863783284593,952
6807,4,1,,SF,R,0.312,,BROTHERHOOD WAY/STANLEY DRIVE,-122.47112887282262,37.71255687656562,89000.0,6500,92000,Back,State,True,71.87163306141296,953
6925,4,237,,SCL,R,4.599,,"SUNNYVALE, LAWRENCE EXPRESSWAY",-121.9986359946646,37.4091611788955,89000.0,8600,96000,Back,State,True,71.87163306141296,953
7152,4,280,,SM,,10.866,,JCT. RTE. 92,-122.33894751181258,37.50739500300121,89000.0,10400,97000,Back,Interstate,True,71.87163306141296,953
7481,4,580,,ALA,,48.044,,ALAMEDA/CONTRA COSTA COUNTY LINE(RICHMOND SOUTH CITY) RICHMOND CENTRAL AVENUE,-122.3118223580908,37.89748132845418,89000.0,6300,94000,Back,Interstate,True,71.87163306141296,953
7495,4,580,,CC,,0.236,,CENTRAL AVENUE,-122.31392164634961,37.90008348032313,89000.0,6300,94000,Back,Interstate,True,71.87163306141296,953
7499,4,580,,CC,,1.214,,"RICHMOND, BAYVIEW AVENUE/ 51ST STREET",-122.32391571649916,37.91228174408696,89000.0,6300,94000,Back,Interstate,True,71.87163306141296,953
8031,4,85,,SCL,R,10.997,,"LOS GATOS, WINCHESTER BLVD.",-121.96423346845191,37.258735028938574,89000.0,7600,83000,Back,State,True,71.87163306141296,953
8063,4,85,,SCL,,1.973,,"SAN JOSE, COTTLE ROAD",-121.80404064621635,37.24302166181291,89000.0,8600,95000,Back,State,True,71.87163306141296,953
8208,4,92,,ALA,R,5.121,,INDUSTRIAL BOULEVARD,-122.11030502505106,37.63200555725967,89000.0,6500,89000,Back,State,True,71.87163306141296,953
6805,4,1,,SF,R,0.105,,"SAN FRANCISCO, ALEMANY BOULEVARD",-122.47103094477856,37.70966919115807,89000.0,6500,92000,Ahead,State,True,71.87163306141296,953
6923,4,237,,SCL,R,3.972,,"SUNNYVALE, FAIR OAKS AVENUE",-122.00970273051851,37.40670273036262,89000.0,8600,96000,Ahead,State,True,71.87163306141296,953
7154,4,280,,SM,,6.654,,EDGEWOOD ROAD,-122.29215302359782,37.468315316422974,89000.0,9800,96000,Ahead,Interstate,True,71.87163306141296,953
7434,4,580,,ALA,R,47.35,,"ALBANY, NORTH JCT. RTE. 80",-122.30850814422429,37.888305788395364,89000.0,6300,94000,Ahead,Interstate,True,71.87163306141296,953
7495,4,580,,CC,,0.236,,CENTRAL AVENUE,-122.31392164634961,37.90008348032313,89000.0,6300,94000,Ahead,Interstate,True,71.87163306141296,953
7497,4,580,,CC,,0,,ALAMEDA/CONTRA COSTA COUNTY LINE(RICHMOND SOUTH CITY) RICHMOND CENTRAL AVENUE,-122.3118223580908,37.89748132845418,89000.0,6300,94000,Ahead,Interstate,True,71.87163306141296,953
8029,4,85,,SCL,R,10.498,,JCT. RTE. 17,-121.95589573807435,37.25588213388993,89000.0,7600,83000,Ahead,State,True,71.87163306141296,953
8059,4,85,,SCL,,0.79,,"SAN JOSE, GREAT OAKS BOULEVARD",-121.78326900790285,37.24018280022199,89000.0,8600,95000,Ahead,State,True,71.87163306141296,953
8206,4,92,,ALA,R,4.477,,"HAYWARD, CLAWITER ROAD",-122.1211057796308,37.628068391378726,89000.0,6500,89000,Ahead,State,True,71.87163306141296,953
6080,4,101,,MRN,,3.334,,WALDO UC,-122.50711197848955,37.87148624031079,88000.0,7100,100000,Back,US,True,71.60612590426351,971
8256,4,980,,ALA,,0.702,,"OAKLAND, FOURTEENTH STREET",-122.27781490195689,37.806873571914046,88000.0,6400,91000,Back,Interstate,True,71.60612590426351,971
6076,4,101,,MRN,,2.48,,"SAUSALITO, RODEO AVENUE CONNECTION",-122.50129244055073,37.86004190863897,88000.0,7100,100000,Ahead,US,True,71.60612590426351,971
8254,4,980,,ALA,,0.009,,"OAKLAND, JCT. RTE. 880",-122.27616612510127,37.79914822373757,88000.0,6400,91000,Ahead,Interstate,True,71.60612590426351,971
6048,4,101,,MRN,R,22,,ATHERTON AVENUE,-122.5649634684138,38.11762297633349,87000.0,6900,93000,Back,US,True,71.42527320301679,975
6076,4,101,,MRN,,2.48,,"SAUSALITO, RODEO AVENUE CONNECTION",-122.50129244055073,37.86004190863897,87000.0,7000,98000,Back,US,True,71.42527320301679,975
7489,4,580,,CC,R,3.6,,"RICHMOND, HARBOUR WAY/ CUTTING BOULEVARD",-122.3600665852403,37.92369296285578,87000.0,6800,95000,Back,Interstate,True,71.42527320301679,975
8210,4,92,,ALA,R,5.757,,"HAYWARD, HESPERIAN BOULEVARD",-122.0999747882542,37.63623297550019,87000.0,6400,87000,Back,State,True,71.42527320301679,975
6046,4,101,,MRN,R,21.111,,"NOVATO, DE LONG AVENUE",-122.56208138192817,38.10502342926548,87000.0,6900,93000,Ahead,US,True,71.42527320301679,975
6054,4,101,,MRN,,1.677,,"SAUSALITO, SPENCER AVENUE/ MONTE MAR",-122.49234462922944,37.85286577323338,87000.0,7000,98000,Ahead,US,True,71.42527320301679,975
7487,4,580,,CC,R,2.887,,"RICHMOND, SOUTH 23RD STREET",-122.34756587857984,37.92192112074856,87000.0,6600,94000,Ahead,Interstate,True,71.42527320301679,975
8208,4,92,,ALA,R,5.121,,INDUSTRIAL BOULEVARD,-122.11030502505106,37.63200555725967,87000.0,6400,87000,Ahead,State,True,71.42527320301679,975
6054,4,101,,MRN,,1.677,,"SAUSALITO, SPENCER AVENUE/ MONTE MAR",-122.49234462922944,37.85286577323338,85000.0,6900,96000,Back,US,True,71.08665537940588,983
6809,4,1,,SF,R,0.68,,"SAN FRANCISCO, 19TH AVENUE/ JUNIPERO SERRA BOULEVARD",-122.47255169284158,37.717257527510185,85000.0,6200,86000,Back,State,True,71.08665537940588,983
7436,4,580,,ALA,R,5.933,L,"NORTH FLYNN ROAD, END LEFT ALIGN",-121.66050221834415,37.7192687119203,85000.0,6000,90000,Back,Interstate,True,71.08665537940588,983
6050,4,101,,MRN,,0.318,,SAUSALITO ROAD,-122.48464665653937,37.83561424236874,85000.0,6900,96000,Ahead,US,True,71.08665537940588,983
6175,4,101,,SF,R,4.241,R,"SAN FRANCISCO, JCT. RTE. 80, RIGHT ALIGN",-122.40505666796807,37.7661691244409,85000.0,6100,90000,Ahead,US,True,71.08665537940588,983
6807,4,1,,SF,R,0.312,,BROTHERHOOD WAY/STANLEY DRIVE,-122.47112887282262,37.71255687656562,85000.0,6200,89000,Ahead,State,True,71.08665537940588,983
7384,4,580,,ALA,R,1.622,L,BEGIN LEFT ALIGN,-121.58800842015576,37.739916960362216,85000.0,6000,90000,Ahead,Interstate,True,71.08665537940588,983
7088,4,280,,SF,R,4.341,L,"JCT RTE 101, LEFT ALIGN",-122.4068578134689,37.73532423233324,84000.0,6400,87000,Back,Interstate,True,70.90580267815915,990
8260,4,980,,ALA,,2.036,,"OAKLAND, JCT. RTE. 580",-122.26804083640694,37.82422915839425,84000.0,8200,117000,Back,Interstate,True,70.90580267815915,990
7087,4,280,,SF,R,4.009,L,BEGIN LEFT ALIGN,-122.41231951290419,37.73339920940562,84000.0,6400,87000,Ahead,Interstate,True,70.90580267815915,990
6320,4,101,,SON,,27.618,,SHILOH ROAD,-122.78992521160488,38.52581913924848,83000.0,7100,94000,Back,US,True,70.62490380175466,993
6923,4,237,,SCL,R,3.972,,"SUNNYVALE, FAIR OAKS AVENUE",-122.00970273051851,37.40670273036262,83000.0,8100,90000,Back,State,True,70.62490380175466,993
7437,4,580,,ALA,R,5.98,R,"NORTH FLYNN ROAD, RIGHT ALIGN",-121.66066263230105,37.71941227165749,83000.0,5800,87000,Back,Interstate,True,70.62490380175466,993
7438,4,580,,ALA,R,6.053,R,END RIGHT ALIGN,-121.66189646025896,37.71903979072685,83000.0,5800,87000,Back,Interstate,True,70.62490380175466,993
6318,4,101,,SON,,26.326,,AIRPORT BOULEVARD,-122.77566738318069,38.511452228065885,83000.0,7100,94000,Ahead,US,True,70.62490380175466,993
6939,4,237,,SCL,,2.99,,"SUNNYVALE, MATHILDA AVENUE",-122.02696992951755,37.40306147193844,83000.0,8100,90000,Ahead,State,True,70.62490380175466,993
7385,4,580,,ALA,R,1.622,R,BEGIN RIGHT ALIGN,-121.58806026282913,37.74022121136833,83000.0,5800,87000,Ahead,Interstate,True,70.62490380175466,993
7437,4,580,,ALA,R,5.98,R,"NORTH FLYNN ROAD, RIGHT ALIGN",-121.66066263230105,37.71941227165749,83000.0,5800,87000,Ahead,Interstate,True,70.62490380175466,993
6298,4,101,,SON,,2.232,,KASTANIA ROAD,-122.60326187482596,38.216484789312595,82000.0,6500,87000,Back,US,True,70.36709250423272,1001
6300,4,101,,SON,,2.925,,SOUTH PETALUMA,-122.61197962760299,38.2239532691412,82000.0,6500,87000,Back,US,True,70.36709250423272,1001
6747,4,17,,SCL,,8.885,,LARK AVENUE,-121.95938549352718,37.24951753029997,82000.0,6900,92000,Back,State,True,70.36709250423272,1001
7491,4,580,,CC,R,4.643,,"RICHMOND, CANAL BOULEVARD",-122.37789229649589,37.92725687023239,82000.0,6400,89000,Back,Interstate,True,70.36709250423272,1001
6298,4,101,,SON,,2.232,,KASTANIA ROAD,-122.60326187482596,38.216484789312595,82000.0,6500,87000,Ahead,US,True,70.36709250423272,1001
6745,4,17,,SCL,,7.073,,"LOS GATOS, JCT. RTE. 9 WEST",-121.97496939610916,37.22658262135076,82000.0,6900,92000,Ahead,State,True,70.36709250423272,1001
7489,4,580,,CC,R,3.6,,"RICHMOND, HARBOUR WAY/ CUTTING BOULEVARD",-122.3600665852403,37.92369296285578,82000.0,6400,89000,Ahead,Interstate,True,70.36709250423272,1001
7031,4,262,,ALA,R,1.07,,"FREMONT, JCT. RTE. 680",-121.92319645087801,37.495469507229494,81000.0,5600,83000,Back,State,True,70.13236878559334,1008
7320,4,4,,CC,R,14.668,,"CONCORD, JCT. RTE. 242",-122.03632565143631,38.0057632903554,81000.0,6100,87000,Back,State,True,70.13236878559334,1008
7356,4,4,,CC,,12.667,,JCT. RTE. 680,-122.06982101575598,37.994539740181835,81000.0,6000,87000,Back,State,True,70.13236878559334,1008
7501,4,580,,CC,,6.007,,"RICHMOND, WESTERN DRIVE",-122.40123707360081,37.93216411837576,81000.0,6500,89000,Back,Interstate,True,70.13236878559334,1008
8103,4,880,S,ALA,,1.257,R,END RIGHT ALIGN AT WB 80,-122.31223356730197,37.82501794093433,81000.0,7500,82000,Back,Interstate,True,70.13236878559334,1008
6078,4,101,,MRN,,26.9,,SAN ANTONIO ROAD,-122.59416253478426,38.17672420344727,81000.0,6400,86000,Ahead,US,True,70.13236878559334,1008
7316,4,4,,CC,R,11.4,,PACHECO BLVD,-122.08178696341265,37.991327942384146,81000.0,6000,86000,Ahead,State,True,70.13236878559334,1008
7318,4,4,,CC,R,13.65,,SOLANO WAY,-122.05338030903916,38.00083562620657,81000.0,6100,87000,Ahead,State,True,70.13236878559334,1008
7493,4,580,,CC,R,5.428,,"RICHMOND, CASTRO/MARINE STREET",-122.39123057885256,37.93111578452487,81000.0,6300,88000,Ahead,Interstate,True,70.13236878559334,1008
8100,4,880,S,ALA,,0,R,"SANTA CLARA/ALAMEDA COUNTY LINE, RIGHT ALIGN",-122.30061539162777,37.81425072230333,81000.0,7500,82000,Ahead,Interstate,True,70.13236878559334,1008
6116,4,101,,SCL,R,4.942,,MONTEREY ROAD,-121.55829944128396,36.98664396510818,80000.0,5800,84000,Back,US,True,69.91303678620902,1018
6324,4,101,,SON,,3.664,,"PETALUMA, SOUTH JCT. RTE. 116 EAST",-122.61801684350483,38.23333777422157,80000.0,6300,85000,Back,US,True,69.91303678620902,1018
6927,4,237,,SCL,R,5.834,,GREAT AMERICA PARKWAY,-121.97788942743237,37.41543270673667,80000.0,7700,86000,Back,State,True,69.91303678620902,1018
6124,4,101,,SCL,,3.16,,JCT. RTE. 25 EAST,-121.55096122050895,36.96130520289546,80000.0,5800,84000,Ahead,US,True,69.91303678620902,1018
6300,4,101,,SON,,2.925,,SOUTH PETALUMA,-122.61197962760299,38.2239532691412,80000.0,6300,85000,Ahead,US,True,69.91303678620902,1018
6925,4,237,,SCL,R,4.599,,"SUNNYVALE, LAWRENCE EXPRESSWAY",-121.9986359946646,37.4091611788955,80000.0,7700,86000,Ahead,State,True,69.91303678620902,1018
6665,4,13,,ALA,R,9.621,,"OAKLAND, JCT. RTE. 24",-122.2281230325405,37.84873532059727,79000.0,8200,82000,Back,State,True,69.72448822533477,1024
8075,4,87,,SCL,T,8.755,,AIRPORT PARKWAY,-121.92393183063425,37.36824582458142,79000.0,7700,85000,Back,State,True,69.72448822533477,1024
6693,4,13,,ALA,,9.066,,"OAKLAND, BROADWAY TERRACE",-122.22461736882231,37.84160303980835,79000.0,8200,82000,Ahead,State,True,69.72448822533477,1024
8095,4,87,,SCL,,6.69,,W. TAYLOR,-121.9020897858793,37.344501422092804,79000.0,7700,85000,Ahead,State,True,69.72448822533477,1024
6078,4,101,,MRN,,26.9,,SAN ANTONIO ROAD,-122.59416253478426,38.17672420344727,78000.0,6200,83000,Back,US,True,69.51285208557796,1028
6118,4,101,,SCL,R,6.08,,"GILROY, JCT. RTE. 152 EAST",-121.55632551382135,37.003077575725605,78000.0,5800,80000,Back,US,True,69.51285208557796,1028
7318,4,4,,CC,R,13.65,,SOLANO WAY,-122.05338030903916,38.00083562620657,78000.0,5800,83000,Back,State,True,69.51285208557796,1028
8051,4,85,,SCL,R,23.435,,"MOUNTAIN VIEW, MOFFETT BOULEVARD",-122.069772256999,37.40290422591611,78000.0,21900,84000,Back,State,True,69.51285208557796,1028
8104,4,880,S,ALA,,1.463,L,END LEFT ALIGN,-122.31793937852582,37.823110876782195,78000.0,7200,80000,Back,Interstate,True,69.51285208557796,1028
6048,4,101,,MRN,R,22,,ATHERTON AVENUE,-122.5649634684138,38.11762297633349,78000.0,6200,83000,Ahead,US,True,69.51285208557796,1028
6116,4,101,,SCL,R,4.942,,MONTEREY ROAD,-121.55829944128396,36.98664396510818,78000.0,5800,80000,Ahead,US,True,69.51285208557796,1028
7356,4,4,,CC,,12.667,,JCT. RTE. 680,-122.06982101575598,37.994539740181835,78000.0,5800,83000,Ahead,State,True,69.51285208557796,1028
8049,4,85,,SCL,R,22.629,,"MOUNTAIN VIEW, EVELYN AVENUE",-122.06842905017209,37.39104218674387,78000.0,21900,84000,Ahead,State,True,69.51285208557796,1028
8099,4,880,S,ALA,,0,L,"PORT OF OAKLAND CONNECTION, BEGIN LEFT ALIGN ",-122.30039509866896,37.81508637192297,78000.0,7200,80000,Ahead,Interstate,True,69.51285208557796,1028
7513,4,580,,MRN,,3.087,,WB OFF TO SIR FRANCIS DRAKE BLVD,-122.48435198487165,37.944991306475885,77000.0,6300,84000,Back,Interstate,True,69.22810527935971,1038
8049,4,85,,SCL,R,22.629,,"MOUNTAIN VIEW, EVELYN AVENUE",-122.06842905017209,37.39104218674387,77000.0,7500,83000,Back,State,True,69.22810527935971,1038
7511,4,580,,MRN,,2.633,,"SAN RAFAEL, SAN QUENTIN",-122.48026978509907,37.94348614772335,77000.0,6700,84000,Ahead,Interstate,True,69.22810527935971,1038
8047,4,85,,SCL,R,22.163,,JCT. RTE. 237,-122.06821050892809,37.38427746664953,77000.0,7500,83000,Ahead,State,True,69.22810527935971,1038
6841,4,1,,SM,R,47.802,,SOUTH JCT. RTE. 280,-122.47133808326579,37.67796229360856,76000.0,6400,87000,Back,State,True,68.9587501923965,1042
6843,4,1,,SM,R,48.359,,NORTH JCT. RTE. 280,-122.47143793999275,37.70500669925596,76000.0,6400,87000,Back,State,True,68.9587501923965,1042
7503,4,580,,CC,,6.125,,"RICHMOND, TOLL PLAZA EAST END RICHMOND/SAN RAFAEL BRIDGE",-122.40333080577959,37.93248685033203,76000.0,6200,83000,Back,Interstate,True,68.9587501923965,1042
7655,4,680,,SOL,R,1.461,,"BENCIA, INDUSTRIAL WAY",-122.12643376842931,38.06988183071904,76000.0,6300,87000,Back,Interstate,True,68.9587501923965,1042
6839,4,1,,SM,R,47.272,,"DALY CITY, CLARINADA AVENUE",-122.47622581313342,37.671367310773185,76000.0,6400,87000,Ahead,State,True,68.9587501923965,1042
6841,4,1,,SM,R,47.802,,SOUTH JCT. RTE. 280,-122.47133808326579,37.67796229360856,76000.0,6400,87000,Ahead,State,True,68.9587501923965,1042
7501,4,580,,CC,,6.007,,"RICHMOND, WESTERN DRIVE",-122.40123707360081,37.93216411837576,76000.0,6100,84000,Ahead,Interstate,True,68.9587501923965,1042
7653,4,680,,SOL,R,1.002,,"BENICIA, BAYSHORE ROAD",-122.13090453896959,38.06426935834496,76000.0,6300,87000,Ahead,Interstate,True,68.9587501923965,1042
6693,4,13,,ALA,,9.066,,"OAKLAND, BROADWAY TERRACE",-122.22461736882231,37.84160303980835,75000.0,7700,78000,Back,State,True,68.6970909650608,1050
7089,4,280,,SF,R,4.341,R,"SAN FRANCISCO, JCT. RTE. 101, BEGIN RIGHT ALIGN",-122.40675416046153,37.73521147360759,75000.0,5700,77000,Back,Interstate,True,68.6970909650608,1050
6691,4,13,,ALA,,8.3,,"OAKLAND, MORAGA AVENUE",-122.21640105563688,37.832269972518276,75000.0,7700,78000,Ahead,State,True,68.6970909650608,1050
7088,4,280,,SF,R,4.341,L,"JCT RTE 101, LEFT ALIGN",-122.4068578134689,37.73532423233324,75000.0,5700,77000,Ahead,Interstate,True,68.6970909650608,1050
6581,4,12,,SON,R,16.039,,"SANTA ROSA, JCT. RTE. 101",-122.71535668779251,38.43103890036384,74000.0,7600,77000,Back,State,True,68.3969524395875,1054
7288,4,37,,SOL,,10.94,,"VALLEJO, FAIRGROUNDS DRIVE",-122.23291632342061,38.14124955714911,74000.0,5800,77000,Back,State,True,68.3969524395875,1054
7314,4,4,,CC,R,11.126,,MILANO WAY,-122.08683878404166,37.99098620437041,74000.0,5600,80000,Back,State,True,68.3969524395875,1054
7316,4,4,,CC,R,11.4,,PACHECO BLVD,-122.08178696341265,37.991327942384146,74000.0,5700,80000,Back,State,True,68.3969524395875,1054
7505,4,580,,CC,,7.786,,CONTRA COSTA/MARIN COUNTY LINE,-122.43381864286735,37.93438416535621,74000.0,6100,81000,Back,Interstate,True,68.3969524395875,1054
7973,4,84,,ALA,,6.923,,NORTH JCT. RTE. 880,-122.02288513990202,37.54673014571604,74000.0,4000,74000,Back,State,True,68.3969524395875,1054
6579,4,12,,SON,R,15.3,,"SANTA ROSA, DUTTON AVENUE",-122.72640468389126,38.43291140799406,74000.0,7600,77000,Ahead,State,True,68.3969524395875,1054
7286,4,37,,SOL,R,9.665,,JCT. RTE. 29,-122.25599031595954,38.13993579481515,74000.0,5800,77000,Ahead,State,True,68.3969524395875,1054
7503,4,580,,CC,,6.125,,"RICHMOND, TOLL PLAZA EAST END RICHMOND/SAN RAFAEL BRIDGE",-122.40333080577959,37.93248685033203,74000.0,6100,81000,Ahead,Interstate,True,68.3969524395875,1054
7509,4,580,,MRN,,2.477,,"SAN RAFAEL, WEST END RICHMOND-SAN RAFAEL BRIDGE",-122.47777782616157,37.942626492414774,73000.0,6100,78000,Back,Interstate,True,68.11605356318302,1063
7511,4,580,,MRN,,2.633,,"SAN RAFAEL, SAN QUENTIN",-122.48026978509907,37.94348614772335,73000.0,6300,80000,Back,Interstate,True,68.11605356318302,1063
8059,4,85,,SCL,,0.79,,"SAN JOSE, GREAT OAKS BOULEVARD",-121.78326900790285,37.24018280022199,73000.0,7100,79000,Back,State,True,68.11605356318302,1063
7507,4,580,,MRN,,0,,CONTRA COSTA/MARIN COUNTY LINE,-122.43381864286735,37.93438416535621,73000.0,5900,79000,Ahead,Interstate,True,68.11605356318302,1063
7509,4,580,,MRN,,2.477,,"SAN RAFAEL, WEST END RICHMOND-SAN RAFAEL BRIDGE",-122.47777782616157,37.942626492414774,73000.0,6100,78000,Ahead,Interstate,True,68.11605356318302,1063
8057,4,85,,SCL,,0.181,,"SAN JOSE, BERNAL ROAD",-121.77232004387766,37.241798906321044,73000.0,7100,79000,Ahead,State,True,68.11605356318302,1063
7661,4,680,,SOL,R,5.023,,PARISH ROAD,-122.10613520360567,38.11587964896148,72000.0,6000,82000,Back,Interstate,True,67.91211328305373,1069
7665,4,680,,SOL,,13.126,,"CORDELIA WYE, JCT. RTE. 80",-122.13784050044856,38.21676695056831,72000.0,5800,78000,Back,Interstate,True,67.91211328305373,1069
8097,4,87,,SCL,,9.22,,JCT. RTE. 101,-121.92796809505475,37.373796844779555,72000.0,7000,77000,Back,State,True,67.91211328305373,1069
7657,4,680,,SOL,R,10.018,,GOLD HILL ROAD,-122.13418678269346,38.18284288437592,72000.0,5800,78000,Ahead,Interstate,True,67.91211328305373,1069
7659,4,680,,SOL,R,2.819,,LAKE HERMAN ROAD,-122.11182436365739,38.085789859151156,72000.0,6000,82000,Ahead,Interstate,True,67.91211328305373,1069
7979,4,84,,SM,R,28.194,,JCT. RTE. 109,-122.14260970480099,37.4863967829495,72000.0,7500,75000,Ahead,State,True,67.91211328305373,1069
8075,4,87,,SCL,T,8.755,,AIRPORT PARKWAY,-121.92393183063425,37.36824582458142,72000.0,7000,77000,Ahead,State,True,67.91211328305373,1069
7653,4,680,,SOL,R,1.002,,"BENICIA, BAYSHORE ROAD",-122.13090453896959,38.06426935834496,71000.0,5900,80000,Back,Interstate,True,67.58119131907034,1076
7659,4,680,,SOL,R,2.819,,LAKE HERMAN ROAD,-122.11182436365739,38.085789859151156,71000.0,5800,80000,Back,Interstate,True,67.58119131907034,1076
7965,4,84,,ALA,R,6.01,,SOUTH JCT. RTE. 880,-122.03851625613872,37.56346483264673,71000.0,5800,73000,Back,State,True,67.58119131907034,1076
7979,4,84,,SM,R,28.194,,JCT. RTE. 109,-122.14260970480099,37.4863967829495,71000.0,7200,75000,Back,State,True,67.58119131907034,1076
7027,4,262,,ALA,R,0.7,,"FREMONT, WARM SPRINGS BOULEVARD",-121.92865761312075,37.49049070359127,71000.0,4900,74000,Ahead,State,True,67.58119131907034,1076
7655,4,680,,SOL,R,1.461,,"BENCIA, INDUSTRIAL WAY",-122.12643376842931,38.06988183071904,71000.0,5800,80000,Ahead,Interstate,True,67.58119131907034,1076
7963,4,84,,ALA,R,4.884,,NEWARK BOULEVARD,-122.05240603670616,37.551564304458374,71000.0,5800,73000,Ahead,State,True,67.58119131907034,1076
7977,4,84,,SM,R,27.659,,JCT. RTE. 114,-122.1502595906739,37.481987789835884,71000.0,7200,75000,Ahead,State,True,67.58119131907034,1076
6322,4,101,,SON,,29.347,,WINDSOR RIVER ROAD,-122.80768538267566,38.54655261050393,70000.0,5900,78000,Back,US,True,67.16561489918423,1084
6583,4,12,,SON,R,16.63,,"SANTA ROSA, BENNETT VALLEY ROAD",-122.70496797156898,38.43253413712291,70000.0,7200,73000,Back,State,True,67.16561489918423,1084
6839,4,1,,SM,R,47.272,,"DALY CITY, CLARINADA AVENUE",-122.47622581313342,37.671367310773185,70000.0,5800,78000,Back,State,True,67.16561489918423,1084
7025,4,262,,ALA,R,0.394,,KATO AVENUE  80,-121.93326688052166,37.48603534186576,70000.0,4900,72000,Back,State,True,67.16561489918423,1084
7027,4,262,,ALA,R,0.7,,"FREMONT, WARM SPRINGS BOULEVARD",-121.92865761312075,37.49049070359127,70000.0,4900,72000,Back,State,True,67.16561489918423,1084
6320,4,101,,SON,,27.618,,SHILOH ROAD,-122.78992521160488,38.52581913924848,70000.0,5900,78000,Ahead,US,True,67.16561489918423,1084
6581,4,12,,SON,R,16.039,,"SANTA ROSA, JCT. RTE. 101",-122.71535668779251,38.43103890036384,70000.0,7200,73000,Ahead,State,True,67.16561489918423,1084
6837,4,1,,SM,R,46.722,,"DALY CITY, JCT. RTE. 35",-122.48503052821984,37.66830258691693,70000.0,5800,78000,Ahead,State,True,67.16561489918423,1084
7025,4,262,,ALA,R,0.394,,KATO AVENUE  80,-121.93326688052166,37.48603534186576,70000.0,4900,72000,Ahead,State,True,67.16561489918423,1084
7029,4,262,,ALA,R,0,,"FREMONT, JCT. RTE. 880",-121.93548368908088,37.484232162666004,70000.0,4900,72000,Ahead,State,True,67.16561489918423,1084
6823,4,1,,SF,,5,,"SAN FRANCISCO, FULTON STREET",-122.47170607183374,37.77320058189836,69000.0,5100,70000,Back,State,True,66.7538864091119,1094
6937,4,237,,SCL,,2.48,,"SUNNYVALE, JCT. RTE. 101",-122.03549843421365,37.40068113472453,69000.0,6600,74000,Back,State,True,66.7538864091119,1094
6939,4,237,,SCL,,2.99,,"SUNNYVALE, MATHILDA AVENUE",-122.02696992951755,37.40306147193844,69000.0,6600,74000,Back,State,True,66.7538864091119,1094
7493,4,580,,CC,R,5.428,,"RICHMOND, CASTRO/MARINE STREET",-122.39123057885256,37.93111578452487,69000.0,5300,75000,Back,Interstate,True,66.7538864091119,1094
7663,4,680,,SOL,R,7.324,,MARSHVIEW ROAD,-122.11113114722737,38.14857457733435,69000.0,5800,80000,Back,Interstate,True,66.7538864091119,1094
7981,4,84,,SM,R,29.25,,DUMBARTON BRIDGE,-122.12999010701098,37.49797523407854,69000.0,7000,70000,Back,State,True,66.7538864091119,1094
7983,4,84,,SM,R,30.149,,SAN MATEO/ALAMEDA COUNTY LINE,-122.11724772389466,37.5068210062994,69000.0,7000,70000,Back,State,True,66.7538864091119,1094
8053,4,85,,SCL,R,23.867,,"MOUNTAIN VIEW, JCT. RTE. 101",-122.07045092251803,37.40903723629771,69000.0,5300,71000,Back,State,True,66.7538864091119,1094
8055,4,85,,SCL,R,24.059,,END ROUTE 85,-122.07323961116356,37.41030570255787,69000.0,5300,71000,Back,State,True,66.7538864091119,1094
8091,4,87,,SCL,,5.555,,"SAN JOSE, PARK AVENUE",-121.89555008384856,37.329046401794784,69000.0,6700,74000,Back,State,True,66.7538864091119,1094
8240,4,92,,SM,R,7.929,,RALSTON AVENUE/POLHEMUS ROAD,-122.3299754199275,37.512552350088754,69000.0,7700,72000,Back,State,True,66.7538864091119,1094
6819,4,1,,SF,,4.05,,"SAN FRANCISCO, LINCOLN WAY",-122.4772807020766,37.76544654891765,69000.0,5100,70000,Ahead,State,True,66.7538864091119,1094
6823,4,1,,SF,,5,,"SAN FRANCISCO, FULTON STREET",-122.47170607183374,37.77320058189836,69000.0,5100,70000,Ahead,State,True,66.7538864091119,1094
6913,4,237,,SCL,M,1.547,,MIDDLEFIELD ROAD/MAUDE AVENUE,-122.05013579545552,37.39222707120662,69000.0,6600,74000,Ahead,State,True,66.7538864091119,1094
6937,4,237,,SCL,,2.48,,"SUNNYVALE, JCT. RTE. 101",-122.03549843421365,37.40068113472453,69000.0,6600,74000,Ahead,State,True,66.7538864091119,1094
7491,4,580,,CC,R,4.643,,"RICHMOND, CANAL BOULEVARD",-122.37789229649589,37.92725687023239,69000.0,5300,75000,Ahead,Interstate,True,66.7538864091119,1094
7661,4,680,,SOL,R,5.023,,PARISH ROAD,-122.10613520360567,38.11587964896148,69000.0,5800,80000,Ahead,Interstate,True,66.7538864091119,1094
7981,4,84,,SM,R,29.25,,DUMBARTON BRIDGE,-122.12999010701098,37.49797523407854,69000.0,7000,70000,Ahead,State,True,66.7538864091119,1094
8051,4,85,,SCL,R,23.435,,"MOUNTAIN VIEW, MOFFETT BOULEVARD",-122.069772256999,37.40290422591611,69000.0,5300,71000,Ahead,State,True,66.7538864091119,1094
8053,4,85,,SCL,R,23.867,,"MOUNTAIN VIEW, JCT. RTE. 101",-122.07045092251803,37.40903723629771,69000.0,5300,71000,Ahead,State,True,66.7538864091119,1094
8089,4,87,,SCL,,5.156,,"SAN JOSE, JCT. RTE. 280",-121.89217502798618,37.32400980729796,69000.0,6700,74000,Ahead,State,True,66.7538864091119,1094
8236,4,92,,SM,R,7.303,,JCT. RTE. 280,-122.33885042638826,37.506958444207406,69000.0,7700,72000,Ahead,State,True,66.7538864091119,1094
6913,4,237,,SCL,M,1.547,,MIDDLEFIELD ROAD/MAUDE AVENUE,-122.05013579545552,37.39222707120662,68000.0,6600,73000,Back,State,True,66.34985377866708,1116
6919,4,237,,SCL,R,0.81,,"MOUNTAIN VIEW, SYLVAN AVENUE",-122.06084929397677,37.38597301113029,68000.0,5400,70000,Back,State,True,66.34985377866708,1116
7657,4,680,,SOL,R,10.018,,GOLD HILL ROAD,-122.13418678269346,38.18284288437592,68000.0,5600,75000,Back,Interstate,True,66.34985377866708,1116
6917,4,237,,SCL,R,0.608,,DANA STREET/WHISMAN ROAD,-122.06451481918796,37.385644629861446,68000.0,6600,73000,Ahead,State,True,66.34985377866708,1116
6919,4,237,,SCL,R,0.81,,"MOUNTAIN VIEW, SYLVAN AVENUE",-122.06084929397677,37.38597301113029,68000.0,5300,79000,Ahead,State,True,66.34985377866708,1116
7312,4,4,,CC,R,10.33,,"MARTINEZ, MORELLO AVENUE",-122.10099198029482,37.99182236562873,68000.0,6200,71000,Ahead,State,True,66.34985377866708,1116
7314,4,4,,CC,R,11.126,,MILANO WAY,-122.08683878404166,37.99098620437041,68000.0,6200,71000,Ahead,State,True,66.34985377866708,1116
7663,4,680,,SOL,R,7.324,,MARSHVIEW ROAD,-122.11113114722737,38.14857457733435,68000.0,5600,75000,Ahead,Interstate,True,66.34985377866708,1116
8238,4,92,,SM,R,7.31,,"ON RALSTON AVE, JCT. RTE. 280",-122.33861000577718,37.50699713847991,68000.0,7700,71000,Ahead,State,True,66.34985377866708,1116
6813,4,1,,SF,,1.35,,"SAN FRANCISCO, WINSTON DRIVE",-122.47480560811026,37.726950869901835,67000.0,4800,68000,Back,State,True,66.06125904263507,1125
6815,4,1,,SF,,1.897,,"SAN FRANCISCO, JCT. RTE. 35",-122.47508176639826,37.73464070873768,67000.0,4800,68000,Back,State,True,66.06125904263507,1125
6817,4,1,,SF,,2.87,,"SAN FRANCISCO, QUINTARA STREET",-122.4760101923124,37.74865743705573,67000.0,4800,68000,Back,State,True,66.06125904263507,1125
6819,4,1,,SF,,4.05,,"SAN FRANCISCO, LINCOLN WAY",-122.4772807020766,37.76544654891765,67000.0,4800,68000,Back,State,True,66.06125904263507,1125
6176,4,101,,SF,R,5.07,,"SAN FRANCISCO, MISSION STREET",-122.41706048051226,37.769792731552954,67000.0,4850,70000,Ahead,US,True,66.06125904263507,1125
6809,4,1,,SF,R,0.68,,"SAN FRANCISCO, 19TH AVENUE/ JUNIPERO SERRA BOULEVARD",-122.47255169284158,37.717257527510185,67000.0,4800,68000,Ahead,State,True,66.06125904263507,1125
6813,4,1,,SF,,1.35,,"SAN FRANCISCO, WINSTON DRIVE",-122.47480560811026,37.726950869901835,67000.0,4800,68000,Ahead,State,True,66.06125904263507,1125
6815,4,1,,SF,,1.897,,"SAN FRANCISCO, JCT. RTE. 35",-122.47508176639826,37.73464070873768,67000.0,4800,68000,Ahead,State,True,66.06125904263507,1125
6817,4,1,,SF,,2.87,,"SAN FRANCISCO, QUINTARA STREET",-122.4760101923124,37.74865743705573,67000.0,4800,68000,Ahead,State,True,66.06125904263507,1125
6741,4,17,,SCL,,6.164,,"LOS GATOS, SANTA CRUZ AVENUE",-121.98655352743074,37.218650669929566,66000.0,5600,74000,Back,State,True,65.77266430660305,1134
6691,4,13,,ALA,,8.3,,"OAKLAND, MORAGA AVENUE",-122.21640105563688,37.832269972518276,65000.0,6800,69000,Back,State,True,65.44174234261966,1135
7172,4,29,,NAP,,12.039,,"NAPA, LINCOLN AVENUE",-122.30466639021559,38.30682442525018,65000.0,6200,72000,Back,State,True,65.44174234261966,1135
6689,4,13,,ALA,,7.397,,"OAKLAND, PARK BOULEVARD",-122.2071906586732,37.82171672048261,65000.0,6800,69000,Ahead,State,True,65.44174234261966,1135
6739,4,17,,SCL,,4.06,,BEAR CREEK ROAD,-121.99283840526314,37.19020478498947,65000.0,6600,76000,Ahead,State,True,65.44174234261966,1135
7170,4,29,,NAP,,11.548,,FIRST STREET,-122.30264333209347,38.299856708679954,65000.0,6200,72000,Ahead,State,True,65.44174234261966,1135
154,4,260,,ALA,R,0.838,,BEG INDEP ALIGN RT LNS,-122.2765070779724,37.78382761393273,64000.0,5150,65000,Back,State,True,65.1300600277051,1140
6579,4,12,,SON,R,15.3,,"SANTA ROSA, DUTTON AVENUE",-122.72640468389126,38.43291140799406,64000.0,6600,67000,Back,State,True,65.1300600277051,1140
6917,4,237,,SCL,R,0.608,,DANA STREET/WHISMAN ROAD,-122.06451481918796,37.385644629861446,64000.0,6200,69000,Back,State,True,65.1300600277051,1140
7687,4,780,,SOL,,7.186,,"VALLEJO, JCT. RTE. 80",-122.23044150433874,38.09161917084046,64000.0,6200,69000,Back,State,True,65.1300600277051,1140
7959,4,84,,ALA,R,3.18,,DUMBARTON BRIDGE TOLL PLAZA,-122.07540534960057,37.535076733442686,64000.0,6500,65000,Back,State,True,65.1300600277051,1140
7961,4,84,,ALA,R,3.747,,THORNTON AVENUE/ PASEO PADRE PARKWAY,-122.06740085826081,37.54029679334141,64000.0,6500,65000,Back,State,True,65.1300600277051,1140
6577,4,12,,SON,R,14.45,,"SANTA ROSA, STONY POINT ROAD",-122.74176344890013,38.430479598413235,64000.0,6600,67000,Ahead,State,True,65.1300600277051,1140
6915,4,237,,SCL,R,0.375,,"MOUNTAIN VIEW, JCT. RTE. 85",-122.06832847209795,37.38404596885097,64000.0,6200,69000,Ahead,State,True,65.1300600277051,1140
7685,4,780,,SOL,,6.656,,"BENECIA, HOME ACRES AVENUE POC, EAST OF  RTE 80",-122.22123688623729,38.089101791757535,64000.0,6200,69000,Ahead,State,True,65.1300600277051,1140
7949,4,84,,ALA,R,0,,SAN MATEO/ALAMEDA COUNTY LINE,-122.11724772389466,37.5068210062994,64000.0,6500,65000,Ahead,State,True,65.1300600277051,1140
7959,4,84,,ALA,R,3.18,,DUMBARTON BRIDGE TOLL PLAZA,-122.07540534960057,37.535076733442686,64000.0,6500,65000,Ahead,State,True,65.1300600277051,1140
6689,4,13,,ALA,,7.397,,"OAKLAND, PARK BOULEVARD",-122.2071906586732,37.82171672048261,63000.0,6500,65000,Back,State,True,64.81837771279052,1151
7090,4,280,,SF,R,5.62,L,"SAN FRANCISCO, ARMY STREET, LEFT ALIGN",-122.3923614248446,37.75002648064943,63000.0,4800,65000,Back,Interstate,True,64.81837771279052,1151
7160,4,29,,NAP,R,6.196,,JCT. RTE. 221 NORTH,-122.26914638853552,38.241397171261426,63000.0,6200,70000,Back,State,True,64.81837771279052,1151
7340,4,4,,CC,R,34.253,,SAND CREEK RD,-121.74206956414582,37.943911950242445,63000.0,5300,69000,Back,State,True,64.81837771279052,1151
7354,4,4,,CC,R,9.185,,"MARTINEZ, PINE STREET",-122.12019800868002,37.99495457181521,63000.0,4800,69000,Back,State,True,64.81837771279052,1151
6687,4,13,,ALA,,6.469,,"OAKLAND, LINCOLN AVENUE",-122.19759817048997,37.81065994912665,63000.0,6500,65000,Ahead,State,True,64.81837771279052,1151
7202,4,29,,NAP,,4.706,,JCT. RTE. 12 EAST,-122.25789250126861,38.223166252981486,63000.0,6200,70000,Ahead,State,True,64.81837771279052,1151
7338,4,4,,CC,R,32.937,,LONE TREE WAY,-121.74304195360993,37.96195640971777,63000.0,5300,69000,Ahead,State,True,64.81837771279052,1151
7352,4,4,,CC,R,8.549,,"MARTINEZ, ALHAMBRA BOULEVARD",-122.13029636694581,37.99053962247293,63000.0,4800,69000,Ahead,State,True,64.81837771279052,1151
8242,4,92,,SM,R,8.674,,MONTEREY STREET,-122.33227254775458,37.52257177008981,63000.0,5800,64000,Ahead,State,True,64.81837771279052,1151
7091,4,280,,SF,R,5.62,R,"SAN FRANCISCO, ARMY STREET, RIGHT ALIGN",-122.39174831837498,37.75003937877313,62000.0,4700,64000,Back,Interstate,True,64.39895336309065,1161
7312,4,4,,CC,R,10.33,,"MARTINEZ, MORELLO AVENUE",-122.10099198029482,37.99182236562873,62000.0,4750,68000,Back,State,True,64.39895336309065,1161
7685,4,780,,SOL,,6.656,,"BENECIA, HOME ACRES AVENUE POC, EAST OF  RTE 80",-122.22123688623729,38.089101791757535,62000.0,6000,67000,Back,State,True,64.39895336309065,1161
8220,4,92,,SM,R,11.208,,JCT. RTE. 82,-122.31197946534913,37.550207623367925,62000.0,5400,68000,Back,State,True,64.39895336309065,1161
7089,4,280,,SF,R,4.341,R,"SAN FRANCISCO, JCT. RTE. 101, BEGIN RIGHT ALIGN",-122.40675416046153,37.73521147360759,62000.0,4700,64000,Ahead,Interstate,True,64.39895336309065,1161
7354,4,4,,CC,R,9.185,,"MARTINEZ, PINE STREET",-122.12019800868002,37.99495457181521,62000.0,4750,68000,Ahead,State,True,64.39895336309065,1161
7683,4,780,,SOL,,5.998,,GLEN COVE ROAD,-122.21006279182546,38.085808272228476,62000.0,6000,67000,Ahead,State,True,64.39895336309065,1161
8027,4,85,,SCL,R,10.231,,"SAN JOSE, BASCOM AVENUE",-121.95141415810625,37.25468399845081,62000.0,5000,65000,Ahead,State,True,64.39895336309065,1161
8218,4,92,,SM,R,10.564,,"SAN MATEO, ALAMEDA DE LAS PULGAS",-122.32292792721611,37.54708391066518,62000.0,5400,68000,Ahead,State,True,64.39895336309065,1161
6821,4,1,,SF,,5.88,,"SAN FRANCISCO, LAKE STREET",-122.47256799007748,37.78632958165266,61000.0,4300,62000,Back,State,True,64.02185624134216,1170
6825,4,1,,SF,,7.077,,JCT. RTE. 101,-122.4694554515855,37.80327941916594,61000.0,5800,62000,Back,State,True,64.02185624134216,1170
7093,4,280,,SF,R,5.951,R,END RIGHT ALIGN,-122.39194958860934,37.754941823354166,61000.0,4650,63000,Back,Interstate,True,64.02185624134216,1170
7107,4,280,,SM,M,27.433,L,"END INDEP ALIGN, SM/SF CO LINE, END LEFT ALIGN",-122.46891040238012,37.70827728960822,61000.0,5000,64000,Back,Interstate,True,64.02185624134216,1170
7517,4,580,,MRN,,4.782,,JCT. RTE. 101,-122.50977340999528,37.96239725525784,61000.0,5100,67000,Back,Interstate,True,64.02185624134216,1170
8242,4,92,,SM,R,8.674,,MONTEREY STREET,-122.33227254775458,37.52257177008981,61000.0,6700,63000,Back,State,True,64.02185624134216,1170
8244,4,92,,SM,R,9.378,,"SAN MATEO, WEST HILLSDALE BOULEVARD",-122.32971129457269,37.53238548465539,61000.0,5300,66000,Back,State,True,64.02185624134216,1170
6821,4,1,,SF,,5.88,,"SAN FRANCISCO, LAKE STREET",-122.47256799007748,37.78632958165266,61000.0,4950,62000,Ahead,State,True,64.02185624134216,1170
7091,4,280,,SF,R,5.62,R,"SAN FRANCISCO, ARMY STREET, RIGHT ALIGN",-122.39174831837498,37.75003937877313,61000.0,4650,63000,Ahead,Interstate,True,64.02185624134216,1170
7102,4,280,,SM,M,26.877,L,"SB ON FR SB RTE 1, LEFT ALIGN",-122.47199211428479,37.70089077666359,61000.0,5000,64000,Ahead,Interstate,True,64.02185624134216,1170
7104,4,280,,SM,M,27.165,L,"DALY CITY, JCT. RTE. 1 NORTH, LEFT ALIGN",-122.47176430961358,37.70496867784842,61000.0,5000,64000,Ahead,Interstate,True,64.02185624134216,1170
7515,4,580,,MRN,,4.498,,BELLAM BOULEVARD,-122.50525097554636,37.95991685821495,61000.0,5100,67000,Ahead,Interstate,True,64.02185624134216,1170
8240,4,92,,SM,R,7.929,,RALSTON AVENUE/POLHEMUS ROAD,-122.3299754199275,37.512552350088754,61000.0,6700,63000,Ahead,State,True,64.02185624134216,1170
6587,4,12,,SON,T,17.53,,"SANTA ROSA, FARMERS LANE",-122.68798046483026,38.435151857554075,60000.0,6200,62000,Back,State,True,63.756349084192706,1183
6743,4,17,,SCL,,6.16,,"LOS GATOS, SANTA CRUZ AVENUE",-121.98662264560532,37.218607656861415,60000.0,4850,67000,Back,State,True,63.756349084192706,1183
6935,4,237,,SCL,,11.08,,"MILPITAS, JCT. RTE. 680",-121.88848676102525,37.43462730510349,60000.0,4300,63000,Back,State,True,63.756349084192706,1183
6585,4,12,,SON,R,17.081,,"SANTA ROSA, BROOKWOOD/ MAPLE AVENUES",-122.69675530284864,38.43390838366279,60000.0,6200,62000,Ahead,State,True,63.756349084192706,1183
6933,4,237,,SCL,T,10,,MAIN STREET,-121.90744352308877,37.431130830992245,60000.0,4300,63000,Ahead,State,True,63.756349084192706,1183
6745,4,17,,SCL,,7.073,,"LOS GATOS, JCT. RTE. 9 WEST",-121.97496939610916,37.22658262135076,59000.0,5000,68000,Back,State,True,63.54086501462214,1188
7106,4,280,,SM,M,27.421,R,"SAN MATEO/SAN FRANCISCO COUNTY LINE, END RIGHT ALIGN",-122.46860031472384,37.708281274440345,59000.0,4850,62000,Back,Interstate,True,63.54086501462214,1188
6741,4,17,,SCL,,6.164,,"LOS GATOS, SANTA CRUZ AVENUE",-121.98655352743074,37.218650669929566,59000.0,5000,68000,Ahead,State,True,63.54086501462214,1188
7105,4,280,,SM,M,27.165,R,"DALY CITY, JCT. RTE. 1 NORTH, RIGHT ALIGN",-122.4710776553767,37.70500918038011,59000.0,4850,62000,Ahead,Interstate,True,63.54086501462214,1188
6124,4,101,,SCL,,3.16,,JCT. RTE. 25 EAST,-121.55096122050895,36.96130520289546,58000.0,4900,63000,Back,US,True,63.30614129598276,1192
6346,4,112,,ALA,,0.602,,JCT. RTE. 880,-122.17672362207584,37.71912792389611,58000.0,4450,59000,Back,State,True,63.30614129598276,1192
6687,4,13,,ALA,,6.469,,"OAKLAND, LINCOLN AVENUE",-122.19759817048997,37.81065994912665,58000.0,6000,60000,Back,State,True,63.30614129598276,1192
6929,4,237,,SCL,R,9.125,L,McCARTHY BOULEVARD,-121.92060545986696,37.42470702872724,58000.0,4650,60000,Back,State,True,63.30614129598276,1192
7338,4,4,,CC,R,32.937,,LONE TREE WAY,-121.74304195360993,37.96195640971777,58000.0,4700,63000,Back,State,True,63.30614129598276,1192
8218,4,92,,SM,R,10.564,,"SAN MATEO, ALAMEDA DE LAS PULGAS",-122.32292792721611,37.54708391066518,58000.0,5000,64000,Back,State,True,63.30614129598276,1192
6122,4,101,,SCL,,0.028,,SAN BENITO/SANTA CLARA COUNTY LINE,-121.54796572980355,36.91736061599397,58000.0,4900,63000,Ahead,US,True,63.30614129598276,1192
6685,4,13,,ALA,,5.393,,"OAKLAND, REDWOOD ROAD",-122.18511243784695,37.79851392046352,58000.0,6000,60000,Ahead,State,True,63.30614129598276,1192
7336,4,4,,CC,R,31.368,,LAUREL ROAD,-121.74441062947179,37.978820899778654,58000.0,4700,63000,Ahead,State,True,63.30614129598276,1192
7965,4,84,,ALA,R,6.01,,SOUTH JCT. RTE. 880,-122.03851625613872,37.56346483264673,58000.0,4700,60000,Ahead,State,True,63.30614129598276,1192
8244,4,92,,SM,R,9.378,,"SAN MATEO, WEST HILLSDALE BOULEVARD",-122.32971129457269,37.53238548465539,58000.0,5000,64000,Ahead,State,True,63.30614129598276,1192
6933,4,237,,SCL,T,10,,MAIN STREET,-121.90744352308877,37.431130830992245,57000.0,4000,59000,Back,State,True,63.0021548406957,1203
7170,4,29,,NAP,,11.548,,FIRST STREET,-122.30264333209347,38.299856708679954,57000.0,5400,63000,Back,State,True,63.0021548406957,1203
7174,4,29,,NAP,,13.058,,JCT. TRANCAS/REDWOOD ROADS,-122.3083429188907,38.321307588994664,57000.0,5400,63000,Back,State,True,63.0021548406957,1203
7679,4,780,,SOL,,3.995,,WEST BENICIA,-122.18264777421936,38.06890649873568,57000.0,5600,62000,Back,State,True,63.0021548406957,1203
6945,4,237,,SCL,,9.335,,JCT. RTE. 880,-121.91647559638372,37.42556850425799,57000.0,4000,59000,Ahead,State,True,63.0021548406957,1203
7156,4,29,,NAP,R,10.389,,"NAPA, JCT. RTE. 121 NORTH",-122.30024605918018,38.28195639759644,57000.0,5400,63000,Ahead,State,True,63.0021548406957,1203
7172,4,29,,NAP,,12.039,,"NAPA, LINCOLN AVENUE",-122.30466639021559,38.30682442525018,57000.0,5400,63000,Ahead,State,True,63.0021548406957,1203
7677,4,780,,SOL,,2.955,,"BENICIA, WEST 7TH STREET",-122.16433214246906,38.06478005437812,57000.0,5600,62000,Ahead,State,True,63.0021548406957,1203
8057,4,85,,SCL,,0.181,,"SAN JOSE, BERNAL ROAD",-121.77232004387766,37.241798906321044,56000.0,5500,61000,Back,State,True,62.74434354317378,1211
6322,4,101,,SON,,29.347,,WINDSOR RIVER ROAD,-122.80768538267566,38.54655261050393,56000.0,4700,62000,Ahead,US,True,62.74434354317378,1211
8061,4,85,,SCL,,0,,"SAN JOSE, JCT. RTE. 101",-121.76915337739823,37.24200338776533,56000.0,5500,61000,Ahead,State,True,62.74434354317378,1211
6683,4,13,,ALA,,5.012,,CARSON STREET,-122.18183471803886,37.79407726819125,55000.0,5700,57000,Back,State,True,62.56349084192704,1214
6681,4,13,,ALA,,4.262,,"OAKLAND, JCT. RTE. 580",-122.17742984341622,37.78399195898824,55000.0,5700,57000,Ahead,State,True,62.56349084192704,1214
6731,4,17,,SCL,,1.25,,REDWOOD DRIVE,-121.98237358915861,37.158634814802994,54000.0,5500,65000,Back,State,True,62.32491919347392,1216
6739,4,17,,SCL,,4.06,,BEAR CREEK ROAD,-121.99283840526314,37.19020478498947,54000.0,5500,65000,Back,State,True,62.32491919347392,1216
7681,4,780,,SOL,,4.77,,COLUMBUS PARKWAY,-122.19072385589736,38.07806787249597,54000.0,5300,59000,Back,State,True,62.32491919347392,1216
7683,4,780,,SOL,,5.998,,GLEN COVE ROAD,-122.21006279182546,38.085808272228476,54000.0,5300,59000,Back,State,True,62.32491919347392,1216
7869,4,82,,SCL,,18.841,,"MOUNTAIN VIEW, JCT. RTE. 85",-122.06768406293394,37.37828035931035,54000.0,4800,55000,Back,State,True,62.32491919347392,1216
6727,4,17,,SCL,,0.108,,JCT. RTE. 35 NORTHWEST,-121.98487111585425,37.14555127599845,54000.0,5500,65000,Ahead,State,True,62.32491919347392,1216
6731,4,17,,SCL,,1.25,,REDWOOD DRIVE,-121.98237358915861,37.158634814802994,54000.0,5500,65000,Ahead,State,True,62.32491919347392,1216
6743,4,17,,SCL,,6.16,,"LOS GATOS, SANTA CRUZ AVENUE",-121.98662264560532,37.218607656861415,54000.0,4300,58000,Ahead,State,True,62.32491919347392,1216
7679,4,780,,SOL,,3.995,,WEST BENICIA,-122.18264777421936,38.06890649873568,54000.0,5300,59000,Ahead,State,True,62.32491919347392,1216
7681,4,780,,SOL,,4.77,,COLUMBUS PARKWAY,-122.19072385589736,38.07806787249597,54000.0,5300,59000,Ahead,State,True,62.32491919347392,1216
6369,4,114,,SM,,5.926,,JCT. RTE. 84,-122.15021840381644,37.48204855699193,53000.0,5500,57000,Back,State,True,62.08634754502078,1226
6371,4,114,,SM,,5,,"MENLO PARK, JCT. RTE. 101",-122.15525588374024,37.46890145449019,53000.0,5500,57000,Ahead,State,True,62.08634754502078,1226
7350,4,4,,CC,R,5.168,,MC EWEN ROAD,-122.17797460695735,38.01503116622108,53000.0,5000,56000,Ahead,State,True,62.08634754502078,1226
6931,4,237,,SCL,R,9.125,R,McCARTHY BOULEVARD,-121.923125861263,37.423177595263574,52000.0,4150,54000,Back,State,True,61.851623826381406,1229
7675,4,780,,SOL,,2.015,,"BENICIA, SECOND STREET",-122.14974862983861,38.05819317358307,52000.0,5100,56000,Back,State,True,61.851623826381406,1229
7677,4,780,,SOL,,2.955,,"BENICIA, WEST 7TH STREET",-122.16433214246906,38.06478005437812,52000.0,5100,56000,Back,State,True,61.851623826381406,1229
7963,4,84,,ALA,R,4.884,,NEWARK BOULEVARD,-122.05240603670616,37.551564304458374,52000.0,4950,53000,Back,State,True,61.851623826381406,1229
7675,4,780,,SOL,,2.015,,"BENICIA, SECOND STREET",-122.14974862983861,38.05819317358307,52000.0,5100,56000,Ahead,State,True,61.851623826381406,1229
7961,4,84,,ALA,R,3.747,,THORNTON AVENUE/ PASEO PADRE PARKWAY,-122.06740085826081,37.54029679334141,52000.0,4950,53000,Ahead,State,True,61.851623826381406,1229
8116,4,880,,ALA,R,34.7,R,"WEST GRAND AVENUE, END RIGHT ALIGN",-122.29274158809388,37.821476787442,52000.0,3650,54000,Ahead,Interstate,True,61.851623826381406,1229
6585,4,12,,SON,R,17.081,,"SANTA ROSA, BROOKWOOD/ MAPLE AVENUES",-122.69675530284864,38.43390838366279,51000.0,5200,52000,Back,State,True,61.62074803755579,1236
6727,4,17,,SCL,,0.108,,JCT. RTE. 35 NORTHWEST,-121.98487111585425,37.14555127599845,51000.0,5200,61000,Back,State,True,61.62074803755579,1236
7933,4,82,,SM,,3.435,,JCT. RTE. 84,-122.22180769553174,37.476530721981966,51000.0,4700,52000,Back,State,True,61.62074803755579,1236
6583,4,12,,SON,R,16.63,,"SANTA ROSA, BENNETT VALLEY ROAD",-122.70496797156898,38.43253413712291,51000.0,5200,52000,Ahead,State,True,61.62074803755579,1236
6729,4,17,,SCL,,0,,SANTA CRUZ/SANTA CLARA COUNTY LINE,-121.98469831412956,37.144072033747044,51000.0,5200,61000,Ahead,State,True,61.62074803755579,1236
6326,4,101,,SON,,33.476,,GRANT AVENUE,-122.85259403042795,38.59480377740687,50000.0,4250,57000,Back,US,True,61.347545020778824,1241
6328,4,101,,SON,,34.551,,SOUTH HEALDSBURG,-122.8683092559247,38.604018058736386,50000.0,3300,36500,Back,US,True,61.347545020778824,1241
7156,4,29,,NAP,R,10.389,,"NAPA, JCT. RTE. 121 NORTH",-122.30024605918018,38.28195639759644,50000.0,4500,57000,Back,State,True,61.347545020778824,1241
7919,4,82,,SM,,18.963,,"SAN BRUNO, JCT. RTE. 380",-122.41903302277274,37.633024753485785,50000.0,5100,51000,Back,State,True,61.347545020778824,1241
6326,4,101,,SON,,33.476,,GRANT AVENUE,-122.85259403042795,38.59480377740687,50000.0,3300,36500,Ahead,US,True,61.347545020778824,1241
7162,4,29,,NAP,R,8.657,,JCT. RTE. 121 SOUTH,-122.30277272542699,38.257582986182385,50000.0,4500,57000,Ahead,State,True,61.347545020778824,1241
7917,4,82,,SM,,18.6,,"SAN BRUNO, SAN BRUNO AVENUE",-122.41653890159033,37.62884884384763,50000.0,5100,51000,Ahead,State,True,61.347545020778824,1241
6837,4,1,,SM,R,46.722,,"DALY CITY, JCT. RTE. 35",-122.48503052821984,37.66830258691693,49500.0,3800,51000,Back,State,True,61.09742958288441,1248
6827,4,1,,SM,R,42.583,,"PACIFICA, REINA DEL MAR AVENUE (TO VALLEMAR)",-122.4870842988432,37.61379668916682,49500.0,4250,50000,Ahead,State,True,61.09742958288441,1248
6835,4,1,,SM,R,45.39,,"PACIFICA, MONTEREY ROAD",-122.49011843058054,37.65307266842573,49500.0,3800,51000,Ahead,State,True,61.09742958288441,1248
6931,4,237,,SCL,R,9.125,R,McCARTHY BOULEVARD,-121.923125861263,37.423177595263574,49500.0,3950,53000,Ahead,State,True,61.09742958288441,1248
6969,4,242,,CC,R,0,,"CONCORD, JCT. RTE. 680",-122.05194165711161,37.95871873095522,49500.0,4400,53000,Ahead,State,True,61.09742958288441,1248
7100,4,280,,SF,T,7.543,,"SAN FRANCISCO, BRANNAN STREET",-122.4009952111937,37.7748139452183,49000.0,3700,51000,Back,Interstate,True,60.9242727412652,1253
7098,4,280,,SF,T,7.07,,"SAN FRANCISCO, 4TH STREET",-122.3969342269332,37.76886493517243,49000.0,3700,51000,Ahead,Interstate,True,60.9242727412652,1253
6827,4,1,,SM,R,42.583,,"PACIFICA, REINA DEL MAR AVENUE (TO VALLEMAR)",-122.4870842988432,37.61379668916682,48500.0,4250,49000,Back,State,True,60.735724180390946,1255
7352,4,4,,CC,R,8.549,,"MARTINEZ, ALHAMBRA BOULEVARD",-122.13029636694581,37.99053962247293,48500.0,3600,52000,Back,State,True,60.735724180390946,1255
7515,4,580,,MRN,,4.498,,BELLAM BOULEVARD,-122.50525097554636,37.95991685821495,48500.0,4050,53000,Back,Interstate,True,60.735724180390946,1255
7917,4,82,,SM,,18.6,,"SAN BRUNO, SAN BRUNO AVENUE",-122.41653890159033,37.62884884384763,48500.0,5000,49500,Back,State,True,60.735724180390946,1255
6875,4,1,,SM,,42.014,,"PACIFICA, ROCKAWAY BEACH AVENUE",-122.49518614150861,37.60871979867829,48500.0,4250,49000,Ahead,State,True,60.735724180390946,1255
7513,4,580,,MRN,,3.087,,WB OFF TO SIR FRANCIS DRAKE BLVD,-122.48435198487165,37.944991306475885,48500.0,4050,53000,Ahead,Interstate,True,60.735724180390946,1255
8115,4,880,,ALA,R,34.7,L,WEST GRAND AVENUE,-122.29290281592444,37.82167679272226,48500.0,3400,49500,Ahead,Interstate,True,60.735724180390946,1255
6829,4,1,,SM,R,43.464,,"PACIFICA, SHARP PARK ROAD",-122.48764634058051,37.62604709093029,48000.0,4250,51000,Back,State,True,60.48560874249653,1262
7342,4,4,,CC,R,35.598,,BALFOUR ROAD,-121.7328928495137,37.92527586034855,48000.0,1150,52000,Back,State,True,60.48560874249653,1262
7340,4,4,,CC,R,34.253,,SAND CREEK RD,-121.74206956414582,37.943911950242445,48000.0,1150,52000,Ahead,State,True,60.48560874249653,1262
7921,4,82,,SM,,20.662,,"SOUTH SAN FRANCISCO, CHESTNUT AVENUE/WESTBOROUGH BOULEVARD",-122.43446770081297,37.65531395740437,47500.0,4900,48500,Back,State,True,60.30475604124981,1265
8113,4,880,,ALA,R,34.18,L,"ROUTE 880 CONNECTION TO SAN FRANCISCO-OAKLAND BAY BRIDGE, LEFT ALIGN",-122.29921358589826,37.815999318342726,47500.0,3350,48500,Back,Interstate,True,60.30475604124981,1265
8114,4,880,,ALA,R,34.18,R,"ROUTE 880 CONNECTION TO THE SAN FRANCISCO-OAKLAND BAY BRIDGE, RIGHT ALIGN",-122.29865567281801,37.81551803331511,47500.0,3250,48500,Back,Interstate,True,60.30475604124981,1265
8111,4,880,,ALA,R,33.92,L,BEGIN LEFT ALIGN,-122.30258464335932,37.813350549081804,47500.0,3350,48500,Ahead,Interstate,True,60.30475604124981,1265
8112,4,880,,ALA,R,33.92,R,BEG RIGHT ALIGN,-122.30228205483901,37.81310820786288,47500.0,3250,48500,Ahead,Interstate,True,60.30475604124981,1265
7272,4,37,,MRN,R,11.2,,"NOVATO, JCT. RTE. 101",-122.54457211570616,38.0792391327698,47000.0,4700,56000,Back,State,True,60.15468677851315,1270
7871,4,82,,SCL,,19.134,,"MOUNTAIN VIEW, JCT. RTE. 237 EAST",-122.07296839630453,37.38046884643804,47000.0,4300,48500,Back,State,True,60.15468677851315,1270
22,4,37,,MRN,R,11.2,,JCT RTE 251,-122.54457211570616,38.0792391327698,47000.0,4700,56000,Ahead,State,True,60.15468677851315,1270
7869,4,82,,SCL,,18.841,,"MOUNTAIN VIEW, JCT. RTE. 85",-122.06768406293394,37.37828035931035,47000.0,4300,48500,Ahead,State,True,60.15468677851315,1270
7919,4,82,,SM,,18.963,,"SAN BRUNO, JCT. RTE. 380",-122.41903302277274,37.633024753485785,47000.0,4800,48000,Ahead,State,True,60.15468677851315,1270
7162,4,29,,NAP,R,8.657,,JCT. RTE. 121 SOUTH,-122.30277272542699,38.257582986182385,46500.0,3950,52000,Back,State,True,59.97768200708019,1275
7166,4,29,,NAP,,0.69,,AMERICAN CANYON ROAD,-122.25274655067255,38.16558550542144,46500.0,3500,52000,Back,State,True,59.97768200708019,1275
7160,4,29,,NAP,R,6.196,,JCT. RTE. 221 NORTH,-122.26914638853552,38.241397171261426,46500.0,3950,52000,Ahead,State,True,59.97768200708019,1275
7168,4,29,,NAP,,0,,SOLANO/NAPA COUNTY LINE,-122.2536165914831,38.154953692719296,46500.0,3500,52000,Ahead,State,True,59.97768200708019,1275
7092,4,280,,SF,R,5.951,L,END LEFT ALIGN,-122.39211419949525,37.754929944570954,46000.0,3500,47500,Back,Interstate,True,59.80452516546099,1279
7350,4,4,,CC,R,5.168,,MC EWEN ROAD,-122.17797460695735,38.01503116622108,46000.0,3450,49500,Back,State,True,59.80452516546099,1279
8007,4,84,,SM,,25.058,,"REDWOOD CITY, MIDDLEFIELD ROAD",-122.21903238639408,37.481065817453064,46000.0,5200,47500,Back,State,True,59.80452516546099,1279
7090,4,280,,SF,R,5.62,L,"SAN FRANCISCO, ARMY STREET, LEFT ALIGN",-122.3923614248446,37.75002648064943,46000.0,3500,47500,Ahead,Interstate,True,59.80452516546099,1279
8005,4,84,,SM,,24.704,,"REDWOOD CITY, JCT. RTE. 82",-122.22175499496728,37.476461266430704,46000.0,5200,47500,Ahead,State,True,59.80452516546099,1279
6685,4,13,,ALA,,5.393,,"OAKLAND, REDWOOD ROAD",-122.18511243784695,37.79851392046352,45500.0,4800,48000,Back,State,True,59.61597660458673,1284
8117,4,880,,ALA,R,35.4,L,"WEST JCT RTE 80, END LEFT ALIGN",-122.29395619749458,37.831462848725465,45500.0,3150,46500,Back,Interstate,True,59.61597660458673,1284
6683,4,13,,ALA,,5.012,,CARSON STREET,-122.18183471803886,37.79407726819125,45500.0,4800,48000,Ahead,State,True,59.61597660458673,1284
7975,4,84,,SM,R,25.81,,"MENLO PARK, JCT. RTE. 101",-122.18068752450527,37.48336688308891,45000.0,5100,46000,Back,State,True,59.30429428967216,1287
7977,4,84,,SM,R,27.659,,JCT. RTE. 114,-122.1502595906739,37.481987789835884,45000.0,4700,47000,Back,State,True,59.30429428967216,1287
6204,4,101,,SF,,7.8,,"SAN FRANCISCO, BRODERICK STREET",-122.44458745964383,37.798853608129235,45000.0,3450,47000,Ahead,US,True,59.30429428967216,1287
7306,4,4,,CC,L,0.178,,"HERCULES, JCT. RTE. 80",-122.26937929294262,38.015058411966834,45000.0,4200,46500,Ahead,State,True,59.30429428967216,1287
7975,4,84,,SM,R,25.81,,"MENLO PARK, JCT. RTE. 101",-122.18068752450527,37.48336688308891,45000.0,4700,47000,Ahead,State,True,59.30429428967216,1287
8007,4,84,,SM,,25.058,,"REDWOOD CITY, MIDDLEFIELD ROAD",-122.21903238639408,37.481065817453064,45000.0,5100,46000,Ahead,State,True,59.30429428967216,1287
7216,4,29,,SOL,,5.85,,"VALLEJO, MINI DRIVE",-122.25379663183233,38.153831854083556,44000.0,3350,49000,Back,State,True,58.86178236108973,1293
7218,4,29,,SOL,,5.955,,SOLANO/NAPA COUNTY LINE,-122.2536165914831,38.154953692719296,44000.0,3350,49000,Back,State,True,58.86178236108973,1293
6921,4,237,,SCL,R,0,,"MOUNTAIN VIEW, JCT. RTE. 82",-122.07292850751267,37.38034167630924,44000.0,3150,45500,Ahead,State,True,58.86178236108973,1293
7214,4,29,,SOL,,4.732,,LEWIS BROWN DR/JCT. RTE. 37,-122.25607629281706,38.13767342274302,44000.0,3350,49000,Ahead,State,True,58.86178236108973,1293
7216,4,29,,SOL,,5.85,,"VALLEJO, MINI DRIVE",-122.25379663183233,38.153831854083556,44000.0,3350,49000,Ahead,State,True,58.86178236108973,1293
6180,4,101,,SF,T,4.86,,MARKET ST,-122.41922200854556,37.77520941234513,43500.0,3050,44000,Back,US,True,58.68862551947053,1298
6675,4,13,,ALA,,13.178,,JCT. RTE. 123,-122.28664927851568,37.852173856339626,43500.0,4550,45500,Ahead,State,True,58.68862551947053,1298
7871,4,82,,SCL,,19.134,,"MOUNTAIN VIEW, JCT. RTE. 237 EAST",-122.07296839630453,37.38046884643804,43500.0,4000,45000,Ahead,State,True,58.68862551947053,1298
7527,4,61,,ALA,,18.552,,"ALAMEDA, SAN LEANDRO BRIDGE",-122.23603978452813,37.74743359748519,43000.0,4450,44000,Back,State,True,58.546252116361394,1301
7529,4,61,,ALA,,19.44,,"ALAMEDA, BROADWAY",-122.24485777491782,37.755601882968115,43000.0,4450,44000,Back,State,True,58.546252116361394,1301
7525,4,61,,ALA,,18.52,,"ALAMEDA, ISLAND DRIVE",-122.23563973868096,37.74706160057487,43000.0,4450,44000,Ahead,State,True,58.546252116361394,1301
7527,4,61,,ALA,,18.552,,"ALAMEDA, SAN LEANDRO BRIDGE",-122.23603978452813,37.74743359748519,43000.0,4450,44000,Ahead,State,True,58.546252116361394,1301
6198,4,101,,SF,,5.352,,"SAN FRANCISCO, TURK STREET",-122.42056653589593,37.78198465297166,42500.0,3050,43500,Back,US,True,58.257657380329384,1305
6204,4,101,,SF,,7.8,,"SAN FRANCISCO, BRODERICK STREET",-122.44458745964383,37.798853608129235,42500.0,3450,45000,Back,US,True,58.257657380329384,1305
6553,4,12,,SOL,L,3.206,,"FAIRFIELD, BECK AVENUE",-122.06632892648005,38.24024984753936,42500.0,3900,44500,Back,State,True,58.257657380329384,1305
6833,4,1,,SM,R,44.88,,"PACIFICA, MILAGRA DRIVE",-122.49163026735594,37.64589752092183,42500.0,3300,43500,Back,State,True,58.257657380329384,1305
7286,4,37,,SOL,R,9.665,,JCT. RTE. 29,-122.25599031595954,38.13993579481515,42500.0,3400,43500,Back,State,True,58.257657380329384,1305
7947,4,84,,ALA,M,27.747,,AIRWAY BLVD - L,-121.80542942637425,37.69620392058984,42500.0,4850,45000,Back,State,True,58.257657380329384,1305
6182,4,101,,SF,T,5.26,,"SAN FRANCISCO, ON VAN NESS AVENUE AT GOLDEN GATE AVENUE",-122.42037437547687,37.781037910130486,42500.0,3050,43500,Ahead,US,True,58.257657380329384,1305
6551,4,12,,SOL,L,1.801,,JCT. RTE. 80,-122.0923974943411,38.23919541060855,42500.0,3900,44500,Ahead,State,True,58.257657380329384,1305
7957,4,84,,ALA,R,27.254,,JACK LONDON BLVD,-121.80562047917054,37.68908974038309,42500.0,4850,45000,Ahead,State,True,58.257657380329384,1305
6547,4,12,,NAP,,2.3,,.2-MI N/O NAPA/SOLANO COUNTY LINE,-122.21867915445132,38.214691724221545,42000.0,4600,46500,Back,State,True,57.99984608280745,1314
6549,4,12,,NAP,,3.314,,SOLANO/NAPA COUNTY LINE,-122.2040227650951,38.20969532648442,42000.0,3600,45500,Back,State,True,57.99984608280745,1314
7202,4,29,,NAP,,4.706,,JCT. RTE. 12 EAST,-122.25789250126861,38.223166252981486,42000.0,3700,47000,Back,State,True,57.99984608280745,1314
8214,4,92,,ALA,,6.78,,"HAYWARD, SANTA CLARA STREET, END FREEWAY",-122.09138053945571,37.64935500177912,42000.0,3800,45000,Back,State,True,57.99984608280745,1314
24,4,37,,SOL,R,8.26,,WILSON AVENUE,-122.27152495672799,38.12393626142978,42000.0,3350,43000,Ahead,State,True,57.99984608280745,1314
6543,4,12,,NAP,,0.24,,KELLY ROAD,-122.25328245233338,38.2225556987582,42000.0,4600,46500,Ahead,State,True,57.99984608280745,1314
6547,4,12,,NAP,,2.3,,.2-MI N/O NAPA/SOLANO COUNTY LINE,-122.21867915445132,38.214691724221545,42000.0,4600,46500,Ahead,State,True,57.99984608280745,1314
7190,4,29,,NAP,,3.61,,KELLY ROAD SOUTH,-122.25606093432066,38.20764748400763,42000.0,3700,47000,Ahead,State,True,57.99984608280745,1314
8212,4,92,,ALA,,6.392,,"HAYWARD, JCT. RTE. 880",-122.09413376351212,37.644065492194834,42000.0,3800,45000,Ahead,State,True,57.99984608280745,1314
7164,4,29,,NAP,R,9.1,,IMOLA AVENUE,-122.29915299453235,38.26333830801206,41500.0,3750,44000,Back,State,True,57.753578574726795,1323
7957,4,84,,ALA,R,27.254,,JACK LONDON BLVD,-121.80562047917054,37.68908974038309,41500.0,4600,43500,Back,State,True,57.753578574726795,1323
6198,4,101,,SF,,5.352,,"SAN FRANCISCO, TURK STREET",-122.42056653589593,37.78198465297166,41500.0,3050,42500,Ahead,US,True,57.753578574726795,1323
7164,4,29,,NAP,R,9.1,,IMOLA AVENUE,-122.29915299453235,38.26333830801206,41500.0,3750,44000,Ahead,State,True,57.753578574726795,1323
7955,4,84,,ALA,R,26.215,,STANLEY BLVD,-121.80525009479574,37.674005549868966,41500.0,4600,43500,Ahead,State,True,57.753578574726795,1323
7262,4,35,,SM,,29.7,,"DALY CITY, WESTMOOR AVENUE",-122.48911716836486,37.683362343497286,41000.0,4550,44500,Back,State,True,57.576573803293826,1328
6180,4,101,,SF,T,4.86,,MARKET ST,-122.41922200854556,37.77520941234513,41000.0,2950,41500,Ahead,US,True,57.576573803293826,1328
7901,4,82,,SM,,10.554,,"SAN MATEO, JCT. RTE. 92",-122.31195160589722,37.55034237399183,41000.0,4250,42000,Ahead,State,True,57.576573803293826,1328
6182,4,101,,SF,T,5.26,,"SAN FRANCISCO, ON VAN NESS AVENUE AT GOLDEN GATE AVENUE",-122.42037437547687,37.781037910130486,40500.0,2800,41000,Back,US,True,57.391873172233346,1331
6200,4,101,,SF,,5.94,,"SAN FRANCISCO, CALIFORNIA STREET",-122.42224368424317,37.790388087386624,40500.0,3000,41500,Back,US,True,57.391873172233346,1331
6202,4,101,,SF,,6.712,,"SAN FRANCISCO, LOMBARD STREET",-122.42459603600237,37.801365297363226,40500.0,3100,41500,Back,US,True,57.391873172233346,1331
6357,4,113,,SOL,R,22.45,,SOLANO/ YOLO COUNTY LINE (PUTAH CREEK BRIDGE),-121.7685126468353,38.530897457821524,40500.0,4050,42500,Back,State,True,57.391873172233346,1331
6551,4,12,,SOL,L,1.801,,JCT. RTE. 80,-122.0923974943411,38.23919541060855,40500.0,3600,42500,Back,State,True,57.391873172233346,1331
6721,4,160,,CC,,0.486,,WILBUR AVENUE,-121.75202568676282,38.011980854707325,40500.0,4150,46500,Back,State,True,57.391873172233346,1331
7875,4,82,,SCL,,20.67,,"MOUNTAIN VIEW, EL MONTE AVENUE",-122.09518073111116,37.39198229437907,40500.0,3700,41500,Back,State,True,57.391873172233346,1331
6559,4,12,,SOL,,0,,SOLANO/NAPA COUNTY LINE,-122.2040227650951,38.20969532648442,40500.0,3600,42500,Ahead,State,True,57.391873172233346,1331
6723,4,160,,CC,,0,,JCT. E 18TH ST/MAIN ST,-121.75363664634162,38.0051028902403,40500.0,4050,47000,Ahead,State,True,57.391873172233346,1331
7875,4,82,,SCL,,20.67,,"MOUNTAIN VIEW, EL MONTE AVENUE",-122.09518073111116,37.39198229437907,40500.0,3700,41500,Ahead,State,True,57.391873172233346,1331
7877,4,82,,SCL,,21.84,,"LOS ALTOS, SAN ANTONIO AVENUE",-122.11357146381582,37.4013328629347,40500.0,3700,41500,Ahead,State,True,57.391873172233346,1331
7879,4,82,,SCL,,22.67,,"PALO ALTO, CHARLESTON ROAD",-122.12327814314304,37.410533700002176,40000.0,3700,41000,Back,State,True,57.16099738340773,1342
6200,4,101,,SF,,5.94,,"SAN FRANCISCO, CALIFORNIA STREET",-122.42224368424317,37.790388087386624,39500.0,3050,40500,Ahead,US,True,56.97244882253347,1343
7310,4,4,,CC,R,0.778,,"HERCULES, WILLOW AVENUE",-122.2555485586388,38.01378129204277,39500.0,2950,42500,Ahead,State,True,56.97244882253347,1343
7863,4,82,,SCL,,15.32,,"SUNNYVALE, WOLFE ROAD",-122.01413802030002,37.353194188920334,39000.0,3700,40000,Back,State,True,56.73387717408035,1345
7873,4,82,,SCL,,19.87,,"MOUNTAIN VIEW, CASTRO STREET",-122.08387976942836,37.38582378985673,39000.0,3700,39500,Back,State,True,56.73387717408035,1345
7877,4,82,,SCL,,21.84,,"LOS ALTOS, SAN ANTONIO AVENUE",-122.11357146381582,37.4013328629347,39000.0,3700,39500,Back,State,True,56.73387717408035,1345
7881,4,82,,SCL,,24.04,,"PALO ALTO, PAGE MILL ROAD",-122.14196746327173,37.42312666747287,39000.0,3550,39500,Back,State,True,56.73387717408035,1345
7879,4,82,,SCL,,22.67,,"PALO ALTO, CHARLESTON ROAD",-122.12327814314304,37.410533700002176,39000.0,3550,39500,Ahead,State,True,56.73387717408035,1345
24,4,37,,SOL,R,8.26,,WILSON AVENUE,-122.27152495672799,38.12393626142978,38500.0,3050,39500,Back,State,True,56.418346929352005,1350
6332,4,101,,SON,,36.274,,DRY CREEK ROAD,-122.87811287694582,38.62606478257321,38500.0,3750,41500,Back,US,True,56.418346929352005,1350
6703,4,152,,SCL,R,23.409,,CASA DE FRUTA,-121.38434695316161,36.98818865408465,38500.0,4050,47000,Back,State,True,56.418346929352005,1350
7176,4,29,,NAP,,15.581,,OAK KNOLL AVENUE,-122.33135794601438,38.35309882873267,38500.0,3700,42500,Back,State,True,56.418346929352005,1350
7178,4,29,,NAP,,19.031,,CALIFORNIA DRIVE,-122.35889106333424,38.39753462926726,38500.0,3700,42500,Back,State,True,56.418346929352005,1350
8216,4,92,,ALA,,6.798,,"HAYWARD, JCT. RTES.  185/238",-122.0912051622611,37.649689581780834,38500.0,3600,41500,Back,State,True,56.418346929352005,1350
6330,4,101,,SON,,34.877,,"HEALDSBURG, WESTSIDE ROAD",-122.87279246004684,38.60714797840999,38500.0,3750,41500,Ahead,US,True,56.418346929352005,1350
6657,4,131,,MRN,,0,,JCT. RTE. 101,-122.51572139803656,37.90271999665652,38500.0,4250,41000,Ahead,State,True,56.418346929352005,1350
6701,4,152,,SCL,R,21.977,,JCT. RTE. 156 SOUTH,-121.38289788437008,36.96929640768767,38500.0,4050,46000,Ahead,State,True,56.418346929352005,1350
7174,4,29,,NAP,,13.058,,JCT. TRANCAS/REDWOOD ROADS,-122.3083429188907,38.321307588994664,38500.0,3700,42500,Ahead,State,True,56.418346929352005,1350
7176,4,29,,NAP,,15.581,,OAK KNOLL AVENUE,-122.33135794601438,38.35309882873267,38500.0,3700,42500,Ahead,State,True,56.418346929352005,1350
8214,4,92,,ALA,,6.78,,"HAYWARD, SANTA CLARA STREET, END FREEWAY",-122.09138053945571,37.64935500177912,38500.0,3600,41500,Ahead,State,True,56.418346929352005,1350
6555,4,12,,SOL,R,4.072,,PENNSYLVANIA AVENUE,-122.05046903269667,38.24119180778526,38000.0,3500,40000,Back,State,True,56.148991842388796,1362
6695,4,152,,SCL,M,10.277,,"GILROY, JCT. RTE. 101",-121.56665658066153,37.022332606388176,38000.0,3950,44000,Back,State,True,56.148991842388796,1362
6705,4,152,,SCL,R,26.309,,PACHECO CREEK BRIDGE,-121.3446641719297,37.012702094243764,38000.0,4050,46000,Back,State,True,56.148991842388796,1362
6915,4,237,,SCL,R,0.375,,"MOUNTAIN VIEW, JCT. RTE. 85",-122.06832847209795,37.38404596885097,38000.0,3700,41000,Back,State,True,56.148991842388796,1362
7158,4,29,,NAP,R,2.767,,GREEN ISLAND ROAD,-122.2560400377105,38.19516818457753,38000.0,3100,42000,Back,State,True,56.148991842388796,1362
7190,4,29,,NAP,,3.61,,KELLY ROAD SOUTH,-122.25606093432066,38.20764748400763,38000.0,3100,42000,Back,State,True,56.148991842388796,1362
7901,4,82,,SM,,10.554,,"SAN MATEO, JCT. RTE. 92",-122.31195160589722,37.55034237399183,38000.0,4000,38500,Back,State,True,56.148991842388796,1362
6553,4,12,,SOL,L,3.206,,"FAIRFIELD, BECK AVENUE",-122.06632892648005,38.24024984753936,38000.0,3500,40000,Ahead,State,True,56.148991842388796,1362
6703,4,152,,SCL,R,23.409,,CASA DE FRUTA,-121.38434695316161,36.98818865408465,38000.0,4050,46000,Ahead,State,True,56.148991842388796,1362
6705,4,152,,SCL,R,26.309,,PACHECO CREEK BRIDGE,-121.3446641719297,37.012702094243764,38000.0,4050,46000,Ahead,State,True,56.148991842388796,1362
7158,4,29,,NAP,R,2.767,,GREEN ISLAND ROAD,-122.2560400377105,38.19516818457753,38000.0,3100,42000,Ahead,State,True,56.148991842388796,1362
7166,4,29,,NAP,,0.69,,AMERICAN CANYON ROAD,-122.25274655067255,38.16558550542144,38000.0,3100,42000,Ahead,State,True,56.148991842388796,1362
6875,4,1,,SM,,42.014,,"PACIFICA, ROCKAWAY BEACH AVENUE",-122.49518614150861,37.60871979867829,37500.0,3200,38500,Back,State,True,55.85654917654303,1374
7863,4,82,,SCL,,15.32,,"SUNNYVALE, WOLFE ROAD",-122.01413802030002,37.353194188920334,37500.0,3450,38500,Ahead,State,True,55.85654917654303,1374
7873,4,82,,SCL,,19.87,,"MOUNTAIN VIEW, CASTRO STREET",-122.08387976942836,37.38582378985673,37500.0,3450,38000,Ahead,State,True,55.85654917654303,1374
7921,4,82,,SM,,20.662,,"SOUTH SAN FRANCISCO, CHESTNUT AVENUE/WESTBOROUGH BOULEVARD",-122.43446770081297,37.65531395740437,37500.0,4000,38000,Ahead,State,True,55.85654917654303,1374
6577,4,12,,SON,R,14.45,,"SANTA ROSA, STONY POINT ROAD",-122.74176344890013,38.430479598413235,37000.0,3850,38500,Back,State,True,55.641065106972455,1378
6707,4,152,,SCL,R,35.161,,SANTA CLARA/MERCED COUNTY LINE,-121.21397815193149,37.067686377719106,37000.0,3850,44500,Back,State,True,55.641065106972455,1378
6575,4,12,,SON,R,12.94,,WRIGHT/FULTON ROADS,-122.76915427936721,38.42748299471641,37000.0,3850,38500,Ahead,State,True,55.641065106972455,1378
7284,4,37,,SOL,R,7.213,,WALNUT AVENUE,-122.28892897722963,38.11743976088228,37000.0,3300,41000,Ahead,State,True,55.641065106972455,1378
6346,4,112,,ALA,,0.602,,JCT. RTE. 880,-122.17672362207584,37.71912792389611,36500.0,2900,37000,Ahead,State,True,55.46406033553948,1382
6543,4,12,,NAP,,0.24,,KELLY ROAD,-122.25328245233338,38.2225556987582,36000.0,3600,37500,Back,State,True,55.256272125596425,1383
7246,4,35,,SM,R,28.687,,"DALY CITY, JCT. RTE. 1",-122.4849998345832,37.668562336795524,36000.0,4700,38500,Back,State,True,55.256272125596425,1383
7278,4,37,,MRN,,14.473,,PETALUMA CREEK,-122.50727138094344,38.11423834514725,36000.0,3550,43500,Back,State,True,55.256272125596425,1383
7280,4,37,,MRN,,14.617,,MARIN/SONOMA COUNTY LINE,-122.50570531646761,38.115461446730585,36000.0,3550,43500,Back,State,True,55.256272125596425,1383
7294,4,37,,SON,,2.06,,LAKEVILLE ROAD,-122.47631351026472,38.13399674108499,36000.0,3550,43500,Back,State,True,55.256272125596425,1383
7296,4,37,,SON,,3.9,,JCT. RTE. 121 NORTH,-122.44931253785116,38.15086218816177,36000.0,3550,43500,Back,State,True,55.256272125596425,1383
6202,4,101,,SF,,6.712,,"SAN FRANCISCO, LOMBARD STREET",-122.42459603600237,37.801365297363226,36000.0,2800,37500,Ahead,US,True,55.256272125596425,1383
7276,4,37,,MRN,,13.773,,ATHERTON AVENUE,-122.51161522043242,38.10541738435547,36000.0,3550,43500,Ahead,State,True,55.256272125596425,1383
7278,4,37,,MRN,,14.473,,PETALUMA CREEK,-122.50727138094344,38.11423834514725,36000.0,3550,43500,Ahead,State,True,55.256272125596425,1383
7292,4,37,,SON,,0,,MARIN/SONOMA COUNTY LINE,-122.50570531646761,38.115461446730585,36000.0,3550,43500,Ahead,State,True,55.256272125596425,1383
7294,4,37,,SON,,2.06,,LAKEVILLE ROAD,-122.47631351026472,38.13399674108499,36000.0,3550,43500,Ahead,State,True,55.256272125596425,1383
6831,4,1,,SM,R,43.744,,"PACIFICA, CLAREDON ROAD/ OCEANA BOULEVARD",-122.48930170657871,37.62971146251424,35500.0,3050,37500,Back,State,True,54.98306910881946,1394
6835,4,1,,SM,R,45.39,,"PACIFICA, MONTEREY ROAD",-122.49011843058054,37.65307266842573,35500.0,2600,38000,Back,State,True,54.98306910881946,1394
7865,4,82,,SCL,,16.762,,"SUNNYVALE, SARATOGA/SUNNYVALE ROADS",-122.03205012882471,37.36770329755382,35500.0,3250,36000,Back,State,True,54.98306910881946,1394
6829,4,1,,SM,R,43.464,,"PACIFICA, SHARP PARK ROAD",-122.48764634058051,37.62604709093029,35500.0,3050,37500,Ahead,State,True,54.98306910881946,1394
6833,4,1,,SM,R,44.88,,"PACIFICA, MILAGRA DRIVE",-122.49163026735594,37.64589752092183,35500.0,2600,38000,Ahead,State,True,54.98306910881946,1394
7951,4,84,,ALA,R,17.987,,JCT. RTE. 680,-121.86981946129913,37.592695508138156,35500.0,4000,37500,Ahead,State,True,54.98306910881946,1394
6589,4,12,,SON,T,18.544,,"SANTA ROSA, FARMERS LANE",-122.68848033596339,38.449719978442246,35000.0,3550,36000,Back,State,True,54.71371402185624,1400
7276,4,37,,MRN,,13.773,,ATHERTON AVENUE,-122.51161522043242,38.10541738435547,35000.0,3450,42500,Back,State,True,54.71371402185624,1400
7284,4,37,,SOL,R,7.213,,WALNUT AVENUE,-122.28892897722963,38.11743976088228,35000.0,3400,41500,Back,State,True,54.71371402185624,1400
7374,4,505,,SOL,R,1.45,,VACA VALLEY PARKWAY,-121.94965679200074,38.39399980151708,35000.0,3400,37500,Back,Interstate,True,54.71371402185624,1400
8001,4,84,,SM,,22.682,,"REDWOOD CITY, ALAMEDA DE LAS PULGAS",-122.23150820882286,37.448709122141786,35000.0,2850,36000,Back,State,True,54.71371402185624,1400
6587,4,12,,SON,T,17.53,,"SANTA ROSA, FARMERS LANE",-122.68798046483026,38.435151857554075,35000.0,3550,36000,Ahead,State,True,54.71371402185624,1400
7272,4,37,,MRN,R,11.2,,"NOVATO, JCT. RTE. 101",-122.54457211570616,38.0792391327698,35000.0,3450,42500,Ahead,State,True,54.71371402185624,1400
7282,4,37,,SOL,R,0,,SONOMA/SOLANO COUNTY LINE,-122.40682009860004,38.15567781021936,35000.0,3500,42000,Ahead,State,True,54.71371402185624,1400
7304,4,380,,SM,,6.76,,SOUTH AIRPORT ROAD,-122.39768938040542,37.63859705636739,35000.0,2600,37500,Ahead,Interstate,True,54.71371402185624,1400
7372,4,505,,SOL,R,0,,"VACAVILLE, JCT. RTE. 80",-121.953393983907,38.37329629966535,35000.0,3400,37500,Ahead,Interstate,True,54.71371402185624,1400
7933,4,82,,SM,,3.435,,JCT. RTE. 84,-122.22180769553174,37.476530721981966,35000.0,3300,36000,Ahead,State,True,54.71371402185624,1400
7999,4,84,,SM,,21.537,,"WOODSIDE, JCT. RTE. 280",-122.24319951454773,37.435307543106596,35000.0,2850,36000,Ahead,State,True,54.71371402185624,1400
8266,4,9,,SCL,,11.06,,"LOS GATOS, SANTA CRUZ AVENUE",-121.98097236823236,37.22894780820905,35000.0,3250,38000,Ahead,State,True,54.71371402185624,1400
7270,4,35,,SM,,31.537,,SAN MATEO/SAN FRANCISCO COUNTY LINE,-122.49810089792446,37.70827961071789,34500.0,4000,35500,Back,State,True,54.49822995228567,1413
7915,4,82,,SM,,17.99,,"SAN BRUNO, TAYLOR/SAN MATEO AVENUE",-122.41122038732313,37.62110962335238,34500.0,3600,35000,Back,State,True,54.49822995228567,1413
8005,4,84,,SM,,24.704,,"REDWOOD CITY, JCT. RTE. 82",-122.22175499496728,37.476461266430704,34500.0,3800,35500,Back,State,True,54.49822995228567,1413
6555,4,12,,SOL,R,4.072,,PENNSYLVANIA AVENUE,-122.05046903269667,38.24119180778526,34500.0,3150,36500,Ahead,State,True,54.49822995228567,1413
7268,4,35,,SM,,30.834,,JOHN DALY BOULEVARD,-122.49486916646904,37.69850780077603,34500.0,4000,35500,Ahead,State,True,54.49822995228567,1413
7915,4,82,,SM,,17.99,,"SAN BRUNO, TAYLOR/SAN MATEO AVENUE",-122.41122038732313,37.62110962335238,34500.0,3600,35000,Ahead,State,True,54.49822995228567,1413
8003,4,84,,SM,,23.497,,"REDWOOD CITY, VALOTA ROAD",-122.22619710655508,37.45959932298571,34500.0,3800,35500,Ahead,State,True,54.49822995228567,1413
60,4,82,,SM,,21.945,,"SOUTH SAN FRANCISCO, HICKEY BOULEVARD",-122.45132900683066,37.66645387981218,34000.0,4000,35000,Back,State,True,54.14422040941973,1420
6330,4,101,,SON,,34.877,,"HEALDSBURG, WESTSIDE ROAD",-122.87279246004684,38.60714797840999,34000.0,3300,36500,Back,US,True,54.14422040941973,1420
7290,4,37,,SON,R,6.245,,SONOMA/SOLANO COUNTY LINE,-122.40682009860004,38.15567781021936,34000.0,3400,40000,Back,State,True,54.14422040941973,1420
7883,4,82,,SCL,,25.45,,"PALO ALTO, EMBARCADERO ROAD",-122.16001377740493,37.43736548707667,34000.0,3250,34500,Back,State,True,54.14422040941973,1420
8268,4,9,,SCL,,11.448,,"LOS GATOS, JCT. RTE. 17",-121.97509847593066,37.2265655411075,34000.0,2950,37000,Back,State,True,54.14422040941973,1420
6328,4,101,,SON,,34.551,,SOUTH HEALDSBURG,-122.8683092559247,38.604018058736386,34000.0,3300,36500,Ahead,US,True,54.14422040941973,1420
6831,4,1,,SM,R,43.744,,"PACIFICA, CLAREDON ROAD/ OCEANA BOULEVARD",-122.48930170657871,37.62971146251424,34000.0,2750,35000,Ahead,State,True,54.14422040941973,1420
7296,4,37,,SON,,3.9,,JCT. RTE. 121 NORTH,-122.44931253785116,38.15086218816177,34000.0,3400,40000,Ahead,State,True,54.14422040941973,1420
7861,4,82,,SCL,,14.3,,"SANTA CLARA, LAWRENCE EXPRESSWAY",-121.99565556690989,37.35244968584393,34000.0,3450,38500,Ahead,State,True,54.14422040941973,1420
7867,4,82,,SCL,,17.035,,MATHILDA AVENUE,-122.03700219064311,37.36917412765566,34000.0,3150,35000,Ahead,State,True,54.14422040941973,1420
7881,4,82,,SCL,,24.04,,"PALO ALTO, PAGE MILL ROAD",-122.14196746327173,37.42312666747287,34000.0,3250,34500,Ahead,State,True,54.14422040941973,1420
7180,4,29,,NAP,,22.52,,OAKVILLE GRADE ROAD,-122.4004894569938,38.43430246365202,33500.0,3200,36500,Back,State,True,53.74403570878867,1431
7268,4,35,,SM,,30.834,,JOHN DALY BOULEVARD,-122.49486916646904,37.69850780077603,33500.0,3650,37500,Back,State,True,53.74403570878867,1431
7310,4,4,,CC,R,0.778,,"HERCULES, WILLOW AVENUE",-122.2555485586388,38.01378129204277,33500.0,2450,36000,Back,State,True,53.74403570878867,1431
7945,4,82,,SM,,9.33,,"SAN MATEO, HILLSDALE BOULEVARD",-122.2973260116873,37.53699113298597,33500.0,3400,33500,Back,State,True,53.74403570878867,1431
6545,4,12,,NAP,,0,,"JCT. RTE. 29, NAPA, SOUTH",-122.25789250126861,38.223166252981486,33500.0,3400,34500,Ahead,State,True,53.74403570878867,1431
6873,4,1,,SM,,40.959,,"PACIFICA, LINDA MAR BOULEVARD",-122.50382727158515,37.59594350868015,33500.0,2850,34000,Ahead,State,True,53.74403570878867,1431
7178,4,29,,NAP,,19.031,,CALIFORNIA DRIVE,-122.35889106333424,38.39753462926726,33500.0,3200,36500,Ahead,State,True,53.74403570878867,1431
7230,4,35,,SF,,0.8,,"SAN FRANCISCO, JOHN MUIR DRIVE",-122.50016896343895,37.719214330241634,33500.0,3850,36500,Ahead,State,True,53.74403570878867,1431
6591,4,12,,SON,,18.35,,"SANTA ROSA, BRUSH CREEK ROAD",-122.68073280232073,38.454432369246334,33000.0,3950,35500,Back,State,True,53.44389718331538,1439
6959,4,238,,ALA,,3.644,,NORTH JCT. RTE 84,-121.97163734170111,37.57653407511911,33000.0,2900,34500,Back,State,True,53.44389718331538,1439
7861,4,82,,SCL,,14.3,,"SANTA CLARA, LAWRENCE EXPRESSWAY",-121.99565556690989,37.35244968584393,33000.0,3000,33500,Back,State,True,53.44389718331538,1439
6589,4,12,,SON,T,18.544,,"SANTA ROSA, FARMERS LANE",-122.68848033596339,38.449719978442246,33000.0,3950,35500,Ahead,State,True,53.44389718331538,1439
6957,4,238,,ALA,,3.314,,"FREMONT, SOUTH JCT. RTE. 84 WEST",-121.96811818888064,37.57270704021355,33000.0,2900,34500,Ahead,State,True,53.44389718331538,1439
7883,4,82,,SCL,,25.45,,"PALO ALTO, EMBARCADERO ROAD",-122.16001377740493,37.43736548707667,33000.0,3150,33500,Ahead,State,True,53.44389718331538,1439
6669,4,13,,ALA,,10.79,,"BERKELEY, CLAREMONT AVENUE",-122.24531200354967,37.85807747014545,32500.0,3450,34500,Back,State,True,53.05140834231183,1445
7266,4,35,,SM,,30.27,,"DALY CITY, WESTRIDGE AVENUE",-122.49263434219677,37.69062374107212,32500.0,3500,35500,Back,State,True,53.05140834231183,1445
8003,4,84,,SM,,23.497,,"REDWOOD CITY, VALOTA ROAD",-122.22619710655508,37.45959932298571,32500.0,3600,33000,Back,State,True,53.05140834231183,1445
6667,4,13,,ALA,,10.69,,"BERKELEY, DOMINGO AVENUE",-122.24385410252223,37.858101953446706,32500.0,3450,34500,Ahead,State,True,53.05140834231183,1445
7266,4,35,,SM,,30.27,,"DALY CITY, WESTRIDGE AVENUE",-122.49263434219677,37.69062374107212,32500.0,4050,34500,Ahead,State,True,53.05140834231183,1445
7945,4,82,,SM,,9.33,,"SAN MATEO, HILLSDALE BOULEVARD",-122.2973260116873,37.53699113298597,32500.0,3300,33000,Ahead,State,True,53.05140834231183,1445
8001,4,84,,SM,,22.682,,"REDWOOD CITY, ALAMEDA DE LAS PULGAS",-122.23150820882286,37.448709122141786,32500.0,3600,33000,Ahead,State,True,53.05140834231183,1445
6342,4,109,,SM,,1.87,,"MENLO PARK, JCT. RTE. 84",-122.14261603882206,37.48647723933729,32000.0,4300,33000,Back,State,True,52.70509465907342,1452
6557,4,12,,SOL,R,5.15,,MARINA BOULEVARD (MILEPOST EQUATION),-122.03154299750747,38.24447526157085,32000.0,3000,34000,Back,State,True,52.70509465907342,1452
7021,4,260,,ALA,R,1.124,L,"ALAMEDA, WEBSTER TUBE, LEFT ALIGN",-122.27849393309026,37.787096590102436,32000.0,1950,33000,Back,State,True,52.70509465907342,1452
7022,4,260,,ALA,R,1.124,R,"ALAMEDA, POSEY TUBE, RIGHT ALIGN",-122.27668198804305,37.78742260449492,32000.0,3200,32500,Back,State,True,52.70509465907342,1452
7023,4,260,,ALA,R,1.924,L,"OAKLAND, JCT RTE 880, END LEFT ALIGN",-122.27258798171268,37.797573085779334,32000.0,1950,33000,Back,State,True,52.70509465907342,1452
7024,4,260,,ALA,R,1.924,R,"OAKLAND, JCT RTE 880, END RIGHT ALIGN",-122.27131801363262,37.79705782074019,32000.0,3200,32500,Back,State,True,52.70509465907342,1452
6340,4,109,,SM,,1.103,,NOTRE DAME AVENUE,-122.13954089809368,37.475924024926606,32000.0,4300,33000,Ahead,State,True,52.70509465907342,1452
7017,4,260,,ALA,R,0.64,,BEGIN ROUTE ATLANTIC AVE,-122.27647404602111,37.78081008589723,32000.0,3200,32500,Ahead,State,True,52.70509465907342,1452
7019,4,260,,ALA,R,0.838,L,BEGIN LEFT ALIGN,-122.27669953214057,37.78351857318561,32000.0,1950,33000,Ahead,State,True,52.70509465907342,1452
7020,4,260,,ALA,R,0.838,R,BEGIN RIGHT ALIGN,-122.2765070779724,37.78382761393273,32000.0,3200,32500,Ahead,State,True,52.70509465907342,1452
7021,4,260,,ALA,R,1.124,L,"ALAMEDA, WEBSTER TUBE, LEFT ALIGN",-122.27849393309026,37.787096590102436,32000.0,1950,33000,Ahead,State,True,52.70509465907342,1452
7022,4,260,,ALA,R,1.124,R,"ALAMEDA, POSEY TUBE, RIGHT ALIGN",-122.27668198804305,37.78742260449492,32000.0,3200,32500,Ahead,State,True,52.70509465907342,1452
7885,4,82,,SCL,,25.877,,"PALO ALTO, UNIVERSITY AVENUE",-122.16529020829601,37.4420445318842,32000.0,2950,32500,Ahead,State,True,52.70509465907342,1452
6348,4,112,,ALA,,1.507,,"SAN LEANDRO, SAN LEANDRO BOULEVARD",-122.16136958490029,37.72390973210696,31500.0,2500,32000,Back,State,True,52.3780206249038,1465
6593,4,12,,SON,,19.442,,"SANTA ROSA, MIDDLE RINCON ROAD",-122.66494603140153,38.463781134481934,31500.0,3650,34000,Back,State,True,52.3780206249038,1465
6771,4,1,,MRN,,0.65,,"TAMALPAIS JUNCTION, ALMONTE BOULEVARD",-122.5249492609443,37.882157256440266,31500.0,2900,32500,Back,State,True,52.3780206249038,1465
7885,4,82,,SCL,,25.877,,"PALO ALTO, UNIVERSITY AVENUE",-122.16529020829601,37.4420445318842,31500.0,2950,32000,Back,State,True,52.3780206249038,1465
7953,4,84,,ALA,R,25.314,,CONCANNON BLVD,-121.80549708119324,37.660897603724344,31500.0,3600,33000,Back,State,True,52.3780206249038,1465
6344,4,112,,ALA,R,0,,"SAN LEANDRO, JCT. RTE. 61",-122.18701344815962,37.71631440179008,31500.0,2500,32000,Ahead,State,True,52.3780206249038,1465
6591,4,12,,SON,,18.35,,"SANTA ROSA, BRUSH CREEK ROAD",-122.68073280232073,38.454432369246334,31500.0,3650,34000,Ahead,State,True,52.3780206249038,1465
6773,4,1,,MRN,,0,,JCT. RTE. 101,-122.51631238618725,37.880229929996354,31500.0,2900,32500,Ahead,State,True,52.3780206249038,1465
7230,4,35,,SF,,0.8,,"SAN FRANCISCO, JOHN MUIR DRIVE",-122.50016896343895,37.719214330241634,31000.0,3650,34500,Back,State,True,52.15099276589194,1473
7344,4,4,,CC,R,38.049,,MARSH CREEK/VASCO RD,-121.7128108918613,37.895805839255495,31000.0,2650,32000,Back,State,True,52.15099276589194,1473
7899,4,82,,SM,,1.89,,"ATHERTON, ATHERTON AVENUE",-122.20021145319477,37.46221907189694,31000.0,2950,31000,Back,State,True,52.15099276589194,1473
7342,4,4,,CC,R,35.598,,BALFOUR ROAD,-121.7328928495137,37.92527586034855,31000.0,2650,32000,Ahead,State,True,52.15099276589194,1473
7899,4,82,,SM,,1.89,,"ATHERTON, ATHERTON AVENUE",-122.20021145319477,37.46221907189694,31000.0,2950,31000,Ahead,State,True,52.15099276589194,1473
6569,4,12,,SOL,,5.76,,GRIZZLY ISLAND ROAD/  SUNSET AVENUE,-122.02034661769007,38.2435124984242,30500.0,2850,32500,Back,State,True,51.88163767892874,1478
7378,4,505,,SOL,R,3.058,,MIDWAY ROAD,-121.9442735864567,38.41690970094499,30500.0,3350,32500,Back,Interstate,True,51.88163767892874,1478
7867,4,82,,SCL,,17.035,,MATHILDA AVENUE,-122.03700219064311,37.36917412765566,30500.0,2950,31000,Back,State,True,51.88163767892874,1478
7895,4,82,,SM,,0.771,,"MENLO PARK, SANTA CRUZ AVENUE",-122.1829744321994,37.45367246716397,30500.0,2850,30500,Back,State,True,51.88163767892874,1478
7935,4,82,,SM,,4.43,,"REDWOOD CITY, BROADWAY",-122.23485728001735,37.48622620773615,30500.0,2850,32000,Back,State,True,51.88163767892874,1478
7262,4,35,,SM,,29.7,,"DALY CITY, WESTMOOR AVENUE",-122.48911716836486,37.683362343497286,30500.0,3950,33000,Ahead,State,True,51.88163767892874,1478
7374,4,505,,SOL,R,1.45,,VACA VALLEY PARKWAY,-121.94965679200074,38.39399980151708,30500.0,3350,32500,Ahead,Interstate,True,51.88163767892874,1478
7865,4,82,,SCL,,16.762,,"SUNNYVALE, SARATOGA/SUNNYVALE ROADS",-122.03205012882471,37.36770329755382,30500.0,2950,31000,Ahead,State,True,51.88163767892874,1478
7923,4,82,,SM,,22.434,,"COLMA, MISSION ROAD",-122.4541908767308,37.673165584767354,30500.0,3400,31000,Ahead,State,True,51.88163767892874,1478
6497,4,123,,CC,,2.1,,CUTTING BOULEVARD,-122.31849616332207,37.92541488028998,30000.0,2500,30500,Back,State,True,51.56995536401416,1487
6947,4,238,,ALA,R,14.469,,JCT. RTE. 580,-122.09815632053973,37.69017663273844,30000.0,2500,30500,Back,State,True,51.56995536401416,1487
6961,4,238,,ALA,,4.3,,"FREMONT, SULLIVAN UNDERPASS",-121.98306312698756,37.5791739607406,30000.0,2900,30500,Back,State,True,51.56995536401416,1487
6963,4,238,,ALA,,4.72,,"FREMONT, NURSERY AVENUE",-121.99034125945317,37.58069328447539,30000.0,2900,30500,Back,State,True,51.56995536401416,1487
7955,4,84,,ALA,R,26.215,,STANLEY BLVD,-121.80525009479574,37.674005549868966,30000.0,3500,31500,Back,State,True,51.56995536401416,1487
8116,4,880,,ALA,R,34.7,R,"WEST GRAND AVENUE, END RIGHT ALIGN",-122.29274158809388,37.821476787442,30000.0,2100,30000,Back,Interstate,True,51.56995536401416,1487
6959,4,238,,ALA,,3.644,,NORTH JCT. RTE 84,-121.97163734170111,37.57653407511911,30000.0,2900,30500,Ahead,State,True,51.56995536401416,1487
6961,4,238,,ALA,,4.3,,"FREMONT, SULLIVAN UNDERPASS",-121.98306312698756,37.5791739607406,30000.0,2900,30500,Ahead,State,True,51.56995536401416,1487
6965,4,238,,ALA,,6.78,,"UNION CITY, DECOTO ROAD",-122.01564021815241,37.60241988556713,30000.0,2500,30500,Ahead,State,True,51.56995536401416,1487
7232,4,35,,SF,,0,,SAN MATEO/SAN FRANCISCO COUNTY LINE,-122.49810089792446,37.70827961071789,30000.0,3650,33500,Ahead,State,True,51.56995536401416,1487
7236,4,35,,SF,,2.122,,"SAN FRANCISCO, SUNSET BOULEVARD",-122.49379342313651,37.733819569545595,30000.0,3550,34000,Ahead,State,True,51.56995536401416,1487
7953,4,84,,ALA,R,25.314,,CONCANNON BLVD,-121.80549708119324,37.660897603724344,30000.0,3500,31500,Ahead,State,True,51.56995536401416,1487
8114,4,880,,ALA,R,34.18,R,"ROUTE 880 CONNECTION TO THE SAN FRANCISCO-OAKLAND BAY BRIDGE, RIGHT ALIGN",-122.29865567281801,37.81551803331511,30000.0,2100,30000,Ahead,Interstate,True,51.56995536401416,1487
6256,4,101,,SON,R,38.558,,LYTTON SPRINGS ROAD,-122.87424164561938,38.65934925925172,29500.0,2850,31500,Back,US,True,51.1697706633831,1500
6575,4,12,,SON,R,12.94,,WRIGHT/FULTON ROADS,-122.76915427936721,38.42748299471641,29500.0,3050,30500,Back,State,True,51.1697706633831,1500
6595,4,12,,SON,,20.1,,"SANTA ROSA, CALISTOGA ROAD",-122.65336302387234,38.46484145640695,29500.0,3600,32000,Back,State,True,51.1697706633831,1500
7967,4,84,,ALA,,10.83,,"FREMONT, JCT. RTE. 238",-121.97163734170111,37.57653407511911,29500.0,3350,30000,Back,State,True,51.1697706633831,1500
8115,4,880,,ALA,R,34.7,L,WEST GRAND AVENUE,-122.29290281592444,37.82167679272226,29500.0,2000,30000,Back,Interstate,True,51.1697706633831,1500
6332,4,101,,SON,,36.274,,DRY CREEK ROAD,-122.87811287694582,38.62606478257321,29500.0,2850,31500,Ahead,US,True,51.1697706633831,1500
6593,4,12,,SON,,19.442,,"SANTA ROSA, MIDDLE RINCON ROAD",-122.66494603140153,38.463781134481934,29500.0,3600,32000,Ahead,State,True,51.1697706633831,1500
6637,4,12,,SON,,9.54,,SEBASTOPOL EAST CITY LIMITS,-122.81833369674494,38.40305325679094,29500.0,3050,30500,Ahead,State,True,51.1697706633831,1500
7897,4,82,,SM,,0,,SANTA CLARA/SAN MATEO COUNTY LINE,-122.17168477940773,37.446971737574394,29500.0,2750,29500,Ahead,State,True,51.1697706633831,1500
7973,4,84,,ALA,,6.923,,NORTH JCT. RTE. 880,-122.02288513990202,37.54673014571604,29500.0,3350,30000,Ahead,State,True,51.1697706633831,1500
8113,4,880,,ALA,R,34.18,L,"ROUTE 880 CONNECTION TO SAN FRANCISCO-OAKLAND BAY BRIDGE, LEFT ALIGN",-122.29921358589826,37.815999318342726,29500.0,2000,30000,Ahead,Interstate,True,51.1697706633831,1500
6957,4,238,,ALA,,3.314,,"FREMONT, SOUTH JCT. RTE. 84 WEST",-121.96811818888064,37.57270704021355,29000.0,2500,29500,Back,State,True,50.83500076958596,1511
7214,4,29,,SOL,,4.732,,LEWIS BROWN DR/JCT. RTE. 37,-122.25607629281706,38.13767342274302,29000.0,3350,32500,Back,State,True,50.83500076958596,1511
6863,4,1,,SM,,29.12,,"HALF MOON BAY, MAIN STREET",-122.43347291365386,37.46929560915974,29000.0,2500,31000,Ahead,State,True,50.83500076958596,1511
6949,4,238,,ALA,,0,,"FREMONT, JCT. RTE. 680",-121.92453980682525,37.540712127370604,29000.0,2500,29500,Ahead,State,True,50.83500076958596,1511
7895,4,82,,SM,,0.771,,"MENLO PARK, SANTA CRUZ AVENUE",-122.1829744321994,37.45367246716397,29000.0,2750,29000,Ahead,State,True,50.83500076958596,1511
6485,4,123,,ALA,,5.177,,ALAMEDA/CONTRA COSTA COUNTY LINE,-122.30155264438788,37.89840520640449,28500.0,2500,29000,Back,State,True,50.49253501616131,1516
6487,4,123,,CC,,0.05,,"EL CERRITO, CARLSON BOULEVARD",-122.3017669725332,37.89892144159943,28500.0,2400,29000,Back,State,True,50.49253501616131,1516
7234,4,35,,SF,,1.83,,"SAN FRANCISCO, SLOAT BOULEVARD",-122.49817642557862,37.732223926811145,28500.0,3450,31500,Back,State,True,50.49253501616131,1516
7236,4,35,,SF,,2.122,,"SAN FRANCISCO, SUNSET BOULEVARD",-122.49379342313651,37.733819569545595,28500.0,3350,31500,Back,State,True,50.49253501616131,1516
7238,4,35,,SF,,3.164,,"SAN FRANCISCO, JCT. RTE. 1",-122.47513098149942,37.73453952554124,28500.0,3450,31500,Back,State,True,50.49253501616131,1516
7348,4,4,,CC,R,44.367,,BYRON HIGHWAY,-121.64102641959093,37.89032660903588,28500.0,2650,29500,Back,State,True,50.49253501616131,1516
6491,4,123,,CC,,0,,ALAMEDA/CONTRA COSTA COUNTY LINE,-122.30155264438788,37.89840520640449,28500.0,2400,29000,Ahead,State,True,50.49253501616131,1516
6557,4,12,,SOL,R,5.15,,MARINA BOULEVARD (MILEPOST EQUATION),-122.03154299750747,38.24447526157085,28500.0,2700,30500,Ahead,State,True,50.49253501616131,1516
7234,4,35,,SF,,1.83,,"SAN FRANCISCO, SLOAT BOULEVARD",-122.49817642557862,37.732223926811145,28500.0,3450,31500,Ahead,State,True,50.49253501616131,1516
7346,4,4,,CC,R,41.96,,MARSH CREEK ROAD,-121.6413141535697,37.89641957165007,28500.0,2650,29500,Ahead,State,True,50.49253501616131,1516
7925,4,82,,SM,,23.78,,"DALY CITY, SAN PEDRO AVENUE",-122.46586256504649,37.68974651852878,28500.0,3050,29000,Ahead,State,True,50.49253501616131,1516
6675,4,13,,ALA,,13.178,,JCT. RTE. 123,-122.28664927851568,37.852173856339626,28000.0,2900,29500,Back,State,True,50.09235031553024,1527
7887,4,82,,SCL,,26.37,,SANTA CLARA/SAN MATEO COUNTY LINE,-122.17168477940773,37.446971737574394,28000.0,2550,28000,Back,State,True,50.09235031553024,1527
66,4,101,,SF,T,4.511,R,"MISSION/DUBOISE ST, RIGHT ALIGN",-122.419883898925,37.770391862665534,28000.0,2000,28500,Ahead,US,True,50.09235031553024,1527
6399,4,116,,SON,,26.51,,"SEBASTOPOL, MAIN STREET",-122.82603507943986,38.40500130631816,28000.0,2700,28500,Ahead,State,True,50.09235031553024,1527
6673,4,13,,ALA,,12.24,,"BERKELEY, ADELINE STREET",-122.26910850927496,37.85467558177016,28000.0,2900,29500,Ahead,State,True,50.09235031553024,1527
6711,4,152,,SCL,,14.89,,BLOOMFIELD AVE.,-121.49093439185225,36.988615505430694,28000.0,2650,32500,Ahead,State,True,50.09235031553024,1527
7246,4,35,,SM,R,28.687,,"DALY CITY, JCT. RTE. 1",-122.4849998345832,37.668562336795524,28000.0,3600,30000,Ahead,State,True,50.09235031553024,1527
6258,4,101,,SON,R,40.027,,INDEPENDENCE LANE,-122.8805543191233,38.67978044129444,27500.0,2650,29500,Back,US,True,49.638294597506544,1534
6673,4,13,,ALA,,12.24,,"BERKELEY, ADELINE STREET",-122.26910850927496,37.85467558177016,27500.0,2900,29000,Back,State,True,49.638294597506544,1534
6861,4,1,,SM,,29.036,,"HALF MOON BAY, JCT. RTE. 92 EAST",-122.43342818563754,37.468011633217145,27500.0,2400,27500,Back,State,True,49.638294597506544,1534
7306,4,4,,CC,L,0.178,,"HERCULES, JCT. RTE. 80",-122.26937929294262,38.015058411966834,27500.0,2450,28000,Back,State,True,49.638294597506544,1534
8266,4,9,,SCL,,11.06,,"LOS GATOS, SANTA CRUZ AVENUE",-121.98097236823236,37.22894780820905,27500.0,2550,30000,Back,State,True,49.638294597506544,1534
6256,4,101,,SON,R,38.558,,LYTTON SPRINGS ROAD,-122.87424164561938,38.65934925925172,27500.0,2650,29500,Ahead,US,True,49.638294597506544,1534
6348,4,112,,ALA,,1.507,,"SAN LEANDRO, SAN LEANDRO BOULEVARD",-122.16136958490029,37.72390973210696,27500.0,2200,28000,Ahead,State,True,49.638294597506544,1534
6671,4,13,,ALA,,11.61,,"BERKELEY, TELEGRAPH AVENUE",-122.25969925315513,37.85615603686355,27500.0,2900,29000,Ahead,State,True,49.638294597506544,1534
7939,4,82,,SM,,6.44,,"SAN CARLOS, SAN CARLOS AVENUE",-122.26021266639117,37.507313451771665,27500.0,2600,28000,Ahead,State,True,49.638294597506544,1534
6260,4,101,,SON,R,41.43,,SOUTH GEYSERVILLE,-122.89085485492194,38.697027148501526,27000.0,2650,29000,Back,US,True,49.19963059873788,1543
6667,4,13,,ALA,,10.69,,"BERKELEY, DOMINGO AVENUE",-122.24385410252223,37.858101953446706,27000.0,2800,28000,Back,State,True,49.19963059873788,1543
6711,4,152,,SCL,,14.89,,BLOOMFIELD AVE.,-121.49093439185225,36.988615505430694,27000.0,2400,30500,Back,State,True,49.19963059873788,1543
7925,4,82,,SM,,23.78,,"DALY CITY, SAN PEDRO AVENUE",-122.46586256504649,37.68974651852878,27000.0,2950,27500,Back,State,True,49.19963059873788,1543
7941,4,82,,SM,,6.57,,"SAN CARLOS, HOLLY STREET",-122.26178916749399,37.50863962162232,27000.0,2850,27500,Back,State,True,49.19963059873788,1543
6258,4,101,,SON,R,40.027,,INDEPENDENCE LANE,-122.8805543191233,38.67978044129444,27000.0,2650,29000,Ahead,US,True,49.19963059873788,1543
6665,4,13,,ALA,R,9.621,,"OAKLAND, JCT. RTE. 24",-122.2281230325405,37.84873532059727,27000.0,2800,28000,Ahead,State,True,49.19963059873788,1543
6695,4,152,,SCL,M,10.277,,"GILROY, JCT. RTE. 101",-121.56665658066153,37.022332606388176,27000.0,2400,30500,Ahead,State,True,49.19963059873788,1543
6929,4,237,,SCL,R,9.125,L,McCARTHY BOULEVARD,-121.92060545986696,37.42470702872724,27000.0,2150,28000,Ahead,State,True,49.19963059873788,1543
7308,4,4,,CC,L,0,,SAN PABLO AVE,-122.27247309527272,38.01596963078361,27000.0,2350,27500,Ahead,State,True,49.19963059873788,1543
7673,4,780,,SOL,,1.221,,BEGIN ROUTE 780,-122.1401504786758,38.05023123410248,27000.0,2150,29500,Ahead,State,True,49.19963059873788,1543
6597,4,12,,SON,,21.23,,"SANTA ROSA, LOS ALAMOS ROAD",-122.63439140457237,38.4581583506989,26500.0,3750,30500,Back,State,True,48.872556564568264,1554
6751,4,185,,ALA,,10.375,,"OAKLAND, 44TH AVENUE",-122.21403666914783,37.77201715124321,26500.0,2300,27000,Back,State,True,48.872556564568264,1554
6753,4,185,,ALA,,10.37,,"OAKLAND, 44TH AVE/12TH STREET",-122.21396496562186,37.771982787052025,26500.0,2300,27000,Back,State,True,48.872556564568264,1554
7013,4,25,,SCL,,2.528,,"GILROY, JCT RTE 101",-121.55104475933881,36.961229765132195,26500.0,2300,28000,Back,State,True,48.872556564568264,1554
7015,4,25,,SCL,,2.56,,JCT. RTE. 101,-121.5516132015725,36.961038308193714,26500.0,2300,28000,Back,State,True,48.872556564568264,1554
7380,4,505,,SOL,R,5.586,,ALLENDALE ROAD,-121.94170311386506,38.453468951078676,26500.0,2600,28500,Back,Interstate,True,48.872556564568264,1554
6471,4,123,,ALA,,0,,"OAKLAND, JCT. RTE. 580",-122.28281254339446,37.827674710969525,26500.0,2200,27000,Ahead,State,True,48.872556564568264,1554
6595,4,12,,SON,,20.1,,"SANTA ROSA, CALISTOGA ROAD",-122.65336302387234,38.46484145640695,26500.0,3750,30500,Ahead,State,True,48.872556564568264,1554
6753,4,185,,ALA,,10.37,,"OAKLAND, 44TH AVE/12TH STREET",-122.21396496562186,37.771982787052025,26500.0,2300,27000,Ahead,State,True,48.872556564568264,1554
6767,4,185,,ALA,,8.69,,"OAKLAND, 73RD AVENUE",-122.1869582520753,37.759216283746284,26500.0,2300,27000,Ahead,State,True,48.872556564568264,1554
7013,4,25,,SCL,,2.528,,"GILROY, JCT RTE 101",-121.55104475933881,36.961229765132195,26500.0,2300,28000,Ahead,State,True,48.872556564568264,1554
7378,4,505,,SOL,R,3.058,,MIDWAY ROAD,-121.9442735864567,38.41690970094499,26500.0,2600,28500,Ahead,Interstate,True,48.872556564568264,1554
6701,4,152,,SCL,R,21.977,,JCT. RTE. 156 SOUTH,-121.38289788437008,36.96929640768767,26000.0,2300,29500,Back,State,True,48.472371863937205,1566
6769,4,185,,ALA,,9.75,,"OAKLAND, 55TH AVENUE",-122.2036861861211,37.767127639822455,26000.0,2200,27000,Back,State,True,48.472371863937205,1566
6965,4,238,,ALA,,6.78,,"UNION CITY, DECOTO ROAD",-122.01564021815241,37.60241988556713,26000.0,2500,26500,Back,State,True,48.472371863937205,1566
7376,4,505,,SOL,R,10.626,,SOLANO/YOLO COUNTY LINE,-121.95277561330983,38.52568876349249,26000.0,2500,28000,Back,Interstate,True,48.472371863937205,1566
7911,4,82,,SM,,15.946,,"MILLBRAE, MILLBRAE AVENUE",-122.38733838803392,37.59852477538972,26000.0,2750,26500,Back,State,True,48.472371863937205,1566
7913,4,82,,SM,,16.844,,"MILLBRAE, CENTER STREET",-122.39886512778864,37.607801724407686,26000.0,2750,26500,Back,State,True,48.472371863937205,1566
6963,4,238,,ALA,,4.72,,"FREMONT, NURSERY AVENUE",-121.99034125945317,37.58069328447539,26000.0,2500,26500,Ahead,State,True,48.472371863937205,1566
7260,4,35,,SM,,26.86,,"PACIFICA, MANOR DRIVE",-122.47089665832169,37.64615464418219,26000.0,3300,28000,Ahead,State,True,48.472371863937205,1566
7380,4,505,,SOL,R,5.586,,ALLENDALE ROAD,-121.94170311386506,38.453468951078676,26000.0,2500,28000,Ahead,Interstate,True,48.472371863937205,1566
7935,4,82,,SM,,4.43,,"REDWOOD CITY, BROADWAY",-122.23485728001735,37.48622620773615,26000.0,2600,26500,Ahead,State,True,48.472371863937205,1566
6571,4,12,,SOL,,7.16,,SCANDIA ROAD/LAWLER RANCH,-121.99460671374709,38.24273939323889,25500.0,2350,26500,Back,State,True,48.06449130367862,1576
7689,4,780,,SOL,,7.44,,LEMON STREET,-122.2347352214281,38.09278331951526,25500.0,2500,27500,Back,State,True,48.06449130367862,1576
7903,4,82,,SM,,11.715,,"SAN MATEO, THIRD AVENUE",-122.32595826446968,37.56306631225627,25500.0,2750,26500,Back,State,True,48.06449130367862,1576
7943,4,82,,SM,,7.69,,"BELMONT, RALSTON AVENUE",-122.27587730865258,37.52047724899529,25500.0,2750,26000,Back,State,True,48.06449130367862,1576
8252,4,92,,SM,,7.19,,RALSTON AVENUE/SKYLINE BOULEVARD; JCT. RTE. 35 NORTH,-122.35032806243291,37.51135752220827,25500.0,2450,27000,Back,State,True,48.06449130367862,1576
6569,4,12,,SOL,,5.76,,GRIZZLY ISLAND ROAD/  SUNSET AVENUE,-122.02034661769007,38.2435124984242,25500.0,2350,26500,Ahead,State,True,48.06449130367862,1576
6655,4,131,,MRN,,0.666,,STRAWBERRY DRIVE (BELVEDERE DRIVE),-122.50471789459549,37.899107876341404,25500.0,2900,28000,Ahead,State,True,48.06449130367862,1576
6759,4,185,,ALA,,3.75,,"SAN LEANDRO, HESPERIAN BOULEVARD",-122.13008452623554,37.7063976295743,25500.0,2100,26000,Ahead,State,True,48.06449130367862,1576
7011,4,25,,SCL,,0,,SAN BENITO/SANTA CLARA COUNTY LINE,-121.51209961622769,36.94805131999593,25500.0,2200,27000,Ahead,State,True,48.06449130367862,1576
7687,4,780,,SOL,,7.186,,"VALLEJO, JCT. RTE. 80",-122.23044150433874,38.09161917084046,25500.0,2500,27500,Ahead,State,True,48.06449130367862,1576
7903,4,82,,SM,,11.715,,"SAN MATEO, THIRD AVENUE",-122.32595826446968,37.56306631225627,25500.0,2750,26500,Ahead,State,True,48.06449130367862,1576
7913,4,82,,SM,,16.844,,"MILLBRAE, CENTER STREET",-122.39886512778864,37.607801724407686,25500.0,2750,26000,Ahead,State,True,48.06449130367862,1576
8250,4,92,,SM,,5.191,,JCT. RTE. 35 SOUTH,-122.36895198341232,37.49554985834016,25500.0,2450,27000,Ahead,State,True,48.06449130367862,1576
6401,4,116,,SON,,28.56,,BLOOMFIELD ROAD,-122.80615750827748,38.381248853744545,25000.0,2250,26000,Back,State,True,47.6796983223026,1589
6655,4,131,,MRN,,0.666,,STRAWBERRY DRIVE (BELVEDERE DRIVE),-122.50471789459549,37.899107876341404,25000.0,2800,26500,Back,State,True,47.6796983223026,1589
6863,4,1,,SM,,29.12,,"HALF MOON BAY, MAIN STREET",-122.43347291365386,37.46929560915974,25000.0,2150,27000,Back,State,True,47.6796983223026,1589
7182,4,29,,NAP,,24.595,,"RUTHERFORD, JCT. RTE. 128 EAST",-122.42278040786249,38.45875065985881,25000.0,2450,28000,Back,State,True,47.6796983223026,1589
7368,4,4,,CC,,46.46,,DISCOVERY BAY BOULEVARD,-121.60225997654267,37.89007224324894,25000.0,2650,26000,Back,State,True,47.6796983223026,1589
85,4,116,,SON,,27.3,,"SEBASTOPOL, PETALUMA AVENUE",-122.81913132256383,38.39475569990969,25000.0,2250,26000,Ahead,State,True,47.6796983223026,1589
122,4,160,,CC,L,0,L,"JCT RTE 4 LT LNS, LEFT ALIGN",-121.76214974403227,37.99124830397551,25000.0,2500,29000,Ahead,State,True,47.6796983223026,1589
6861,4,1,,SM,,29.036,,"HALF MOON BAY, JCT. RTE. 92 EAST",-122.43342818563754,37.468011633217145,25000.0,2150,27500,Ahead,State,True,47.6796983223026,1589
7180,4,29,,NAP,,22.52,,OAKVILLE GRADE ROAD,-122.4004894569938,38.43430246365202,25000.0,2450,28000,Ahead,State,True,47.6796983223026,1589
7348,4,4,,CC,R,44.367,,BYRON HIGHWAY,-121.64102641959093,37.89032660903588,25000.0,2650,26000,Ahead,State,True,47.6796983223026,1589
6909,4,221,,NAP,,2.525,,"ENTRANCE, NAPA STATE HOSPITAL",-122.2737347467499,38.2783287545192,24900.0,2150,30500,Back,State,True,47.44882253347699,1599
6907,4,221,,NAP,,1.511,,"NAPA, BASALT ROAD",-122.27078357442906,38.263139968887295,24900.0,2150,30500,Ahead,State,True,47.44882253347699,1599
7258,4,35,,SM,,26.234,,"PACIFICA, SHARP PARK ROAD",-122.4640799302304,37.638948579467524,24800.0,3300,26000,Back,State,True,47.39495151608435,1601
7909,4,82,,SM,,14.42,,"BURLINGAME, BROADWAY",-122.36629441556059,37.58420846698181,24800.0,2600,25500,Back,State,True,47.39495151608435,1601
7911,4,82,,SM,,15.946,,"MILLBRAE, MILLBRAE AVENUE",-122.38733838803392,37.59852477538972,24800.0,2600,25500,Ahead,State,True,47.39495151608435,1601
6483,4,123,,ALA,,4.69,,"ALBANY, SOLANO AVENUE",-122.29894331516861,37.89028346084154,24500.0,1950,25000,Back,State,True,47.15253193781746,1604
7909,4,82,,SM,,14.42,,"BURLINGAME, BROADWAY",-122.36629441556059,37.58420846698181,24500.0,2600,25000,Ahead,State,True,47.15253193781746,1604
8250,4,92,,SM,,5.191,,JCT. RTE. 35 SOUTH,-122.36895198341232,37.49554985834016,24400.0,2350,25500,Back,State,True,47.06787748191473,1606
8246,4,92,,SM,,0.2,,"HALF MOON BAY, MAIN STREET",-122.43008990859953,37.46788848107348,24400.0,2350,25500,Ahead,State,True,47.06787748191473,1606
6765,4,185,,ALA,,7.24,,"OAKLAND, 98TH AVENUE",-122.17046969928981,37.74443454198498,24300.0,2100,24700,Back,State,True,46.95628751731569,1608
6483,4,123,,ALA,,4.69,,"ALBANY, SOLANO AVENUE",-122.29894331516861,37.89028346084154,24200.0,1950,24600,Ahead,State,True,46.83700169308912,1609
6599,4,12,,SON,,26.11,,ADOBE CANYON ROAD,-122.55623492237862,38.424318517690196,23900.0,3250,26500,Back,State,True,46.49453593966446,1610
6767,4,185,,ALA,,8.69,,"OAKLAND, 73RD AVENUE",-122.1869582520753,37.759216283746284,23900.0,2100,24400,Back,State,True,46.49453593966446,1610
6597,4,12,,SON,,21.23,,"SANTA ROSA, LOS ALAMOS ROAD",-122.63439140457237,38.4581583506989,23900.0,3250,26500,Ahead,State,True,46.49453593966446,1610
6765,4,185,,ALA,,7.24,,"OAKLAND, 98TH AVENUE",-122.17046969928981,37.74443454198498,23900.0,2100,24400,Ahead,State,True,46.49453593966446,1610
7941,4,82,,SM,,6.57,,"SAN CARLOS, HOLLY STREET",-122.26178916749399,37.50863962162232,23900.0,2600,24600,Ahead,State,True,46.49453593966446,1610
6865,4,1,,SM,,30.225,,FRENCHMANS CREEK ROAD,-122.44540391954094,37.48205451145056,23800.0,2600,25000,Back,State,True,46.39833769432046,1615
6865,4,1,,SM,,30.225,,FRENCHMANS CREEK ROAD,-122.44540391954094,37.48205451145056,23800.0,2400,25500,Ahead,State,True,46.39833769432046,1615
7258,4,35,,SM,,26.234,,"PACIFICA, SHARP PARK ROAD",-122.4640799302304,37.638948579467524,23800.0,2950,24800,Ahead,State,True,46.39833769432046,1615
6643,4,130,,SCL,,2.34,,E/O MANNING/MILLAR AVE,-121.82641583749913,37.36739703498573,23700.0,4000,27500,Back,State,True,46.33677081730029,1618
6643,4,130,,SCL,,2.34,,E/O MANNING/MILLAR AVE,-121.82641583749913,37.36739703498573,23700.0,4000,27500,Ahead,State,True,46.33677081730029,1618
6699,4,152,,SCL,M,9.78,,GILROY ON LEEAVESLEY AVENUE,-121.57465054015287,37.01937981640091,23500.0,2550,27000,Ahead,State,True,46.175157765122364,1620
6671,4,13,,ALA,,11.61,,"BERKELEY, TELEGRAPH AVENUE",-122.25969925315513,37.85615603686355,23400.0,2600,24400,Back,State,True,46.03278436201323,1621
6669,4,13,,ALA,,10.79,,"BERKELEY, CLAREMONT AVENUE",-122.24531200354967,37.85807747014545,23400.0,2600,24400,Ahead,State,True,46.03278436201323,1621
6417,4,116,,SON,,44.2,,WATMAUGH ROAD,-122.48974236705652,38.25213138910901,23300.0,2150,24300,Back,State,True,45.89425888871787,1623
7907,4,82,,SM,,12.963,,"BURLINGAME, PENINSULA AVENUE",-122.34292388195985,37.57451958729909,23300.0,2500,24100,Back,State,True,45.89425888871787,1623
7937,4,82,,SM,,5.15,,REDWOOD CITY/SAN CARLOS CITY LIMITS,-122.2442441878495,37.49367950128852,23300.0,2500,23800,Back,State,True,45.89425888871787,1623
6415,4,116,,SON,,41.81,,ADOBE ROAD,-122.5266162861766,38.23620097383553,23300.0,2150,24300,Ahead,State,True,45.89425888871787,1623
7937,4,82,,SM,,5.15,,REDWOOD CITY/SAN CARLOS CITY LIMITS,-122.2442441878495,37.49367950128852,23300.0,2500,23800,Ahead,State,True,45.89425888871787,1623
6763,4,185,,ALA,,5.728,,JCT. RTE. 112 WEST,-122.15687055785276,37.725790440716374,23200.0,1950,23600,Back,State,True,45.80960443281514,1628
7184,4,29,,NAP,,26.57,,ZINFANDEL LANE,-122.44261511141949,38.482601125544576,23200.0,2450,26000,Back,State,True,45.80960443281514,1628
7521,4,61,,ALA,,15.936,,"OAKLAND, HEGENBERGER ROAD/98TH AVENUE",-122.19943439340605,37.72570903203519,23200.0,2500,23600,Back,State,True,45.80960443281514,1628
7905,4,82,,SM,,11.84,,"SAN MATEO, CRYSTAL SPRINGS ROAD",-122.32736617694648,37.564431933511834,23200.0,2500,23600,Back,State,True,45.80960443281514,1628
7182,4,29,,NAP,,24.595,,"RUTHERFORD, JCT. RTE. 128 EAST",-122.42278040786249,38.45875065985881,23200.0,2450,26000,Ahead,State,True,45.80960443281514,1628
7519,4,61,,ALA,,14.8,,"SAN LEANDRO, JCT. RTE. 112 EAST",-122.18701344815962,37.71631440179008,23200.0,2500,23600,Ahead,State,True,45.80960443281514,1628
7905,4,82,,SM,,11.84,,"SAN MATEO, CRYSTAL SPRINGS ROAD",-122.32736617694648,37.564431933511834,23200.0,2500,23600,Ahead,State,True,45.80960443281514,1628
7943,4,82,,SM,,7.69,,"BELMONT, RALSTON AVENUE",-122.27587730865258,37.52047724899529,23200.0,2500,23600,Ahead,State,True,45.80960443281514,1628
6399,4,116,,SON,,26.51,,"SEBASTOPOL, MAIN STREET",-122.82603507943986,38.40500130631816,23100.0,2150,23500,Back,State,True,45.68647067877482,1636
6266,4,101,,SON,R,49.053,,DUTCHER CREEK ROAD,-122.99452899156914,38.76755361061901,23100.0,2250,24800,Ahead,US,True,45.68647067877482,1636
6397,4,116,,SON,,25.69,,"SEBASTOPOL, COVERT LANE",-122.83633258162774,38.40539173002647,23100.0,2150,23500,Ahead,State,True,45.68647067877482,1636
7859,4,82,,SCL,,12.31,,"SANTA CLARA, SCOTT LANE (GOULD STREET)",-121.95947579667109,37.352426137381315,23000.0,2150,23200,Ahead,State,True,45.513313837155614,1639
6489,4,123,,CC,,0.29,,"EL CERRITO, CENTRAL AVENUE",-122.30333741809271,37.90222535126921,22900.0,1950,23400,Ahead,State,True,45.39787594274281,1640
6769,4,185,,ALA,,9.75,,"OAKLAND, 55TH AVENUE",-122.2036861861211,37.767127639822455,22900.0,1950,23400,Ahead,State,True,45.39787594274281,1640
6262,4,101,,SON,R,43.373,,JCT. RTE. 128 EAST,-122.91899696712237,38.713717407201706,22800.0,2250,24600,Back,US,True,45.33246113590888,1642
6260,4,101,,SON,R,41.43,,SOUTH GEYSERVILLE,-122.89085485492194,38.697027148501526,22800.0,2250,24600,Ahead,US,True,45.33246113590888,1642
6567,4,12,,SOL,,26.41,,SOLANO/SACRAMENTO COUNTY LINE,-121.68525787595955,38.15956537413314,22700.0,3600,25500,Back,State,True,45.25935046944743,1644
6475,4,123,,ALA,,1.906,,"BERKELEY, JCT. RTE. 13",-122.28666716037972,37.85217081341399,22700.0,1950,23400,Ahead,State,True,45.25935046944743,1644
6565,4,12,,SOL,,26.276,,JCT. RTE. 84 NORTH,-121.68742728940441,38.16059270325117,22700.0,3600,25500,Ahead,State,True,45.25935046944743,1644
8252,4,92,,SM,,7.19,,RALSTON AVENUE/SKYLINE BOULEVARD; JCT. RTE. 35 NORTH,-122.35032806243291,37.51135752220827,22700.0,2250,24100,Ahead,State,True,45.25935046944743,1644
6375,4,116,,SON,R,24.054,,OCCIDENTAL/MOLINO ROADS,-122.8483329167935,38.425642703528716,22600.0,2600,23100,Back,State,True,45.140064645220875,1648
6409,4,116,,SON,,36.36,,FRATES ROAD/CADER LANE,-122.59407691276127,38.23458622035037,22600.0,2500,23100,Back,State,True,45.140064645220875,1648
6759,4,185,,ALA,,3.75,,"SAN LEANDRO, HESPERIAN BOULEVARD",-122.13008452623554,37.7063976295743,22600.0,1950,23200,Back,State,True,45.140064645220875,1648
7525,4,61,,ALA,,18.52,,"ALAMEDA, ISLAND DRIVE",-122.23563973868096,37.74706160057487,22600.0,2500,23200,Back,State,True,45.140064645220875,1648
6407,4,116,,SON,,35.03,,"PETALUMA, JCT. RTE. 101",-122.7127902019241,38.33127400719176,22600.0,2500,23100,Ahead,State,True,45.140064645220875,1648
6757,4,185,,ALA,,3.693,,"SAN LEANDRO, 150TH AVENUE",-122.12930538145702,37.70586375035229,22600.0,1950,23200,Ahead,State,True,45.140064645220875,1648
7523,4,61,,ALA,,16.07,,"OAKLAND, AIRPORT/HEGENBERGER ROADS",-122.20166618945746,37.72658781915342,22600.0,2500,23200,Ahead,State,True,45.140064645220875,1648
6266,4,101,,SON,R,49.053,,DUTCHER CREEK ROAD,-122.99452899156914,38.76755361061901,22500.0,2200,24300,Back,US,True,45.03617054024935,1655
6264,4,101,,SON,R,47.852,,ASTI,-122.97547841394892,38.75903757895649,22500.0,2200,24300,Ahead,US,True,45.03617054024935,1655
7523,4,61,,ALA,,16.07,,"OAKLAND, AIRPORT/HEGENBERGER ROADS",-122.20166618945746,37.72658781915342,22400.0,2400,22900,Back,State,True,44.97845159304295,1657
7859,4,82,,SCL,,12.31,,"SANTA CLARA, SCOTT LANE (GOULD STREET)",-121.95947579667109,37.352426137381315,22400.0,2050,22700,Back,State,True,44.97845159304295,1657
7521,4,61,,ALA,,15.936,,"OAKLAND, HEGENBERGER ROAD/98TH AVENUE",-122.19943439340605,37.72570903203519,22400.0,2400,22900,Ahead,State,True,44.97845159304295,1657
6264,4,101,,SON,R,47.852,,ASTI,-122.97547841394892,38.75903757895649,22300.0,2200,24000,Back,US,True,44.91688471602278,1660
7304,4,380,,SM,,6.76,,SOUTH AIRPORT ROAD,-122.39768938040542,37.63859705636739,22300.0,1600,23300,Back,Interstate,True,44.91688471602278,1660
6262,4,101,,SON,R,43.373,,JCT. RTE. 128 EAST,-122.91899696712237,38.713717407201706,22300.0,2200,24000,Ahead,US,True,44.91688471602278,1660
7302,4,380,,SM,,6.373,,"SOUTH SAN FRANCISCO, JCT. RTE. 101",-122.4036811496387,37.63589405734226,22300.0,1600,23300,Ahead,Interstate,True,44.91688471602278,1660
6489,4,123,,CC,,0.29,,"EL CERRITO, CENTRAL AVENUE",-122.30333741809271,37.90222535126921,22200.0,1850,22700,Back,State,True,44.832230260120056,1664
60,4,82,,SM,,21.945,,"SOUTH SAN FRANCISCO, HICKEY BOULEVARD",-122.45132900683066,37.66645387981218,22100.0,2750,22500,Ahead,State,True,44.75527166384485,1665
6911,4,221,,NAP,,2.682,,JCT. RTE. 121,-122.2741677203438,38.28047545277702,22000.0,2250,24000,Back,State,True,44.662921348314605,1666
6909,4,221,,NAP,,2.525,,"ENTRANCE, NAPA STATE HOSPITAL",-122.2737347467499,38.2783287545192,22000.0,1850,28500,Ahead,State,True,44.662921348314605,1666
6479,4,123,,ALA,,3.98,,"BERKELEY, GILMAN STREET",-122.29581288672779,37.8804864356148,21800.0,1850,22200,Back,State,True,44.50130829613668,1668
6679,4,13,,ALA,,13.906,R,"BERKELEY, JCT. RTE. 80, END RIGHT ALIGN",-122.29892562284911,37.84900724761536,21800.0,2300,22600,Back,State,True,44.50130829613668,1668
6680,4,13,,ALA,,13.931,L,"BERKELEY, JCT. RTE. 80, END LEFT ALIGN",-122.29850314247604,37.84716477460224,21800.0,2600,26000,Back,State,True,44.50130829613668,1668
6677,4,13,,ALA,,13.738,L,BEGIN LEFT ALIGN,-122.29593135564913,37.848979756540466,21800.0,2300,26000,Ahead,State,True,44.50130829613668,1668
6678,4,13,,ALA,,13.738,R,BEGIN RIGHT ALIGN,-122.29595746697949,37.84904527587843,21800.0,2300,22600,Ahead,State,True,44.50130829613668,1668
6270,4,101,,SON,R,50.43,,SOUTH CLOVERDALE,-123.00938383494129,38.78347741405104,21700.0,2150,24300,Back,US,True,44.38971833153763,1673
6427,4,121,,NAP,R,4.835,,"NAPA, JEFFERSON STREET",-122.29363766477631,38.28192408964427,21700.0,2050,24400,Back,State,True,44.38971833153763,1673
6481,4,123,,ALA,,4.43,,"ALBANY, MARIN AVENUE",-122.29778732892503,37.886701274965404,21700.0,1850,22100,Back,State,True,44.38971833153763,1673
6565,4,12,,SOL,,26.276,,JCT. RTE. 84 NORTH,-121.68742728940441,38.16059270325117,21700.0,3150,23700,Back,State,True,44.38971833153763,1673
6425,4,121,,NAP,R,4.469,,SOUTH JCT. RTE. 29,-122.30277272542699,38.257582986182385,21700.0,2050,24400,Ahead,State,True,44.38971833153763,1673
6563,4,12,,SOL,,25.579,,"RIO VISTA, DROUIN DRIVE",-121.69939723186914,38.1626104769624,21700.0,3150,23700,Ahead,State,True,44.38971833153763,1673
6443,4,121,,NAP,,2.18,,OLD SONOMA ROAD,-122.34250034426971,38.25536752858334,21600.0,1950,24400,Back,State,True,44.247344928428504,1679
6475,4,123,,ALA,,1.906,,"BERKELEY, JCT. RTE. 13",-122.28666716037972,37.85217081341399,21600.0,1850,22000,Back,State,True,44.247344928428504,1679
6435,4,121,,NAP,,1.99,,DUHIG ROAD,-122.34670604263091,38.25591666428645,21600.0,1950,24400,Ahead,State,True,44.247344928428504,1679
7256,4,35,,SM,,24.852,,"SAN BRUNO, SNEATH AVENUE",-122.44726610466701,37.62432526761094,21600.0,2750,22800,Ahead,State,True,44.247344928428504,1679
7256,4,35,,SM,,24.852,,"SAN BRUNO, SNEATH AVENUE",-122.44726610466701,37.62432526761094,21500.0,2850,22600,Back,State,True,44.10112359550562,1683
6479,4,123,,ALA,,3.98,,"BERKELEY, GILMAN STREET",-122.29581288672779,37.8804864356148,21500.0,1750,21900,Ahead,State,True,44.10112359550562,1683
6487,4,123,,CC,,0.05,,"EL CERRITO, CARLSON BOULEVARD",-122.3017669725332,37.89892144159943,21500.0,1850,21900,Ahead,State,True,44.10112359550562,1683
7889,4,82,,SCL,,9.904,,"SAN JOSE, JCT. RTE. 880",-121.9255881865759,37.34257598478353,21300.0,2350,21700,Back,State,True,43.88179159612129,1686
7939,4,82,,SM,,6.44,,"SAN CARLOS, SAN CARLOS AVENUE",-122.26021266639117,37.507313451771665,21300.0,2400,21700,Back,State,True,43.88179159612129,1686
7184,4,29,,NAP,,26.57,,ZINFANDEL LANE,-122.44261511141949,38.482601125544576,21300.0,2200,23900,Ahead,State,True,43.88179159612129,1686
7889,4,82,,SCL,,9.904,,"SAN JOSE, JCT. RTE. 880",-121.9255881865759,37.34257598478353,21300.0,2350,21700,Ahead,State,True,43.88179159612129,1686
6425,4,121,,NAP,R,4.469,,SOUTH JCT. RTE. 29,-122.30277272542699,38.257582986182385,21200.0,1950,24000,Back,State,True,43.78174542096352,1690
6473,4,123,,ALA,,1.12,,"OAKLAND, STANDFORD AVENUE",-122.28304972018907,37.84096510939161,21200.0,1750,21600,Back,State,True,43.78174542096352,1690
6443,4,121,,NAP,,2.18,,OLD SONOMA ROAD,-122.34250034426971,38.25536752858334,21200.0,1950,24000,Ahead,State,True,43.78174542096352,1690
6447,4,121,,NAP,,3.04,,CUTTING WHARF ROAD,-122.32790340901228,38.255995927755365,21200.0,1950,24000,Ahead,State,True,43.78174542096352,1690
6601,4,12,,SON,,27.03,,"KENWOOD, WARM SPRINGS ROAD",-122.54591491469792,38.41400809976718,21100.0,2950,23900,Back,State,True,43.697090965060795,1694
7186,4,29,,NAP,,28.75,,"ST. HELENA, ADAMS STREET",-122.47035469033776,38.50529058203945,21100.0,2100,22800,Back,State,True,43.697090965060795,1694
6599,4,12,,SON,,26.11,,ADOBE CANYON ROAD,-122.55623492237862,38.424318517690196,21100.0,2950,23900,Ahead,State,True,43.697090965060795,1694
6495,4,123,,CC,,2.198,,"RICHMOND, JCT. RTE. 80",-122.32066982669653,37.925451544737086,20900.0,1750,21300,Back,State,True,43.4161920886563,1697
7260,4,35,,SM,,26.86,,"PACIFICA, MANOR DRIVE",-122.47089665832169,37.64615464418219,20900.0,2750,21900,Back,State,True,43.4161920886563,1697
6497,4,123,,CC,,2.1,,CUTTING BOULEVARD,-122.31849616332207,37.92541488028998,20900.0,1750,21300,Ahead,State,True,43.4161920886563,1697
7907,4,82,,SM,,12.963,,"BURLINGAME, PENINSULA AVENUE",-122.34292388195985,37.57451958729909,20900.0,2300,21400,Ahead,State,True,43.4161920886563,1697
6350,4,112,,ALA,,1.782,,"SAN LEANDRO, JCT. RTE. 185",-122.1568918254671,37.72581372732286,20800.0,1650,21400,Back,State,True,43.31614591349854,1701
6415,4,116,,SON,,41.81,,ADOBE ROAD,-122.5266162861766,38.23620097383553,20800.0,2150,22500,Back,State,True,43.31614591349854,1701
6419,4,116,,SON,,44.84,,ARNOLD DRIVE,-122.47851972858507,38.254311857772414,20800.0,2050,22000,Back,State,True,43.31614591349854,1701
6463,4,121,,SON,,11.618,,SONOMA/NAPA COUNTY LINE,-122.37907371404518,38.25069638627364,20800.0,1950,23800,Back,State,True,43.31614591349854,1701
6411,4,116,,SON,,39.27,,LAKEVILLE ROAD,-122.54933716445207,38.212063925322724,20800.0,2150,22500,Ahead,State,True,43.31614591349854,1701
6417,4,116,,SON,,44.2,,WATMAUGH ROAD,-122.48974236705652,38.25213138910901,20800.0,2050,22000,Ahead,State,True,43.31614591349854,1701
6457,4,121,,SON,R,10.788,,NAPA ROAD,-122.39357354321703,38.25345212587154,20800.0,1950,23800,Ahead,State,True,43.31614591349854,1701
6397,4,116,,SON,,25.69,,"SEBASTOPOL, COVERT LANE",-122.83633258162774,38.40539173002647,20600.0,2050,21000,Back,State,True,43.13529321225181,1708
83,4,113,,SOL,,21.24,,"DIXON, WEST JCT. RTE. 80",-121.82382099630875,38.473008944242565,20500.0,2250,21800,Back,State,True,43.035247037094045,1709
6435,4,121,,NAP,,1.99,,DUHIG ROAD,-122.34670604263091,38.25591666428645,20500.0,1950,23400,Back,State,True,43.035247037094045,1709
6433,4,121,,NAP,,0,,SONOMA/NAPA COUNTY LINE,-122.37907371404518,38.25069638627364,20500.0,1950,23400,Ahead,State,True,43.035247037094045,1709
6481,4,123,,ALA,,4.43,,"ALBANY, MARIN AVENUE",-122.29778732892503,37.886701274965404,20500.0,1750,20900,Ahead,State,True,43.035247037094045,1709
6355,4,113,,SOL,R,21.989,L,END LEFT ALIGN,-121.76897462433479,38.52424397220628,20400.0,1950,21500,Back,State,True,42.904417423426196,1713
6429,4,121,,NAP,R,5.08,,"NAPA, SOUTH COOMBS ST",-122.28918469884493,38.281660822700616,20400.0,2050,21600,Back,State,True,42.904417423426196,1713
6637,4,12,,SON,,9.54,,SEBASTOPOL EAST CITY LIMITS,-122.81833369674494,38.40305325679094,20400.0,2150,21100,Back,State,True,42.904417423426196,1713
6699,4,152,,SCL,M,9.78,,GILROY ON LEEAVESLEY AVENUE,-121.57465054015287,37.01937981640091,20400.0,2300,23300,Back,State,True,42.904417423426196,1713
6353,4,113,,SOL,R,21.653,L,"EAST JCT RTE 80 SB, BEGIN LEFT ALIGN",-121.77084494909569,38.519693799989334,20400.0,1950,21500,Ahead,State,True,42.904417423426196,1713
6427,4,121,,NAP,R,4.835,,"NAPA, JEFFERSON STREET",-122.29363766477631,38.28192408964427,20400.0,2050,21600,Ahead,State,True,42.904417423426196,1713
6635,4,12,,SON,,9.23,,"SEBASTOPOL, JCT. RTE. 116",-122.82420172933605,38.402107959853566,20400.0,2150,21100,Ahead,State,True,42.904417423426196,1713
6697,4,152,,SCL,M,9.43,,MONTEREY STREET,-121.57236953079692,37.01467638045892,20400.0,2300,23300,Ahead,State,True,42.904417423426196,1713
6354,4,113,,SOL,R,21.772,R,"EAST JCT. RTE. 80 NB, RIGHT ALIGN",-121.76885847396518,38.521094935419015,20300.0,1950,21500,Back,State,True,42.79282745882715,1721
6356,4,113,,SOL,R,21.989,R,END RIGHT ALIGN,-121.76871410032598,38.524075064340764,20300.0,1950,21500,Back,State,True,42.79282745882715,1721
6354,4,113,,SOL,R,21.772,R,"EAST JCT. RTE. 80 NB, RIGHT ALIGN",-121.76885847396518,38.521094935419015,20300.0,1950,21500,Ahead,State,True,42.79282745882715,1721
6447,4,121,,NAP,,3.04,,CUTTING WHARF ROAD,-122.32790340901228,38.255995927755365,20100.0,1850,23000,Back,State,True,42.67738956441435,1724
6659,4,131,,MRN,,1.86,,"TIBURON, TRESTLE GLEN DRIVE",-122.4879779635491,37.897990946488605,20000.0,2150,21900,Back,State,True,42.5465599507465,1725
6477,4,123,,ALA,,3.15,,"BERKELEY, UNIVERSITY AVENUE",-122.29211224277887,37.86912907859996,20000.0,1650,20400,Ahead,State,True,42.5465599507465,1725
6867,4,1,,SM,,33.361,,CAPISTRANO/OBISPO ROADS,-122.48811386068527,37.50990345648982,19800.0,2150,20100,Back,State,True,42.28105279359705,1727
6573,4,12,,SOL,,8.89,,SCALLY ROAD,-121.97034040260291,38.228509677352655,19700.0,2050,21700,Back,State,True,42.119439741419114,1728
6571,4,12,,SOL,,7.16,,SCANDIA ROAD/LAWLER RANCH,-121.99460671374709,38.24273939323889,19700.0,2050,21700,Ahead,State,True,42.119439741419114,1728
6431,4,121,,NAP,R,5.891,,JCT. RTE. 221 SOUTH,-122.2741677203438,38.28047545277702,19600.0,2050,18500,Back,State,True,41.98091426812375,1730
6467,4,121,,SON,,8.12,,"SCHELLVILLE, EIGHTH STREET",-122.43891990766794,38.24598802767673,19600.0,1750,21900,Back,State,True,41.98091426812375,1730
6493,4,123,,CC,,1.75,,"EL CERRITO, POTRERO AVENUE",-122.31518158204462,37.92073784364859,19600.0,1650,20000,Back,State,True,41.98091426812375,1730
6725,4,160,,CC,,1.327,,CONTRA COSTA/SACRAMENTO COUNTY LINE,-121.75146652502434,38.02417642662267,19600.0,1950,22700,Back,State,True,41.98091426812375,1730
6459,4,121,,SON,R,7.438,,JCT. RTE. 12 NORTH,-122.44823760749398,38.24304651166754,19600.0,1750,21900,Ahead,State,True,41.98091426812375,1730
6473,4,123,,ALA,,1.12,,"OAKLAND, STANDFORD AVENUE",-122.28304972018907,37.84096510939161,19600.0,1650,20000,Ahead,State,True,41.98091426812375,1730
6721,4,160,,CC,,0.486,,WILBUR AVENUE,-121.75202568676282,38.011980854707325,19600.0,1950,22700,Ahead,State,True,41.98091426812375,1730
7254,4,35,,SM,,24.349,,"SAN BRUNO, SAN BRUNO AVENUE",-122.44197720246487,37.618430599337955,19600.0,2400,20600,Ahead,State,True,41.98091426812375,1730
7443,4,580,,ALA,,0.422,L,"JCT RTE 205/239 UNC, LEFT ALIGN",-121.56282889966008,37.74107906416239,19500.0,1350,20600,Back,Interstate,True,41.88471602277974,1738
6469,4,121,,SON,,9.54,,RAMAL ROAD,-122.4127906020156,38.24714812968215,19400.0,2150,22300,Back,State,True,41.80775742650454,1739
6467,4,121,,SON,,8.12,,"SCHELLVILLE, EIGHTH STREET",-122.43891990766794,38.24598802767673,19400.0,2150,22300,Ahead,State,True,41.80775742650454,1739
6659,4,131,,MRN,,1.86,,"TIBURON, TRESTLE GLEN DRIVE",-122.4879779635491,37.897990946488605,19400.0,2150,21500,Ahead,State,True,41.80775742650454,1739
6763,4,185,,ALA,,5.728,,JCT. RTE. 112 WEST,-122.15687055785276,37.725790440716374,19400.0,1750,19800,Ahead,State,True,41.80775742650454,1739
6268,4,101,,SON,R,50.431,,SO CLOVERDALE OC,-123.00938835077221,38.78349141911963,19300.0,1900,20800,Back,US,True,41.65384023395413,1743
6272,4,101,,SON,R,51.616,,CITRUS FAIR DRIVE,-123.01296364470468,38.80039947515208,19300.0,1900,20800,Back,US,True,41.65384023395413,1743
7188,4,29,,NAP,,29.25,,"ST. HELENA, PRATT AVENUE",-122.47788401780797,38.50962418675398,19300.0,2050,21100,Back,State,True,41.65384023395413,1743
7857,4,82,,SCL,,11.54,,"SANTA CLARA, SANTA CLARA/ ALVISO ROADS (LAFAYETTE STREET)",-121.94605814187089,37.354927085370996,19300.0,1800,19700,Back,State,True,41.65384023395413,1743
7927,4,82,,SM,,24.846,,"DALY CITY, HILLSIDE BOULEVARD",-122.46228439830173,37.70488894135619,19300.0,2050,19800,Back,State,True,41.65384023395413,1743
7929,4,82,,SM,,24.929,,"DALY CITY, MISSION STREET",-122.46139817973123,37.70587603145409,19300.0,2050,19800,Back,State,True,41.65384023395413,1743
8236,4,92,,SM,R,7.303,,JCT. RTE. 280,-122.33885042638826,37.506958444207406,19300.0,1800,20500,Back,State,True,41.65384023395413,1743
6268,4,101,,SON,R,50.431,,SO CLOVERDALE OC,-123.00938835077221,38.78349141911963,19300.0,1900,20800,Ahead,US,True,41.65384023395413,1743
6715,4,152,,SCL,,7.93,,"GILROY, SANTA TERESA BL",-121.59973494972122,37.01325615276556,19300.0,2200,21800,Ahead,State,True,41.65384023395413,1743
7186,4,29,,NAP,,28.75,,"ST. HELENA, ADAMS STREET",-122.47035469033776,38.50529058203945,19300.0,2050,21100,Ahead,State,True,41.65384023395413,1743
7212,4,29,,SOL,,2.82,,"VALLEJO, TENNESSEE STREET",-122.25475693715927,38.109996209718695,19300.0,1600,21500,Ahead,State,True,41.65384023395413,1743
7857,4,82,,SCL,,11.54,,"SANTA CLARA, SANTA CLARA/ ALVISO ROADS (LAFAYETTE STREET)",-121.94605814187089,37.354927085370996,19300.0,1800,19700,Ahead,State,True,41.65384023395413,1743
7927,4,82,,SM,,24.846,,"DALY CITY, HILLSIDE BOULEVARD",-122.46228439830173,37.70488894135619,19300.0,2050,19800,Ahead,State,True,41.65384023395413,1743
8238,4,92,,SM,R,7.31,,"ON RALSTON AVE, JCT. RTE. 280",-122.33861000577718,37.50699713847991,19000.0,1800,20300,Back,State,True,41.2998306910882,1756
6407,4,116,,SON,,35.03,,"PETALUMA, JCT. RTE. 101",-122.7127902019241,38.33127400719176,18800.0,1650,19500,Back,State,True,40.97660458673234,1757
6459,4,121,,SON,R,7.438,,JCT. RTE. 12 NORTH,-122.44823760749398,38.24304651166754,18800.0,1750,21900,Back,State,True,40.97660458673234,1757
7669,4,77,,ALA,,0.365,,"OAKLAND, EAST 12TH STREET",-122.21739988341812,37.77206645969351,18800.0,1550,19200,Back,State,True,40.97660458673234,1757
6429,4,121,,NAP,R,5.08,,"NAPA, SOUTH COOMBS ST",-122.28918469884493,38.281660822700616,18800.0,1750,21000,Ahead,State,True,40.97660458673234,1757
7667,4,77,,ALA,,0.098,,"OAKLAND, JCT. RTE. 880",-122.22121325515543,37.76944459571127,18800.0,1550,19200,Ahead,State,True,40.97660458673234,1757
6477,4,123,,ALA,,3.15,,"BERKELEY, UNIVERSITY AVENUE",-122.29211224277887,37.86912907859996,18700.0,1550,19000,Back,State,True,40.84192704325073,1762
7855,4,82,,SCL,,10.343,,SAN JOSE/SANTA CLARA CITY LIMITS,-121.93217875660788,37.34458385359322,18700.0,2150,19300,Back,State,True,40.84192704325073,1762
6493,4,123,,CC,,1.75,,"EL CERRITO, POTRERO AVENUE",-122.31518158204462,37.92073784364859,18700.0,1550,19100,Ahead,State,True,40.84192704325073,1762
6411,4,116,,SON,,39.27,,LAKEVILLE ROAD,-122.54933716445207,38.212063925322724,18600.0,1850,19800,Back,State,True,40.738032938279204,1765
6421,4,116,,SON,,46.755,,JCT. RTE. 121,-122.46126677686641,38.23561447856277,18600.0,1850,19500,Back,State,True,40.738032938279204,1765
6603,4,12,,SON,,30.07,,TRINITY ROAD,-122.51447135369115,38.379441991022624,18600.0,2600,21100,Back,State,True,40.738032938279204,1765
6409,4,116,,SON,,36.36,,FRATES ROAD/CADER LANE,-122.59407691276127,38.23458622035037,18600.0,1850,19800,Ahead,State,True,40.738032938279204,1765
6419,4,116,,SON,,44.84,,ARNOLD DRIVE,-122.47851972858507,38.254311857772414,18600.0,1850,21700,Ahead,State,True,40.738032938279204,1765
6601,4,12,,SON,,27.03,,"KENWOOD, WARM SPRINGS ROAD",-122.54591491469792,38.41400809976718,18600.0,2600,21100,Ahead,State,True,40.738032938279204,1765
7254,4,35,,SM,,24.349,,"SAN BRUNO, SAN BRUNO AVENUE",-122.44197720246487,37.618430599337955,18500.0,2300,19600,Back,State,True,40.61105125442512,1771
7244,4,35,,SM,R,23.037,,JCT. RTE. 280,-122.42781007513827,37.604496213768215,18500.0,2300,19600,Ahead,State,True,40.61105125442512,1771
8278,4,9,,SCL,,9.88,,QUITO ROAD,-121.99702782525307,37.23994720169146,18500.0,1800,20300,Ahead,State,True,40.61105125442512,1771
6457,4,121,,SON,R,10.788,,NAPA ROAD,-122.39357354321703,38.25345212587154,18300.0,1750,20000,Back,State,True,40.384023395413266,1774
6697,4,152,,SCL,M,9.43,,MONTEREY STREET,-121.57236953079692,37.01467638045892,18300.0,2100,20700,Back,State,True,40.384023395413266,1774
6465,4,121,,SON,,6.692,,JCT. RTE. 116 WEST,-122.46126109502224,38.23561467401447,18300.0,1850,20700,Ahead,State,True,40.384023395413266,1774
6469,4,121,,SON,,9.54,,RAMAL ROAD,-122.4127906020156,38.24714812968215,18300.0,1750,20000,Ahead,State,True,40.384023395413266,1774
7995,4,84,,SM,,20.92,,"WOODSIDE, WHISKEY HILL ROAD",-122.24997167092958,37.429284892886685,18200.0,2300,18700,Ahead,State,True,40.25319378174542,1778
6352,4,113,,SOL,R,21.24,R,"DIXON, WEST JCT. RTE. 80, BEGIN RIGHT ALIGN",-121.77425203708448,38.515580179360306,18100.0,1400,19000,Ahead,State,True,40.168539325842694,1779
6270,4,101,,SON,R,50.43,,SOUTH CLOVERDALE,-123.00938383494129,38.78347741405104,18000.0,1800,21100,Ahead,US,True,40.01847006310605,1780
6395,4,116,,SON,,23.05,,GRATON/FREI ROADS,-122.85767429171885,38.43699987587612,18000.0,2250,18400,Ahead,State,True,40.01847006310605,1780
6403,4,116,,SON,,30.33,,"CUNNINGHAM, LONE PINE ROAD",-122.78130950205423,38.36525991199899,17900.0,1650,18600,Back,State,True,39.872248730183166,1782
6401,4,116,,SON,,28.56,,BLOOMFIELD ROAD,-122.80615750827748,38.381248853744545,17900.0,1650,18600,Ahead,State,True,39.872248730183166,1782
6403,4,116,,SON,,30.33,,"CUNNINGHAM, LONE PINE ROAD",-122.78130950205423,38.36525991199899,17900.0,1650,18600,Ahead,State,True,39.872248730183166,1782
7346,4,4,,CC,R,41.96,,MARSH CREEK ROAD,-121.6413141535697,37.89641957165007,17800.0,1650,18400,Back,State,True,39.76065876558412,1785
6375,4,116,,SON,R,24.054,,OCCIDENTAL/MOLINO ROADS,-122.8483329167935,38.425642703528716,17800.0,1750,18200,Ahead,State,True,39.76065876558412,1785
7344,4,4,,CC,R,38.049,,MARSH CREEK/VASCO RD,-121.7128108918613,37.895805839255495,17800.0,1650,18400,Ahead,State,True,39.76065876558412,1785
6563,4,12,,SOL,,25.579,,"RIO VISTA, DROUIN DRIVE",-121.69939723186914,38.1626104769624,17700.0,2350,19700,Back,State,True,39.59134985377867,1788
6761,4,185,,ALA,,5.18,,"SAN LEANDRO, SYBIL AVENUE",-122.14976689797821,37.72046007642843,17700.0,1450,18000,Back,State,True,39.59134985377867,1788
6561,4,12,,SOL,,19.169,,JCT. RTE. 113 NORTH,-121.80618236370266,38.18357928509218,17700.0,2050,20700,Ahead,State,True,39.59134985377867,1788
6573,4,12,,SOL,,8.89,,SCALLY ROAD,-121.97034040260291,38.228509677352655,17700.0,2050,20700,Ahead,State,True,39.59134985377867,1788
6867,4,1,,SM,,33.361,,CAPISTRANO/OBISPO ROADS,-122.48811386068527,37.50990345648982,17700.0,1950,18500,Ahead,State,True,39.59134985377867,1788
6771,4,1,,MRN,,0.65,,"TAMALPAIS JUNCTION, ALMONTE BOULEVARD",-122.5249492609443,37.882157256440266,17600.0,1850,18700,Ahead,State,True,39.4335847314145,1793
7192,4,29,,NAP,,30.66,,LODI LANE,-122.49642453739975,38.523661045898535,17500.0,1700,18400,Back,State,True,39.310450977374174,1794
7188,4,29,,NAP,,29.25,,"ST. HELENA, PRATT AVENUE",-122.47788401780797,38.50962418675398,17500.0,1700,18400,Ahead,State,True,39.310450977374174,1794
121,4,160,,CC,L,0,R,"JCT RTE 4 RT LNS, RIGHT ALIGN",-121.76398461049226,37.99096131712834,17400.0,1750,20100,Ahead,State,True,39.19116515314761,1796
7999,4,84,,SM,,21.537,,"WOODSIDE, JCT. RTE. 280",-122.24319951454773,37.435307543106596,17300.0,2150,17800,Back,State,True,39.0757272587348,1797
6775,4,1,,MRN,,1.31,,PINE STREET,-122.53512120290998,37.87958784841521,17200.0,1750,18700,Back,State,True,38.956441434508235,1798
7442,4,580,,ALA,,0.39,R,"JCT. RTE. 205 EAST, RIGHT ALIGN",-121.56101557839385,37.742296790300074,17200.0,1200,18100,Back,Interstate,True,38.956441434508235,1798
7444,4,580,,ALA,,0.422,R,"JCT RTE 205/239 UNC, RIGHT ALIGN",-121.56145552650764,37.742626809047245,17200.0,1200,18100,Back,Interstate,True,38.956441434508235,1798
7441,4,580,,ALA,,0.092,R,"SAN JOAQUIN/ALAMEDA CNTY LINE, RIGHT ALIGN",-121.55713497314746,37.73904677374466,17200.0,1200,18100,Ahead,Interstate,True,38.956441434508235,1798
7442,4,580,,ALA,,0.39,R,"JCT. RTE. 205 EAST, RIGHT ALIGN",-121.56101557839385,37.742296790300074,17200.0,1200,18100,Ahead,Interstate,True,38.956441434508235,1798
7444,4,580,,ALA,,0.422,R,"JCT RTE 205/239 UNC, RIGHT ALIGN",-121.56145552650764,37.742626809047245,17200.0,1200,18100,Ahead,Interstate,True,38.956441434508235,1798
6465,4,121,,SON,,6.692,,JCT. RTE. 116 WEST,-122.46126109502224,38.23561467401447,17100.0,1650,17700,Back,State,True,38.85639525935047,1804
6761,4,185,,ALA,,5.18,,"SAN LEANDRO, SYBIL AVENUE",-122.14976689797821,37.72046007642843,17000.0,1450,17300,Ahead,State,True,38.71017392642758,1805
6405,4,116,,SON,,33.61,,STONY POINT ROAD EAST,-122.73831535371691,38.334562410612264,16900.0,1550,17700,Back,State,True,38.544712944435894,1806
6449,4,121,,NAP,,6.554,,"NAPA, SOSCOL AVENUE",-122.27538821011638,38.28859058173044,16900.0,2150,20000,Back,State,True,38.544712944435894,1806
6431,4,121,,NAP,R,5.891,,JCT. RTE. 221 SOUTH,-122.2741677203438,38.28047545277702,16900.0,2150,20000,Ahead,State,True,38.544712944435894,1806
6869,4,1,,SM,,35.334,,VALLEMAR/ETHELDORE STREETS,-122.5146336801613,37.528734328833345,16800.0,1850,16900,Ahead,State,True,38.410035400954285,1809
7923,4,82,,SM,,22.434,,"COLMA, MISSION ROAD",-122.4541908767308,37.673165584767354,16600.0,2150,16900,Back,State,True,38.209943050638756,1810
7993,4,84,,SM,,20.66,,"WOODSIDE, CANADA ROAD",-122.25409109958248,37.42964584649909,16300.0,2150,17000,Ahead,State,True,37.83669385870402,1811
7535,4,61,,ALA,,21.967,,JCT. RTE. 260 NORTH,-122.27690719298985,37.77146395434613,16100.0,1650,16400,Back,State,True,37.66738494689857,1812
6605,4,12,,SON,,30.65,,ARNOLD DRIVE,-122.51587279919622,38.3715318677603,16000.0,2150,17800,Back,State,True,37.46729259658304,1813
6603,4,12,,SON,,30.07,,TRINITY ROAD,-122.51447135369115,38.379441991022624,16000.0,2150,17800,Ahead,State,True,37.46729259658304,1813
6661,4,131,,MRN,,3.22,,"TIBURON, SAN RAFAEL AVENUE",-122.4725151062567,37.88449882311651,15900.0,1850,17400,Back,State,True,37.24411266738495,1815
7891,4,82,,SF,R,0.208,,"SAN FRANCISCO, JCT. RTE. 280",-122.45645202613245,37.71074110588585,15900.0,1900,16100,Back,State,True,37.24411266738495,1815
7893,4,82,,SF,,0,,SAN MATEO/SAN FRANCISCO COUNTY LINE,-122.459052631812,37.70823210044556,15900.0,1900,16100,Ahead,State,True,37.24411266738495,1815
7194,4,29,,NAP,,33.47,,LARKMEAD LANE,-122.52567721881961,38.55347026528304,15800.0,1600,16800,Back,State,True,37.10558719408958,1818
7192,4,29,,NAP,,30.66,,LODI LANE,-122.49642453739975,38.523661045898535,15800.0,1600,16800,Ahead,State,True,37.10558719408958,1818
6859,4,1,,SM,,27.75,,"HALF MOON BAY, MAIN STREET",-122.42978614777776,37.450351259510164,15700.0,2050,17000,Back,State,True,36.9786055102355,1820
7995,4,84,,SM,,20.92,,"WOODSIDE, WHISKEY HILL ROAD",-122.24997167092958,37.429284892886685,15600.0,2050,16300,Back,State,True,36.836232107126364,1821
8246,4,92,,SM,,0.2,,"HALF MOON BAY, MAIN STREET",-122.43008990859953,37.46788848107348,15600.0,1450,16400,Back,State,True,36.836232107126364,1821
8248,4,92,,SM,,0,,"HALF MOON BAY, JCT. RTE. 1",-122.43352218265393,37.467988724953116,15600.0,1450,16400,Ahead,State,True,36.836232107126364,1821
7210,4,29,,SOL,,2.066,,"VALLEJO, MAINE STREET",-122.25503117484921,38.09912656839449,15500.0,2250,17300,Back,State,True,36.68616284438972,1824
7212,4,29,,SOL,,2.82,,"VALLEJO, TENNESSEE STREET",-122.25475693715927,38.109996209718695,15500.0,1700,17300,Back,State,True,36.68616284438972,1824
7208,4,29,,SOL,,1.01,,"VALLEJO, LEMON STREET",-122.24350345772747,38.08780327573665,15500.0,2250,17300,Ahead,State,True,36.68616284438972,1824
7210,4,29,,SOL,,2.066,,"VALLEJO, MAINE STREET",-122.25503117484921,38.09912656839449,15500.0,1700,17300,Ahead,State,True,36.68616284438972,1824
6869,4,1,,SM,,35.334,,VALLEMAR/ETHELDORE STREETS,-122.5146336801613,37.528734328833345,15300.0,1700,16000,Back,State,True,36.40526396798522,1828
6871,4,1,,SM,,40.752,,"PACIFICA, SAN PEDRO AVENUE",-122.50588093171574,37.59353578612638,15300.0,1850,15700,Back,State,True,36.40526396798522,1828
6873,4,1,,SM,,40.959,,"PACIFICA, LINDA MAR BOULEVARD",-122.50382727158515,37.59594350868015,15300.0,1850,15500,Back,State,True,36.40526396798522,1828
6871,4,1,,SM,,40.752,,"PACIFICA, SAN PEDRO AVENUE",-122.50588093171574,37.59353578612638,15300.0,1850,15700,Ahead,State,True,36.40526396798522,1828
6274,4,101,,SON,R,54.201,,JCT. RTE. 128 WEST,-123.01428227811701,38.82800048854147,15200.0,1450,16400,Back,US,True,36.266738494689854,1832
6272,4,101,,SON,R,51.616,,CITRUS FAIR DRIVE,-123.01296364470468,38.80039947515208,15200.0,1450,16400,Ahead,US,True,36.266738494689854,1832
7967,4,84,,ALA,,10.83,,"FREMONT, JCT. RTE. 238",-121.97163734170111,37.57653407511911,15200.0,1750,15600,Ahead,State,True,36.266738494689854,1832
6461,4,121,,SON,,0,,JCT. RTE. 37,-122.44941271437838,38.15090688143903,14700.0,1650,17100,Ahead,State,True,35.470217023241496,1835
6859,4,1,,SM,,27.75,,"HALF MOON BAY, MAIN STREET",-122.42978614777776,37.450351259510164,14600.0,1850,15800,Ahead,State,True,35.34708326920117,1836
6379,4,116,,SON,R,26.733,R,"SEBASTOPOL, JCT. RTE. 12 EAST, RIGHT ALIGN",-122.82420172933605,38.402107959853566,14500.0,1450,14800,Back,State,True,35.21240572571956,1837
6378,4,116,,SON,R,26.65,R,BEGIN RIGHT ALIGN,-122.82483534973352,38.40312496425861,14500.0,1450,14800,Ahead,State,True,35.21240572571956,1837
7853,4,82,,SCL,R,11.141,,"SANTA CLARA, BENTON ROAD",-121.93842185379643,37.353121239157716,14400.0,1700,14700,Back,State,True,35.096967831306756,1839
7853,4,82,,SCL,R,11.141,,"SANTA CLARA, BENTON ROAD",-121.93842185379643,37.353121239157716,14400.0,1700,14700,Ahead,State,True,35.096967831306756,1839
7855,4,82,,SCL,,10.343,,SAN JOSE/SANTA CLARA CITY LIMITS,-121.93217875660788,37.34458385359322,14400.0,1700,14700,Ahead,State,True,35.096967831306756,1839
6775,4,1,,MRN,,1.31,,PINE STREET,-122.53512120290998,37.87958784841521,14300.0,1750,16100,Ahead,State,True,34.99692165614899,1842
6276,4,101,,SON,R,56.219,,SONOMA/MENDOCINO COUNTY LINE,-123.03174171479019,38.85258672852044,14200.0,1350,15300,Back,US,True,34.881483761736185,1843
6451,4,121,,NAP,,7.37,,"NAPA, THIRD STREET",-122.27591556340896,38.29953995220806,14200.0,1850,17000,Back,State,True,34.881483761736185,1843
6274,4,101,,SON,R,54.201,,JCT. RTE. 128 WEST,-123.01428227811701,38.82800048854147,14200.0,1350,15300,Ahead,US,True,34.881483761736185,1843
6449,4,121,,NAP,,6.554,,"NAPA, SOSCOL AVENUE",-122.27538821011638,38.28859058173044,14200.0,1850,17000,Ahead,State,True,34.881483761736185,1843
6395,4,116,,SON,,23.05,,GRATON/FREI ROADS,-122.85767429171885,38.43699987587612,14100.0,1650,14400,Back,State,True,34.71987070955826,1847
8262,4,9,,SCL,R,7.4,,"SARATOGA, JCT. RTE. 85 NORTH",-122.03193541216628,37.25929704734345,14100.0,1500,15600,Back,State,True,34.71987070955826,1847
7196,4,29,,NAP,,36.893,,"CALISTOGA, JCT. RTE. 128 NORTHWEST",-122.58052733586999,38.57526199739288,14000.0,1400,15000,Back,State,True,34.54286593812529,1849
7969,4,84,,ALA,,13,,PALOMARES ROAD,-121.94692500534028,37.59784966771229,14000.0,1750,15600,Back,State,True,34.54286593812529,1849
7194,4,29,,NAP,,33.47,,LARKMEAD LANE,-122.52567721881961,38.55347026528304,14000.0,1400,15000,Ahead,State,True,34.54286593812529,1849
6561,4,12,,SOL,,19.169,,JCT. RTE. 113 NORTH,-121.80618236370266,38.18357928509218,13800.0,1450,14800,Back,State,True,34.285054640603356,1852
8276,4,9,,SCL,,8.84,,"SARATOGA, FRUITVALE AVENUE",-122.0136725016417,37.24570167410919,13800.0,1400,15200,Ahead,State,True,34.285054640603356,1852
7671,4,77,,ALA,,0.452,,"OAKLAND, EAST 14TH STREET",-122.21614733277308,37.77297968223571,13400.0,1150,13700,Back,State,True,33.68092965984301,1854
7971,4,84,,ALA,,17.287,,"SUNOL, PLEASANTON/ SUNOL ROADS",-121.88229754029591,37.59292102604914,13400.0,1550,14000,Back,State,True,33.68092965984301,1854
8278,4,9,,SCL,,9.88,,QUITO ROAD,-121.99702782525307,37.23994720169146,13400.0,1400,14600,Back,State,True,33.68092965984301,1854
7669,4,77,,ALA,,0.365,,"OAKLAND, EAST 12TH STREET",-122.21739988341812,37.77206645969351,13400.0,1150,13700,Ahead,State,True,33.68092965984301,1854
7969,4,84,,ALA,,13,,PALOMARES ROAD,-121.94692500534028,37.59784966771229,13400.0,1550,14000,Ahead,State,True,33.68092965984301,1854
6382,4,116,,SON,R,27.32,L,"SEBASTOPOL, PALM AVE, END LEFT ALGIN",-122.81961759500015,38.39590385081953,13300.0,1250,14200,Back,State,True,33.48853316915499,1859
6607,4,12,,SON,,32.86,,MADRONE ROAD,-122.49784477116897,38.34395411183158,13300.0,1650,14200,Back,State,True,33.48853316915499,1859
6380,4,116,,SON,R,26.82,L,"SEBASTOPOL, JCT. RTE. 12, LEFT ALIGN",-122.82287449635155,38.40237205165934,13300.0,1250,14200,Ahead,State,True,33.48853316915499,1859
6605,4,12,,SON,,30.65,,ARNOLD DRIVE,-122.51587279919622,38.3715318677603,13300.0,1650,14200,Ahead,State,True,33.48853316915499,1859
6857,4,1,,SM,,26.432,,MIRAMONTES POINT ROAD,-122.42670302012822,37.4313697468471,13300.0,1700,14500,Ahead,State,True,33.48853316915499,1859
6380,4,116,,SON,R,26.82,L,"SEBASTOPOL, JCT. RTE. 12, LEFT ALIGN",-122.82287449635155,38.40237205165934,13100.0,1250,13900,Back,State,True,33.21917808219178,1864
6777,4,1,,MRN,,1.91,,LORING AVENUE,-122.53745798506868,37.88617434632314,12900.0,1550,14900,Back,State,True,32.930583346159764,1865
6377,4,116,,SON,R,26.65,L,"SEBASTOPOL, ON MAIN STREET, BEGIN LEFT ALIGN",-122.82483534973352,38.40312496425861,12900.0,1250,13700,Ahead,State,True,32.930583346159764,1865
6381,4,116,,SON,R,27.2,R,"SEBASTOPOL, PALM AVENUE, RIGHT ALIGN",-122.82081034928832,38.395922963491316,12700.0,1250,13400,Back,State,True,32.688163767892874,1867
6379,4,116,,SON,R,26.733,R,"SEBASTOPOL, JCT. RTE. 12 EAST, RIGHT ALIGN",-122.82420172933605,38.402107959853566,12700.0,1250,13400,Ahead,State,True,32.688163767892874,1867
8262,4,9,,SCL,R,7.4,,"SARATOGA, JCT. RTE. 85 NORTH",-122.03193541216628,37.25929704734345,12700.0,1300,13900,Ahead,State,True,32.688163767892874,1867
6717,4,156,,SCL,M,0.664,,JCT RTE 152,-121.38275094604073,36.9693058930229,12600.0,1450,15200,Back,State,True,32.58042173310759,1870
6661,4,131,,MRN,,3.22,,"TIBURON, SAN RAFAEL AVENUE",-122.4725151062567,37.88449882311651,12600.0,1450,13800,Ahead,State,True,32.58042173310759,1870
6719,4,156,,SCL,,0,,SAN BENITO/SANTA CLARA COUNTY LINE,-121.3836092341924,36.95969345839634,12600.0,1450,15200,Ahead,State,True,32.58042173310759,1870
6609,4,12,,SON,,33.4,,CAVEDALE ROAD,-122.49280331260677,38.33709661829432,12500.0,1650,14200,Back,State,True,32.3957211020471,1873
6607,4,12,,SON,,32.86,,MADRONE ROAD,-122.49784477116897,38.34395411183158,12500.0,1650,14200,Ahead,State,True,32.3957211020471,1873
6381,4,116,,SON,R,27.2,R,"SEBASTOPOL, PALM AVENUE, RIGHT ALIGN",-122.82081034928832,38.395922963491316,12400.0,1150,13000,Ahead,State,True,32.21871633061413,1875
7198,4,29,,NAP,,37.902,,"CALISTOGA, SILVERADO TRAIL",-122.57740540459342,38.588981427743036,12200.0,1300,13100,Back,State,True,31.98399261197476,1876
6405,4,116,,SON,,33.61,,STONY POINT ROAD EAST,-122.73831535371691,38.334562410612264,12200.0,1250,13400,Ahead,State,True,31.98399261197476,1876
7196,4,29,,NAP,,36.893,,"CALISTOGA, JCT. RTE. 128 NORTHWEST",-122.58052733586999,38.57526199739288,12200.0,1300,13100,Ahead,State,True,31.98399261197476,1876
6383,4,116,,SON,R,27.3,R,"SEBASTOPOL, PETALUMA AVENUE, END RIGHT ALIGN",-122.81913132256383,38.39475569990969,12000.0,1150,13000,Back,State,True,31.660766507618902,1879
6387,4,116,,SON,,11.164,,"GUERNEWOOD PARK, HULBERT CREEK BRIDGE",-123.00834891824177,38.49545071936908,11800.0,1350,13900,Back,State,True,31.25673387717408,1880
6611,4,12,,SON,,34.25,,AGUA CALIENTE ROAD,-122.48828108387205,38.32571181287036,11800.0,1550,13300,Back,State,True,31.25673387717408,1880
6387,4,116,,SON,,11.164,,"GUERNEWOOD PARK, HULBERT CREEK BRIDGE",-123.00834891824177,38.49545071936908,11800.0,1350,13900,Ahead,State,True,31.25673387717408,1880
6609,4,12,,SON,,33.4,,CAVEDALE ROAD,-122.49280331260677,38.33709661829432,11800.0,1550,13300,Ahead,State,True,31.25673387717408,1880
6391,4,116,,SON,,19.39,,"FORESTVILLE, MIRABEL ROAD",-122.89488839744715,38.47363443346039,11700.0,1350,12000,Ahead,State,True,31.06818531629983,1884
6423,4,116,,SON,,7.78,,MONTE RIO (TOWN CENTER)/BOHEMIAN HWY,-123.01038794930797,38.46782990066293,11600.0,1350,13600,Ahead,State,True,30.941203632445745,1885
6393,4,116,,SON,,21.8,,GUERNEVILLE ROAD,-122.86775766069586,38.45010285164512,11500.0,1250,12100,Back,State,True,30.77959058026782,1886
6645,4,130,,SCL,,2.87,,E/O DECKER WAY,-121.82221041312407,37.37420276183394,11500.0,1900,13400,Back,State,True,30.77959058026782,1886
6649,4,130,,SCL,,3.33,,ALUM ROCK AVE AT E/O MCKEE,-121.81858311571978,37.38002287917721,11500.0,1900,13400,Back,State,True,30.77959058026782,1886
6645,4,130,,SCL,,2.87,,E/O DECKER WAY,-121.82221041312407,37.37420276183394,11500.0,1900,13400,Ahead,State,True,30.77959058026782,1886
6649,4,130,,SCL,,3.33,,ALUM ROCK AVE AT E/O MCKEE,-121.81858311571978,37.38002287917721,11500.0,1900,13400,Ahead,State,True,30.77959058026782,1886
6365,4,113,,SOL,,19.29,,"DIXON, A STREET",-121.8224925092761,38.44558343633428,11400.0,1200,12000,Back,State,True,30.61412959827613,1891
6453,4,121,,NAP,,8.25,,"NAPA, LINCOLN AVENUE",-122.27651181299227,38.31063916759082,11400.0,1550,13800,Back,State,True,30.61412959827613,1891
6451,4,121,,NAP,,7.37,,"NAPA, THIRD STREET",-122.27591556340896,38.29953995220806,11400.0,1550,13800,Ahead,State,True,30.61412959827613,1891
6613,4,12,,SON,,35.11,,BOYES BOULEVARD,-122.48155998683262,38.3139173890232,11200.0,1450,12400,Back,State,True,30.425581037401876,1894
7370,4,4,,CC,,48.392,,CONTRA COSTA/SAN JOAQUIN COUNTY LINE,-121.5699746545888,37.89090456894438,11200.0,1350,11700,Back,State,True,30.425581037401876,1894
6611,4,12,,SON,,34.25,,AGUA CALIENTE ROAD,-122.48828108387205,38.32571181287036,11200.0,1450,12400,Ahead,State,True,30.425581037401876,1894
7368,4,4,,CC,,46.46,,DISCOVERY BAY BOULEVARD,-121.60225997654267,37.89007224324894,11200.0,1350,11700,Ahead,State,True,30.425581037401876,1894
6373,4,116,,SON,R,12.067,,"GUERNEVILLE, ARMSTRONG WOODS ROAD",-122.99718120905501,38.502100586313524,10900.0,1350,11700,Back,State,True,29.93304602124057,1898
6393,4,116,,SON,,21.8,,GUERNEVILLE ROAD,-122.86775766069586,38.45010285164512,10900.0,1250,11200,Ahead,State,True,29.93304602124057,1898
6391,4,116,,SON,,19.39,,"FORESTVILLE, MIRABEL ROAD",-122.89488839744715,38.47363443346039,10800.0,1350,12300,Back,State,True,29.759889179621364,1900
7931,4,82,,SM,,25.15,,SAN MATEO/SAN FRANCISCO COUNTY LINE,-122.459052631812,37.70823210044556,10800.0,1300,11000,Back,State,True,29.759889179621364,1900
7929,4,82,,SM,,24.929,,"DALY CITY, MISSION STREET",-122.46139817973123,37.70587603145409,10800.0,1300,11000,Ahead,State,True,29.759889179621364,1900
6367,4,113,,SOL,,19.96,,"DIXON, NORTH ADAMS STREET",-121.82237248087941,38.45519636192711,10600.0,1100,11300,Ahead,State,True,29.398183777127905,1903
6615,4,12,,SON,,35.95,,VERANO AVENUE,-122.47609204859774,38.30268628009739,10500.0,1450,11400,Back,State,True,29.298137601970144,1904
6613,4,12,,SON,,35.11,,BOYES BOULEVARD,-122.48155998683262,38.3139173890232,10500.0,1450,11400,Ahead,State,True,29.298137601970144,1904
7200,4,29,,NAP,,39.5,,TUBBS LANE,-122.59542421051596,38.605564298278075,10300.0,1150,11300,Back,State,True,28.9248884100354,1906
7198,4,29,,NAP,,37.902,,"CALISTOGA, SILVERADO TRAIL",-122.57740540459342,38.588981427743036,10300.0,1150,11300,Ahead,State,True,28.9248884100354,1906
7531,4,61,,ALA,,19.84,,"ALAMEDA, BROADWAY/ ENCINAL AVENUE",-122.2407731461007,37.76057434068355,10200.0,1150,10500,Back,State,True,28.778667077112512,1908
7529,4,61,,ALA,,19.44,,"ALAMEDA, BROADWAY",-122.24485777491782,37.755601882968115,10200.0,1150,10500,Ahead,State,True,28.778667077112512,1908
8276,4,9,,SCL,,8.84,,"SARATOGA, FRUITVALE AVENUE",-122.0136725016417,37.24570167410919,10100.0,1150,11200,Back,State,True,28.659381252885947,1910
6617,4,12,,SON,,36.55,,"SONOMA, PETALUMA AVENUE (RIVERSIDE DRIVE)",-122.4758333337959,38.294526078320914,9800.0,1350,10600,Back,State,True,28.101431429890717,1911
6615,4,12,,SON,,35.95,,VERANO AVENUE,-122.47609204859774,38.30268628009739,9800.0,1350,10600,Ahead,State,True,28.101431429890717,1911
6367,4,113,,SOL,,19.96,,"DIXON, NORTH ADAMS STREET",-121.82237248087941,38.45519636192711,9700.0,1100,10200,Back,State,True,27.94751423734031,1913
6715,4,152,,SCL,,7.93,,"GILROY, SANTA TERESA BL",-121.59973494972122,37.01325615276556,9500.0,1200,10700,Back,State,True,27.60889641372941,1914
7533,4,61,,ALA,,21.27,,"ALAMEDA, CENTRAL AVENUE/ SHERMAN STREET",-122.26350315036115,37.770919209744996,9200.0,1050,9600,Ahead,State,True,27.13175311682315,1915
6623,4,12,,SON,,37,,"SONOMA, FIFTH STREET WEST",-122.4680478095016,38.292867612138444,9100.0,1250,9800,Back,State,True,26.96629213483146,1916
6617,4,12,,SON,,36.55,,"SONOMA, PETALUMA AVENUE (RIVERSIDE DRIVE)",-122.4758333337959,38.294526078320914,9100.0,1250,9800,Ahead,State,True,26.96629213483146,1916
7993,4,84,,SM,,20.66,,"WOODSIDE, CANADA ROAD",-122.25409109958248,37.42964584649909,8800.0,1300,9400,Back,State,True,26.512236416807756,1918
6365,4,113,,SOL,,19.29,,"DIXON, A STREET",-121.8224925092761,38.44558343633428,8800.0,1000,9400,Ahead,State,True,26.512236416807756,1918
6777,4,1,,MRN,,1.91,,LORING AVENUE,-122.53745798506868,37.88617434632314,8800.0,1350,10300,Ahead,State,True,26.512236416807756,1918
6423,4,116,,SON,,7.78,,MONTE RIO (TOWN CENTER)/BOHEMIAN HWY,-123.01038794930797,38.46782990066293,8700.0,1050,10100,Back,State,True,26.300600277050947,1921
6455,4,121,,NAP,,9.403,,"NAPA, TRANCAS STREET",-122.27410786110482,38.32518899610053,8700.0,1150,10700,Back,State,True,26.300600277050947,1921
6453,4,121,,NAP,,8.25,,"NAPA, LINCOLN AVENUE",-122.27651181299227,38.31063916759082,8700.0,1150,10700,Ahead,State,True,26.300600277050947,1921
7533,4,61,,ALA,,21.27,,"ALAMEDA, CENTRAL AVENUE/ SHERMAN STREET",-122.26350315036115,37.770919209744996,8500.0,1050,8800,Back,State,True,25.892719716792367,1924
7531,4,61,,ALA,,19.84,,"ALAMEDA, BROADWAY/ ENCINAL AVENUE",-122.2407731461007,37.76057434068355,8500.0,1050,8800,Ahead,State,True,25.892719716792367,1924
6619,4,12,,SON,,37.505,,"SONOMA, FIRST STREET WEST",-122.45897475865664,38.29203012486719,8400.0,1250,9900,Back,State,True,25.73880252424196,1926
6623,4,12,,SON,,37,,"SONOMA, FIFTH STREET WEST",-122.4680478095016,38.292867612138444,8400.0,1250,9900,Ahead,State,True,25.73880252424196,1926
7208,4,29,,SOL,,1.01,,"VALLEJO, LEMON STREET",-122.24350345772747,38.08780327573665,8300.0,1300,9300,Back,State,True,25.573341542250272,1928
7206,4,29,,SOL,,0,,"VALLEJO, JCT. RTE. 80",-122.23204083342955,38.0764948227323,8300.0,1300,9300,Ahead,State,True,25.573341542250272,1928
6857,4,1,,SM,,26.432,,MIRAMONTES POINT ROAD,-122.42670302012822,37.4313697468471,8200.0,1100,9400,Back,State,True,25.407880560258583,1930
6893,4,1,,SON,,5.38,,BODEGA HIGHWAY,-122.97743547374544,38.33714742531666,8200.0,1250,8200,Ahead,State,True,25.407880560258583,1930
6651,4,130,,SCL,,3.66,,MOUNT HAMILTON ROAD,-121.8148793573118,37.38352426676508,8100.0,1300,8800,Back,State,True,25.20009235031553,1932
6511,4,128,,NAP,,3.62,,"CALISTOGA, PETRIFIED FOREST ROAD",-122.59634445637113,38.58132468655025,8100.0,940,9500,Ahead,State,True,25.20009235031553,1932
6511,4,128,,NAP,,3.62,,"CALISTOGA, PETRIFIED FOREST ROAD",-122.59634445637113,38.58132468655025,7900.0,940,9200,Back,State,True,24.672925965830384,1934
7204,4,29,,NAP,,48.582,,NAPA/LAKE COUNTY LINE,-122.59201234708314,38.67596058431683,7900.0,970,8900,Back,State,True,24.672925965830384,1934
6363,4,113,,SOL,,18.95,,"DIXON, CHERRY STREET",-121.82252420363594,38.44061788545619,7900.0,910,8400,Ahead,State,True,24.672925965830384,1934
6373,4,116,,SON,R,12.067,,"GUERNEVILLE, ARMSTRONG WOODS ROAD",-122.99718120905501,38.502100586313524,7900.0,1550,8600,Ahead,State,True,24.672925965830384,1934
7200,4,29,,NAP,,39.5,,TUBBS LANE,-122.59542421051596,38.605564298278075,7900.0,970,8900,Ahead,State,True,24.672925965830384,1934
6515,4,128,,NAP,,4.55,,"CALISTOGA, JCT. RTE. 29",-122.58052733586999,38.57526199739288,7700.0,940,9800,Back,State,True,24.22271817762044,1939
6621,4,12,,SON,,37.69,,"SONOMA, PATTEN STREET",-122.4582061205737,38.29027758823032,7600.0,1050,8900,Back,State,True,23.972602739726025,1940
6619,4,12,,SON,,37.505,,"SONOMA, FIRST STREET WEST",-122.45897475865664,38.29203012486719,7600.0,1050,8900,Ahead,State,True,23.972602739726025,1940
6853,4,1,,SM,,20.98,,TUNITAS CREEK ROAD,-122.39765971174653,37.358799749010316,7500.0,1100,8100,Ahead,State,True,23.691703863321536,1942
7951,4,84,,ALA,R,17.987,,JCT. RTE. 680,-121.86981946129913,37.592695508138156,7400.0,1050,7800,Back,State,True,23.445436355240883,1943
7971,4,84,,ALA,,17.287,,"SUNOL, PLEASANTON/ SUNOL ROADS",-121.88229754029591,37.59292102604914,7400.0,1050,7800,Ahead,State,True,23.445436355240883,1943
6791,4,1,,MRN,,3.35,,SOUTH JCT. PANORAMIC HIGHWAY,-122.55376971976186,37.884094204619,7200.0,1150,8700,Back,State,True,22.937509619824535,1945
6855,4,1,,SM,,23.06,,MEYN/VERDE ROADS,-122.40556798812946,37.38693984623903,7200.0,1000,8400,Ahead,State,True,22.937509619824535,1945
8274,4,9,,SCL,,7.09,,"SARATOGA, SIXTH STREET",-122.03707058297894,37.255676945068124,7200.0,1300,8200,Ahead,State,True,22.937509619824535,1945
6855,4,1,,SM,,23.06,,MEYN/VERDE ROADS,-122.40556798812946,37.38693984623903,7100.0,1000,8000,Back,State,True,22.741265199322765,1948
6625,4,12,,SON,,38.06,,"SONOMA, MAC ARTHUR STREET",-122.45895858987986,38.28475909032938,7000.0,930,7900,Back,State,True,22.506541480683392,1949
6621,4,12,,SON,,37.69,,"SONOMA, PATTEN STREET",-122.4582061205737,38.29027758823032,7000.0,930,7900,Ahead,State,True,22.506541480683392,1949
7997,4,84,,SM,,20,,"WOODSIDE, KINGS MOUNTAIN ROAD",-122.26616459264665,37.426034046953475,7000.0,1300,7700,Ahead,State,True,22.506541480683392,1949
8274,4,9,,SCL,,7.09,,"SARATOGA, SIXTH STREET",-122.03707058297894,37.255676945068124,6900.0,1150,7700,Back,State,True,22.24103432353394,1952
8272,4,9,,SCL,,5.71,,"SARATOGA, PIERCE ROAD",-122.05833908845922,37.25241206636262,6900.0,1150,7900,Ahead,State,True,22.24103432353394,1952
6363,4,113,,SOL,,18.95,,"DIXON, CHERRY STREET",-121.82252420363594,38.44061788545619,6800.0,710,7200,Back,State,True,22.02555025396337,1954
6851,4,1,,SM,,18.189,,JCT. RTE. 84 EAST,-122.39987749228291,37.32455436027993,6800.0,1000,8600,Ahead,State,True,22.02555025396337,1954
6627,4,12,,SON,,38.69,,NAPA ROAD,-122.46034385403172,38.27582443523643,6400.0,830,7100,Back,State,True,21.10589502847468,1956
6853,4,1,,SM,,20.98,,TUNITAS CREEK ROAD,-122.39765971174653,37.358799749010316,6400.0,910,8500,Back,State,True,21.10589502847468,1956
6625,4,12,,SON,,38.06,,"SONOMA, MAC ARTHUR STREET",-122.45895858987986,38.28475909032938,6400.0,830,7100,Ahead,State,True,21.10589502847468,1956
6849,4,1,,SM,,13.579,,PEBBLE BEACH ROAD (TO PESCADERO),-122.41318393475264,37.259835467633835,6400.0,1100,8000,Ahead,State,True,21.10589502847468,1956
6437,4,121,,NAP,,10.55,,ATLAS PEAK ROAD,-122.26098030015766,38.337739777635726,6300.0,830,7500,Back,State,True,20.794212713560103,1960
6507,4,128,,NAP,,2.66,,TUBBS LANE,-122.60708846437436,38.588761755387225,6300.0,730,7300,Ahead,State,True,20.794212713560103,1960
6713,4,152,,SCL,,5.03,,WATSONVILLE RD,-121.65030822812813,37.013474934394594,6200.0,880,7000,Back,State,True,20.49407418808681,1962
6709,4,152,,SCL,,0,,SANTA CRUZ/SANTA CLARA COUNTY LINE,-121.71767407077222,36.99572792703515,6200.0,880,7000,Ahead,State,True,20.49407418808681,1962
6851,4,1,,SM,,18.189,,JCT. RTE. 84 EAST,-122.39987749228291,37.32455436027993,6100.0,910,7100,Back,State,True,20.28628597814376,1964
6455,4,121,,NAP,,9.403,,"NAPA, TRANCAS STREET",-122.27410786110482,38.32518899610053,6100.0,940,8300,Ahead,State,True,20.28628597814376,1964
6413,4,116,,SON,,4.927,,AUSTIN CREEK,-123.05004442517344,38.467238796339494,6000.0,1150,7300,Back,State,True,20.055410189318145,1966
6885,4,1,,SON,,2.42,,VALLEY FORD/FREESTONE ROADS,-122.92626304689182,38.3186377608774,6000.0,930,6100,Back,State,True,20.055410189318145,1966
6879,4,1,,SON,,0.19,,VALLEY FORD ROAD,-122.89653694074077,38.31644399190111,6000.0,930,6100,Ahead,State,True,20.055410189318145,1966
6713,4,152,,SCL,,5.03,,WATSONVILLE RD,-121.65030822812813,37.013474934394594,5900.0,880,6800,Ahead,State,True,19.797598891796213,1969
7991,4,84,,SM,,18.34,,"WOODSIDE, PORTOLA ROAD",-122.2570471308907,37.407436309830906,5800.0,1100,6400,Back,State,True,19.54363552408804,1970
7989,4,84,,SM,,14.95,,"WOODSIDE, JCT. RTE. 35",-122.26427530445014,37.38636647704214,5800.0,1000,6400,Ahead,State,True,19.54363552408804,1970
7991,4,84,,SM,,18.34,,"WOODSIDE, PORTOLA ROAD",-122.2570471308907,37.407436309830906,5800.0,1100,6400,Ahead,State,True,19.54363552408804,1970
6883,4,1,,SON,,11.07,,BODEGA EASTSHORE ROAD,-123.04743333525622,38.33845438929834,5700.0,830,5900,Back,State,True,19.270432507311067,1973
6441,4,121,,NAP,,16.075,,WOODEN VALLEY ROAD,-122.20244843342371,38.37682918513147,5500.0,1150,6700,Back,State,True,18.716330614129596,1974
6629,4,12,,SON,,39.41,,WATMAUGH ROAD,-122.46197168756483,38.265377302464024,5500.0,730,6300,Back,State,True,18.716330614129596,1974
6627,4,12,,SON,,38.69,,NAPA ROAD,-122.46034385403172,38.27582443523643,5500.0,730,6300,Ahead,State,True,18.716330614129596,1974
6437,4,121,,NAP,,10.55,,ATLAS PEAK ROAD,-122.26098030015766,38.337739777635726,5400.0,830,5600,Ahead,State,True,18.3969524395875,1977
6751,4,185,,ALA,,10.375,,"OAKLAND, 44TH AVENUE",-122.21403666914783,37.77201715124321,5400.0,520,5600,Ahead,State,True,18.3969524395875,1977
6631,4,12,,SON,,41.361,,"JCT. RTE. 29, NAPA, SOUTH",-122.44826108676058,38.24302524770506,5300.0,830,5400,Back,State,True,18.15068493150685,1979
6633,4,12,,SON,,41.36,,JCT. RTE. 121,-122.44827578319862,38.24303694821192,5300.0,730,6300,Back,State,True,18.15068493150685,1979
6413,4,116,,SON,,4.927,,AUSTIN CREEK,-123.05004442517344,38.467238796339494,5300.0,1050,6600,Ahead,State,True,18.15068493150685,1979
6629,4,12,,SON,,39.41,,WATMAUGH ROAD,-122.46197168756483,38.265377302464024,5300.0,730,6300,Ahead,State,True,18.15068493150685,1979
6633,4,12,,SON,,41.36,,JCT. RTE. 121,-122.44827578319862,38.24303694821192,5300.0,830,5400,Ahead,State,True,18.15068493150685,1979
6789,4,1,,MRN,,29.33,,POINT REYES/PETALUMA ROADS,-122.80142944137519,38.073351146307466,5200.0,830,6100,Back,State,True,17.954440511005078,1984
7997,4,84,,SM,,20,,"WOODSIDE, KINGS MOUNTAIN ROAD",-122.26616459264665,37.426034046953475,5200.0,1000,5700,Back,State,True,17.954440511005078,1984
6787,4,1,,MRN,,28.6,,"SIR FRANCIS DRAKE BOULEVARD, NORTH",-122.80491747385929,38.066152516302694,5200.0,830,6100,Ahead,State,True,17.954440511005078,1984
6439,4,121,,NAP,,10.68,,VICHY AVENUE,-122.25933964766544,38.33921561136663,5100.0,940,6300,Back,State,True,17.723564722179468,1987
6893,4,1,,SON,,5.38,,BODEGA HIGHWAY,-122.97743547374544,38.33714742531666,5100.0,730,5200,Back,State,True,17.723564722179468,1987
6885,4,1,,SON,,2.42,,VALLEY FORD/FREESTONE ROADS,-122.92626304689182,38.3186377608774,5100.0,730,5200,Ahead,State,True,17.723564722179468,1987
6439,4,121,,NAP,,10.68,,VICHY AVENUE,-122.25933964766544,38.33921561136663,4900.0,940,6500,Ahead,State,True,17.22333384639064,1990
6883,4,1,,SON,,11.07,,BODEGA EASTSHORE ROAD,-123.04743333525622,38.33845438929834,4900.0,730,5000,Ahead,State,True,17.22333384639064,1990
6663,4,131,,MRN,,4.392,,MAIN STREET,-122.45513578942534,37.87329146820743,4750.0,520,5400,Back,State,True,16.892411882407266,1992
8272,4,9,,SCL,,5.71,,"SARATOGA, PIERCE ROAD",-122.05833908845922,37.25241206636262,4650.0,760,5200,Back,State,True,16.492227181776205,1993
6359,4,113,,SOL,,0,,JCT. RTE. 12,-121.80624337727674,38.18358069377453,4650.0,510,4950,Ahead,State,True,16.492227181776205,1993
8270,4,9,,SCL,,4.89,,SANBORN ROAD,-122.0681357358588,37.24884426109298,4650.0,760,5400,Ahead,State,True,16.492227181776205,1993
6847,4,1,,SM,,0,,SANTA CRUZ/SAN MATEO COUNTY LINE,-122.29266148352336,37.107683827322504,4450.0,800,5600,Ahead,State,True,15.945821148222256,1996
6895,4,1,,SON,,58.583,,SONOMA/MENDOCINO COUNTY LINE,-123.51845080781521,38.75980633485649,4350.0,630,4450,Back,State,True,15.564876096659997,1997
6361,4,113,,SOL,,11.61,,ELMIRA/FRY ROADS,-121.82325744630009,38.33707787621133,4250.0,510,4550,Back,State,True,15.337848237648144,1998
6779,4,1,,MRN,,12.21,,"PANORAMIC HIGHWAY, NORTH",-122.63669112853061,37.89624770046978,4250.0,830,5400,Back,State,True,15.337848237648144,1998
6779,4,1,,MRN,,12.21,,"PANORAMIC HIGHWAY, NORTH",-122.63669112853061,37.89624770046978,4250.0,830,5300,Ahead,State,True,15.337848237648144,1998
6801,4,1,,MRN,,5.92,,MUIR WOODS ROAD,-122.57712531078616,37.86700178045852,4250.0,830,5400,Ahead,State,True,15.337848237648144,1998
7242,4,35,,SM,L,22.761,,ROUTE BREAK AT ROUTE 280,-122.42496306786451,37.60130681542391,3800.0,570,3900,Back,State,True,14.091118977989842,2002
7244,4,35,,SM,R,23.037,,JCT. RTE. 280,-122.42781007513827,37.604496213768215,3800.0,570,3900,Back,State,True,14.091118977989842,2002
7989,4,84,,SM,,14.95,,"WOODSIDE, JCT. RTE. 35",-122.26427530445014,37.38636647704214,3800.0,1000,4450,Back,State,True,14.091118977989842,2002
7240,4,35,,SM,L,21.72,,JCT. RTE. 92,-122.34979126784665,37.511810960256085,3800.0,570,3900,Ahead,State,True,14.091118977989842,2002
7242,4,35,,SM,L,22.761,,ROUTE BREAK AT ROUTE 280,-122.42496306786451,37.60130681542391,3800.0,570,3900,Ahead,State,True,14.091118977989842,2002
8264,4,9,,SCL,,0,,JCT. RTE. 35,-122.1222568646662,37.25838768474349,3800.0,430,4000,Ahead,State,True,14.091118977989842,2002
6791,4,1,,MRN,,3.35,,SOUTH JCT. PANORAMIC HIGHWAY,-122.55376971976186,37.884094204619,3700.0,720,4650,Ahead,State,True,13.6793904879175,2008
6529,4,128,,SON,,11.96,,PINE FLAT ROAD,-122.81335169138319,38.67155821982062,3650.0,520,4450,Back,State,True,13.548560874249654,2009
6787,4,1,,MRN,,28.6,,"SIR FRANCIS DRAKE BOULEVARD, NORTH",-122.80491747385929,38.066152516302694,3600.0,620,4550,Back,State,True,13.406187471140527,2010
6785,4,1,,MRN,,26.509,,"SIR FRANCIS DRAKE BOULEVARD, SOUTH",-122.7877731221703,38.040502191558076,3600.0,620,4550,Ahead,State,True,13.406187471140527,2010
8270,4,9,,SCL,,4.89,,SANBORN ROAD,-122.0681357358588,37.24884426109298,3550.0,540,4100,Back,State,True,13.27150992765892,2012
95,4,128,,SON,L,5.883,,"GEYSERVILLE, S JCT RTE OLD 101",-122.90417932298614,38.70655122844337,3450.0,410,4250,Back,State,True,12.948283823303065,2013
6361,4,113,,SOL,,11.61,,ELMIRA/FRY ROADS,-121.82325744630009,38.33707787621133,3450.0,410,3650,Ahead,State,True,12.948283823303065,2013
6801,4,1,,MRN,,5.92,,MUIR WOODS ROAD,-122.57712531078616,37.86700178045852,3400.0,720,4250,Back,State,True,12.771279051870094,2015
6537,4,128,,SON,,4.859,,JCT RTE 101U/N CLOVERDALE BLVD,-123.02222765042957,38.819161851224926,3350.0,300,4250,Back,State,True,12.586578420809605,2016
6537,4,128,,SON,,4.859,,JCT RTE 101U/N CLOVERDALE BLVD,-123.02222765042957,38.819161851224926,3350.0,400,4250,Ahead,State,True,12.586578420809605,2016
6755,4,185,,ALA,,10.519,,"OAKLAND, HIGH/ 12TH STREETS",-122.21615866322377,37.77304530739171,3300.0,420,3450,Back,State,True,12.467292596583038,2018
93,4,128,,SON,L,4.971,,"GEYERSVILLE, SOUTH JCT OLD RTE 101",-122.91751355663583,38.71453999535306,3250.0,400,3750,Back,State,True,12.30952747421887,2019
6523,4,128,,SON,L,4.97,,CANYON ROAD/OLD REDWOOD HIGHWAY,-122.91752568748541,38.714529719017506,3250.0,410,3750,Back,State,True,12.30952747421887,2019
6539,4,128,,SON,,5.74,,RIVER ROAD,-122.89264513619773,38.71550867475895,3250.0,410,3850,Back,State,True,12.30952747421887,2019
91,4,128,,SON,L,4.859,,"CLOVERDALE, NORTH JCT. RTE. 101",-123.01434699095343,38.828180169581636,3250.0,410,3750,Ahead,State,True,12.30952747421887,2019
95,4,128,,SON,L,5.883,,"GEYSERVILLE, S JCT RTE OLD 101",-122.90417932298614,38.70655122844337,3250.0,410,3850,Ahead,State,True,12.30952747421887,2019
6441,4,121,,NAP,,16.075,,WOODEN VALLEY ROAD,-122.20244843342371,38.37682918513147,3250.0,630,3850,Ahead,State,True,12.30952747421887,2019
6389,4,116,,SON,,14.05,,SANTA NELLA WINERY/ODD FELLOWS ROAD,-122.96582157405197,38.497074071241265,3150.0,310,3350,Back,State,True,12.024780668000616,2025
93,4,128,,SON,L,4.971,,"GEYERSVILLE, SOUTH JCT OLD RTE 101",-122.91751355663583,38.71453999535306,3150.0,400,3750,Ahead,State,True,12.024780668000616,2025
6523,4,128,,SON,L,4.97,,CANYON ROAD/OLD REDWOOD HIGHWAY,-122.91752568748541,38.714529719017506,3150.0,410,3750,Ahead,State,True,12.024780668000616,2025
91,4,128,,SON,L,4.859,,"CLOVERDALE, NORTH JCT. RTE. 101",-123.01434699095343,38.828180169581636,3050.0,310,3150,Back,State,True,11.570724949976913,2028
6889,4,1,,SON,,21.3,,JENNER,-123.11679327703264,38.450132485826884,3050.0,410,3150,Back,State,True,11.570724949976913,2028
6525,4,128,,SON,,0,,MENDOCINO/SONOMA COUNTY LINE,-123.07733890683473,38.852218473761866,3050.0,310,3150,Ahead,State,True,11.570724949976913,2028
6887,4,1,,SON,,20.1,,JCT. RTE. 116 EAST,-123.10447472715221,38.43706622730103,3050.0,410,3150,Ahead,State,True,11.570724949976913,2028
6889,4,1,,SON,,21.3,,JENNER,-123.11679327703264,38.450132485826884,3050.0,410,3250,Ahead,State,True,11.570724949976913,2028
6781,4,1,,MRN,,17.066,,FAIRFAX/BOLINAS ROADS,-122.69741348588092,37.93464976873169,3000.0,620,3700,Back,State,True,11.370632599661382,2033
6785,4,1,,MRN,,26.509,,"SIR FRANCIS DRAKE BOULEVARD, SOUTH",-122.7877731221703,38.040502191558076,3000.0,620,3600,Back,State,True,11.370632599661382,2033
6783,4,1,,MRN,,17.2,,BOLINAS ROAD,-122.70015173681817,37.93571184034926,3000.0,620,3600,Ahead,State,True,11.370632599661382,2033
6849,4,1,,SM,,13.579,,PEBBLE BEACH ROAD (TO PESCADERO),-122.41318393475264,37.259835467633835,2950.0,570,4250,Back,State,True,11.193627828228413,2036
6385,4,116,,SON,,0,,"JCT. RTE. 1, JENNER, SOUTH",-123.10378991086841,38.43682773777315,2950.0,520,3650,Ahead,State,True,11.193627828228413,2036
8015,4,84,,SOL,,0.91,,AIRPORT ROAD,-121.68023466667235,38.168836410990096,2850.0,510,3250,Back,State,True,10.897337232568878,2038
8013,4,84,,SOL,,0.134,,WEST JCT. RTE. 12,-121.68745834146881,38.16064013112087,2850.0,510,3250,Ahead,State,True,10.897337232568878,2038
6539,4,128,,SON,,5.74,,RIVER ROAD,-122.89264513619773,38.71550867475895,2800.0,310,3350,Ahead,State,True,10.731876250577189,2040
7240,4,35,,SM,L,21.72,,JCT. RTE. 92,-122.34979126784665,37.511810960256085,2750.0,460,2950,Back,State,True,10.562567338771741,2041
6783,4,1,,MRN,,17.2,,BOLINAS ROAD,-122.70015173681817,37.93571184034926,2700.0,520,3200,Back,State,True,10.331691549946129,2042
6389,4,116,,SON,,14.05,,SANTA NELLA WINERY/ODD FELLOWS ROAD,-122.96582157405197,38.497074071241265,2700.0,310,3050,Ahead,State,True,10.331691549946129,2042
6781,4,1,,MRN,,17.066,,FAIRFAX/BOLINAS ROADS,-122.69741348588092,37.93464976873169,2700.0,520,3200,Ahead,State,True,10.331691549946129,2042
6501,4,128,,NAP,,11.28,,CHILES/POPE VALLEY ROADS,-122.34877601437044,38.49005191065113,2600.0,310,3050,Back,State,True,9.96229028782515,2045
6541,4,128,,SON,,9.47,,GEYSERS ROAD,-122.83953170244173,38.68724935478538,2600.0,310,3150,Back,State,True,9.96229028782515,2045
6501,4,128,,NAP,,11.28,,CHILES/POPE VALLEY ROADS,-122.34877601437044,38.49005191065113,2600.0,410,3250,Ahead,State,True,9.96229028782515,2045
6517,4,128,,NAP,,7.37,,SILVERADO TRAIL,-122.40611246959959,38.48741174948862,2600.0,410,3250,Ahead,State,True,9.96229028782515,2045
6541,4,128,,SON,,9.47,,GEYSERS ROAD,-122.83953170244173,38.68724935478538,2600.0,310,3050,Ahead,State,True,9.96229028782515,2045
6651,4,130,,SCL,,3.66,,MOUNT HAMILTON ROAD,-121.8148793573118,37.38352426676508,2600.0,430,2950,Ahead,State,True,9.96229028782515,2045
6509,4,128,,NAP,,23.896,,JCT. RTE. 121 SOUTH,-122.19646061408275,38.44557317561943,2500.0,310,3150,Back,State,True,9.500538710173927,2051
7250,4,35,,SM,,10.518,,"WOODSIDE, JCT. RTE. 84",-122.26338562736576,37.38578676232701,2500.0,800,2850,Back,State,True,9.500538710173927,2051
8011,4,84,,SM,,8.849,,LA HONDA,-122.2743179896262,37.31923769278173,2500.0,840,2950,Back,State,True,9.500538710173927,2051
8011,4,84,,SM,,8.849,,LA HONDA,-122.2743179896262,37.31923769278173,2500.0,840,2950,Ahead,State,True,9.500538710173927,2051
6887,4,1,,SON,,20.1,,JCT. RTE. 116 EAST,-123.10447472715221,38.43706622730103,2400.0,310,2500,Back,State,True,9.169616746190549,2055
8009,4,84,,SM,,8.328,,PESCADERO ROAD,-122.27621388493166,37.31207869421527,2400.0,850,2850,Back,State,True,9.169616746190549,2055
8009,4,84,,SM,,8.328,,PESCADERO ROAD,-122.27621388493166,37.31207869421527,2400.0,850,2850,Ahead,State,True,9.169616746190549,2055
6793,4,1,,MRN,,38.409,,MARSHALL/PETALUMA ROADS,-122.89261032468384,38.16319827605955,2350.0,410,2700,Back,State,True,9.004155764198861,2058
6789,4,1,,MRN,,29.33,,POINT REYES/PETALUMA ROADS,-122.80142944137519,38.073351146307466,2350.0,410,2700,Ahead,State,True,9.004155764198861,2058
6445,4,121,,NAP,,22.083,,JCT. RTE. 128,-122.19646925946903,38.445577015648524,2250.0,520,3850,Back,State,True,8.61166692319532,2060
6527,4,128,,SON,,11.49,,ALEXANDER VALLEY ROAD,-122.81973966347083,38.6665208569986,2250.0,310,2950,Back,State,True,8.61166692319532,2060
6505,4,128,,NAP,,19.09,,KNOXVILLE ROAD (BERRYESSA ROAD TO SPANISH FLAT),-122.25122911918956,38.49657595825475,2250.0,520,2750,Ahead,State,True,8.61166692319532,2060
6527,4,128,,SON,,11.49,,ALEXANDER VALLEY ROAD,-122.81973966347083,38.6665208569986,2250.0,310,2700,Ahead,State,True,8.61166692319532,2060
6507,4,128,,NAP,,2.66,,TUBBS LANE,-122.60708846437436,38.588761755387225,2050.0,310,2400,Back,State,True,7.980606433738649,2064
6529,4,128,,SON,,11.96,,PINE FLAT ROAD,-122.81335169138319,38.67155821982062,2050.0,210,2500,Ahead,State,True,7.980606433738649,2064
6533,4,128,,SON,,21.9,,"KELLOGG, FRANZ VALLEY ROAD",-122.67376966141455,38.63224721002562,1950.0,210,2300,Back,State,True,7.545790364783746,2066
6877,4,1,,SON,R,33.038,,"FORT ROSS, FORT ROSS ROAD",-123.2464360547453,38.51849283758737,1950.0,310,2050,Back,State,True,7.545790364783746,2066
7985,4,84,,SM,,0.788,,SAN GREGORIO HIGHWAY (STAGE ROAD),-122.38651574143947,37.32686491333517,1950.0,850,2300,Back,State,True,7.545790364783746,2066
6531,4,128,,SON,,15.42,,CHALK HILL ROAD,-122.76947396642062,38.63903982558434,1950.0,210,2300,Ahead,State,True,7.545790364783746,2066
6877,4,1,,SON,R,33.038,,"FORT ROSS, FORT ROSS ROAD",-123.2464360547453,38.51849283758737,1950.0,310,2050,Ahead,State,True,7.545790364783746,2066
7985,4,84,,SM,,0.788,,SAN GREGORIO HIGHWAY (STAGE ROAD),-122.38651574143947,37.32686491333517,1950.0,850,2300,Ahead,State,True,7.545790364783746,2066
7987,4,84,,SM,,0,,"SAN GREGORIO, JCT. RTE. 1",-122.39987749228291,37.32455436027993,1950.0,850,2300,Ahead,State,True,7.545790364783746,2066
6535,4,128,,SON,,24.761,,SONOMA/NAPA COUNTY LINE,-122.64473695584819,38.602511032720614,1850.0,310,2150,Back,State,True,7.099430506387564,2073
6499,4,128,,NAP,,0,,SONOMA/NAPA COUNTY LINE,-122.64473695584819,38.602511032720614,1850.0,310,2150,Ahead,State,True,7.099430506387564,2073
6891,4,1,,SON,,48.112,,STEWARTS POINT/SKAGGS SPRINGS ROAD,-123.39945745628614,38.65191821378598,1750.0,310,1750,Back,State,True,6.737725103894104,2075
6533,4,128,,SON,,21.9,,"KELLOGG, FRANZ VALLEY ROAD",-122.67376966141455,38.63224721002562,1750.0,210,1950,Ahead,State,True,6.737725103894104,2075
6891,4,1,,SON,,48.112,,STEWARTS POINT/SKAGGS SPRINGS ROAD,-123.39945745628614,38.65191821378598,1750.0,310,1750,Ahead,State,True,6.737725103894104,2075
7252,4,35,,SM,,16.22,,KINGS MOUNTAIN ROAD,-122.31374292113394,37.4250153407862,1700.0,340,1850,Back,State,True,6.506849315068493,2078
6513,4,128,,NAP,,34.266,,NAPA/SOLANO COUNTY LINE,-122.10348855567457,38.51216281257296,1650.0,210,2300,Back,State,True,6.275973526242881,2079
6531,4,128,,SON,,15.42,,CHALK HILL ROAD,-122.76947396642062,38.63903982558434,1650.0,210,2050,Back,State,True,6.275973526242881,2079
6509,4,128,,NAP,,23.896,,JCT. RTE. 121 SOUTH,-122.19646061408275,38.44557317561943,1650.0,310,2400,Ahead,State,True,6.275973526242881,2079
6519,4,128,,SOL,,0.754,,SOLANO/YOLO COUNTY LINE,-122.09565574047043,38.512910659391245,1600.0,200,2250,Back,State,True,6.079729105741111,2082
6521,4,128,,SOL,,0,,NAPA/SOLANO COUNTY LINE,-122.10348855567457,38.51216281257296,1600.0,200,2250,Ahead,State,True,6.079729105741111,2082
7250,4,35,,SM,,10.518,,"WOODSIDE, JCT. RTE. 84",-122.26338562736576,37.38578676232701,1500.0,340,1700,Ahead,State,True,5.610281668462367,2084
7252,4,35,,SM,,16.22,,KINGS MOUNTAIN ROAD,-122.31374292113394,37.4250153407862,1500.0,340,1700,Ahead,State,True,5.610281668462367,2084
6503,4,128,,NAP,,15.79,,LOWER CHILES VALLEY ROAD,-122.29611816570237,38.50385069313017,1450.0,210,1650,Back,State,True,5.364014160381714,2086
6517,4,128,,NAP,,7.37,,SILVERADO TRAIL,-122.40611246959959,38.48741174948862,1450.0,210,1650,Back,State,True,5.364014160381714,2086
6795,4,1,,MRN,,45.36,,TOMALES/PETALUMA ROADS,-122.90516290635703,38.24194493088871,1450.0,210,1550,Back,State,True,5.364014160381714,2086
6797,4,1,,MRN,,45.66,,DILLON BEACH ROAD,-122.90483338454787,38.246343623369775,1450.0,210,1550,Back,State,True,5.364014160381714,2086
6799,4,1,,MRN,,47.86,,TWO ROCK ROAD,-122.89999373970078,38.27685243093235,1450.0,210,1550,Back,State,True,5.364014160381714,2086
6515,4,128,,NAP,,4.55,,"CALISTOGA, JCT. RTE. 29",-122.58052733586999,38.57526199739288,1450.0,210,1650,Ahead,State,True,5.364014160381714,2086
6793,4,1,,MRN,,38.409,,MARSHALL/PETALUMA ROADS,-122.89261032468384,38.16319827605955,1450.0,210,1550,Ahead,State,True,5.364014160381714,2086
6795,4,1,,MRN,,45.36,,TOMALES/PETALUMA ROADS,-122.90516290635703,38.24194493088871,1450.0,210,1550,Ahead,State,True,5.364014160381714,2086
6797,4,1,,MRN,,45.66,,DILLON BEACH ROAD,-122.90483338454787,38.246343623369775,1450.0,210,1550,Ahead,State,True,5.364014160381714,2086
7222,4,35,,SCL,,14.1,,JCT. RTE. 9,-122.12198052851178,37.25852641884451,1400.0,430,1800,Back,State,True,5.121594582114822,2095
7224,4,35,,SCL,,17.121,,SAN MATEO/SANTA CLARA COUNTY LINE,-122.15250286090647,37.2871480555923,1400.0,430,1800,Back,State,True,5.121594582114822,2095
7222,4,35,,SCL,,14.1,,JCT. RTE. 9,-122.12198052851178,37.25852641884451,1400.0,430,1800,Ahead,State,True,5.121594582114822,2095
7248,4,35,,SM,,0,,SAN MATEO/SANTA CLARA COUNTY LINE,-122.15250286090647,37.2871480555923,1400.0,460,1850,Ahead,State,True,5.121594582114822,2095
7264,4,35,,SM,,3.213,,ALPINE ROAD,-122.18728642371659,37.31501767267472,1300.0,460,1700,Back,State,True,4.732953670925042,2099
7264,4,35,,SM,,3.213,,ALPINE ROAD,-122.18728642371659,37.31501767267472,1300.0,460,1700,Ahead,State,True,4.732953670925042,2099
6505,4,128,,NAP,,19.09,,KNOXVILLE ROAD (BERRYESSA ROAD TO SPANISH FLAT),-122.25122911918956,38.49657595825475,1250.0,210,1450,Back,State,True,4.559796829305833,2101
6503,4,128,,NAP,,15.79,,LOWER CHILES VALLEY ROAD,-122.29611816570237,38.50385069313017,1250.0,210,1450,Ahead,State,True,4.559796829305833,2101
6803,4,1,,MRN,,50.509,,SONOMA/MARIN COUNTY LINE,-122.8972364381913,38.313707412957164,1150.0,210,1250,Back,State,True,4.194243496998615,2103
6879,4,1,,SON,,0.19,,VALLEY FORD ROAD,-122.89653694074077,38.31644399190111,1150.0,210,1250,Back,State,True,4.194243496998615,2103
6799,4,1,,MRN,,47.86,,TWO ROCK ROAD,-122.89999373970078,38.27685243093235,1150.0,210,1250,Ahead,State,True,4.194243496998615,2103
6881,4,1,,SON,,0,,SONOMA/MARIN COUNTY LINE,-122.8972364381913,38.313707412957164,1150.0,210,1250,Ahead,State,True,4.194243496998615,2103
8015,4,84,,SOL,,0.91,,AIRPORT ROAD,-121.68023466667235,38.168836410990096,1100.0,410,1300,Ahead,State,True,3.982607357241804,2107
6653,4,130,,SCL,,6.06,,CLAYTON ROAD,-121.78386869983032,37.37792119048929,1050.0,210,1150,Back,State,True,3.782515006926274,2108
7220,4,35,,SCL,R,0.053,,JCT. RTE. 17,-121.98491574146263,37.14553422396253,1050.0,320,1150,Ahead,State,True,3.782515006926274,2108
7228,4,35,,SCL,,7.7,,BLACK ROAD,-122.04830854850576,37.20548942190416,1050.0,320,1300,Ahead,State,True,3.782515006926274,2108
6653,4,130,,SCL,,6.06,,CLAYTON ROAD,-121.78386869983032,37.37792119048929,860.0,210,970,Ahead,State,True,3.1553024472833617,2111
8023,4,84,,SOL,,2.485,,CACHE SLOUGH FERRY,-121.66206333849267,38.18687056986549,610.0,200,710,Back,State,True,1.993227643527782,2112
6639,4,130,,SCL,,11.23,,QUIMBY ROAD,-121.72203121341222,37.34225235284218,450.0,120,450,Back,State,True,1.427581960905033,2113
6641,4,130,,SCL,,17.24,,KINCAID ROAD,-121.66774158311537,37.333450297692686,450.0,120,450,Back,State,True,1.427581960905033,2113
6639,4,130,,SCL,,11.23,,QUIMBY ROAD,-121.72203121341222,37.34225235284218,450.0,120,450,Ahead,State,True,1.427581960905033,2113
7228,4,35,,SCL,,7.7,,BLACK ROAD,-122.04830854850576,37.20548942190416,430.0,210,430,Back,State,True,1.292904417423426,2116
7226,4,35,,SCL,,7.68,,SANTA CRUZ/ SANTA CLARA COUNTY LINE,-122.04805928757398,37.2052994015538,430.0,210,540,Ahead,State,True,1.292904417423426,2116
8021,4,84,,SOL,,13.672,,SOLANO/YOLO COUNTY LINE,-121.6307017739084,38.313714571346246,410.0,200,410,Back,State,True,1.2159458211482221,2118
8019,4,84,,SOL,,12.092,,MINER SLOUGH,-121.63100482955267,38.291511832146234,410.0,200,410,Ahead,State,True,1.2159458211482221,2118
8025,4,84,,SOL,,7.246,,JCT. RTE. 220 EAST,-121.65911438051899,38.243084189059815,410.0,200,410,Ahead,State,True,1.2159458211482221,2118
8017,4,84,,SOL,,12.08,,MINER SLOUGH BRIDGE/ RYER ROAD,-121.63106456931567,38.291374700845466,400.0,200,400,Back,State,True,1.1659227335693396,2121
6647,4,130,,SCL,,22.503,,MOUNT HAMILTON,-121.64158710397383,37.342025631820995,340.0,120,460,Back,State,True,0.9735262428813298,2122
6641,4,130,,SCL,,17.24,,KINCAID ROAD,-121.66774158311537,37.333450297692686,340.0,120,460,Ahead,State,True,0.9735262428813298,2122
6905,4,220,,SOL,,3.2,,SOLANO/SACRAMENTO COUNTY LINE,-121.6032559395965,38.2365446512543,300.0,100,410,Back,State,True,0.8350007695859628,2124
8019,4,84,,SOL,,12.092,,MINER SLOUGH,-121.63100482955267,38.291511832146234,300.0,200,410,Back,State,True,0.8350007695859628,2124
8025,4,84,,SOL,,7.246,,JCT. RTE. 220 EAST,-121.65911438051899,38.243084189059815,300.0,200,410,Back,State,True,0.8350007695859628,2124
6903,4,220,,SOL,,3.05,,RYER RD,-121.60430336084472,38.2360478833062,300.0,100,410,Ahead,State,True,0.8350007695859628,2124
8017,4,84,,SOL,,12.08,,MINER SLOUGH BRIDGE/ RYER ROAD,-121.63106456931567,38.291374700845466,300.0,200,400,Ahead,State,True,0.8350007695859628,2124
8023,4,84,,SOL,,2.485,,CACHE SLOUGH FERRY,-121.66206333849267,38.18687056986549,300.0,200,410,Ahead,State,True,0.8350007695859628,2124
6903,4,220,,SOL,,3.05,,RYER RD,-121.60430336084472,38.2360478833062,200.0,100,300,Back,State,True,0.49638294597506544,2130
6901,4,220,,SOL,,0,,JCT. RTE. 84,-121.6591247542639,38.243074466159534,200.0,100,300,Ahead,State,True,0.49638294597506544,2130
8416,5,101,,SB,,17.784,,LA CUMBRE ROAD,-119.75160169350595,34.43688049321454,129000.0,10900,136000,Back,US,True,79.45590272433431,1
8414,5,101,,SB,,16.552,,"SANTA BARBARA, JCT. RTE. 225 SOUTHEAST",-119.73371856014079,34.42807886368569,129000.0,10900,136000,Ahead,US,True,79.45590272433431,1
8414,5,101,,SB,,16.552,,"SANTA BARBARA, JCT. RTE. 225 SOUTHEAST",-119.73371856014079,34.42807886368569,125000.0,10500,132000,Back,US,True,78.79021086655379,3
8386,5,101,,SB,R,15.733,,"SANTA BARBARA, MISSION STREET",-119.7201083155268,34.4253361246645,125000.0,10500,132000,Ahead,US,True,78.79021086655379,3
8418,5,101,,SB,,18.364,,JCT. RTE. 154,-119.75999259067358,34.4413188076027,124000.0,10400,130000,Back,US,True,78.62090195474835,5
8416,5,101,,SB,,17.784,,LA CUMBRE ROAD,-119.75160169350595,34.43688049321454,124000.0,10400,130000,Ahead,US,True,78.62090195474835,5
8386,5,101,,SB,R,15.733,,"SANTA BARBARA, MISSION STREET",-119.7201083155268,34.4253361246645,119000.0,10000,126000,Back,US,True,77.53963367708174,7
8384,5,101,,SB,R,14.758,,"SANTA BARBARA, CARRILLO STREET",-119.70711246646486,34.41631613439306,119000.0,10000,126000,Ahead,US,True,77.53963367708174,7
8424,5,101,,SB,,20.062,,TURNPIKE ROAD,-119.7893932246208,34.4424062044741,116000.0,9700,121000,Back,US,True,76.87009388948745,9
8420,5,101,,SB,,18.924,,EL SUENO ROAD,-119.76931453683596,34.44099763029468,116000.0,9700,121000,Ahead,US,True,76.87009388948745,9
8420,5,101,,SB,,18.924,,EL SUENO ROAD,-119.76931453683596,34.44099763029468,115000.0,9500,120000,Back,US,True,76.72772048637833,11
8418,5,101,,SB,,18.364,,JCT. RTE. 154,-119.75999259067358,34.4413188076027,115000.0,9500,120000,Ahead,US,True,76.72772048637833,11
8426,5,101,,SB,,21.414,,JCT. RTE. 217 SOUTH,-119.81288723974217,34.44157234912517,112000.0,9400,116000,Back,US,True,76.13898722487302,13
8424,5,101,,SB,,20.062,,TURNPIKE ROAD,-119.7893932246208,34.4424062044741,112000.0,9400,116000,Ahead,US,True,76.13898722487302,13
8384,5,101,,SB,R,14.758,,"SANTA BARBARA, CARRILLO STREET",-119.70711246646486,34.41631613439306,110000.0,9100,116000,Back,US,True,75.73110666461443,15
8382,5,101,,SB,R,14.187,,"SANTA BARBARA, CASTILLO STREET",-119.69897862131748,34.41227611320869,110000.0,9100,116000,Ahead,US,True,75.73110666461443,15
8382,5,101,,SB,R,14.187,,"SANTA BARBARA, CASTILLO STREET",-119.69897862131748,34.41227611320869,101000.0,8200,108000,Back,US,True,74.17269509004156,17
8412,5,101,,SB,,13.485,,"SANTA BARBARA, GARDEN STREET",-119.68958153197988,34.418500552786206,101000.0,8200,108000,Ahead,US,True,74.17269509004156,17
8412,5,101,,SB,,13.485,,"SANTA BARBARA, GARDEN STREET",-119.68958153197988,34.418500552786206,97000.0,8000,104000,Back,US,True,73.24919193473912,19
8410,5,101,,SB,,12.754,,"SANTA BARBARA, JCT. RTE. 144",-119.67733772013446,34.42043744273902,97000.0,8000,104000,Ahead,US,True,73.24919193473912,19
8410,5,101,,SB,,12.754,,"SANTA BARBARA, JCT. RTE. 144",-119.67733772013446,34.42043744273902,91000.0,7800,97000,Back,US,True,72.16407572725873,21
8408,5,101,,SB,,11.407,,"SANTA BARBARA, JCT. RTE. 225 WEST",-119.65433100602044,34.42276929246142,91000.0,7800,97000,Ahead,US,True,72.16407572725873,21
8885,5,1,,SCR,,15.822,,"SANTA CRUZ, MORRISSEY BOULEVARD",-122.00332636466432,36.98837877054088,90000.0,6500,93000,Back,State,True,72.04863783284593,23
8883,5,1,,SCR,,14.864,,SOQUEL AVENUE,-121.9862327219748,36.98715391575355,90000.0,6500,93000,Ahead,State,True,72.04863783284593,23
8775,5,1,,MON,R,78.119,,"MONTEREY, JCT. RTE. 68 EAST",-121.86839055160087,36.59506014908006,89000.0,8800,96000,Back,State,True,71.87163306141296,25
8881,5,1,,SCR,,13.62,,"CAPITOLA, 41ST AVENUE",-121.9644047358541,36.982857061509705,89000.0,7000,92000,Back,State,True,71.87163306141296,25
8773,5,1,,MON,R,77.379,,"MONTEREY, AGUAJITO ROAD",-121.88042901755549,36.59129843938714,89000.0,8800,96000,Ahead,State,True,71.87163306141296,25
8879,5,1,,SCR,,13.192,,"CAPITOLA, BAY AVENUE",-121.95684172335734,36.98329699060454,89000.0,7000,92000,Ahead,State,True,71.87163306141296,25
8428,5,101,,SB,,22.533,,FAIRVIEW AVENUE,-119.83239420284919,34.43960296870685,86000.0,7100,89000,Back,US,True,71.24442050177005,29
8426,5,101,,SB,,21.414,,JCT. RTE. 217 SOUTH,-119.81288723974217,34.44157234912517,86000.0,7100,89000,Ahead,US,True,71.24442050177005,29
8887,5,1,,SCR,,16.628,,"SANTA CRUZ, EMELINE STREET CONNECTION",-122.01778079747329,36.98910943191362,85000.0,6300,88000,Back,State,True,71.08665537940588,31
8885,5,1,,SCR,,15.822,,"SANTA CRUZ, MORRISSEY BOULEVARD",-122.00332636466432,36.98837877054088,85000.0,6300,88000,Ahead,State,True,71.08665537940588,31
8363,5,101,,MON,,96.14,,SAN MIGUEL CANYON ROAD,-121.66414508894219,36.79934190286606,84000.0,8100,89000,Back,US,True,70.90580267815915,33
8406,5,101,,SB,,10.536,,OLIVE MILL ROAD,-119.63996308097333,34.420954761540216,84000.0,7200,90000,Back,US,True,70.90580267815915,33
8361,5,101,,MON,,95.437,,"PRUNEDALE JUNCTION, JCT. RTE. 156 WEST",-121.66749000003858,36.78962157839583,84000.0,8100,89000,Ahead,US,True,70.90580267815915,33
8404,5,101,,SB,,10.023,,SAN YSIDRO ROAD,-119.6315379535018,34.4224941904452,84000.0,7200,90000,Ahead,US,True,70.90580267815915,33
8492,5,101,,SLO,,16.398,,"PISMO BEACH, SOUTH PISMO BEACH  (VILLA CREEK)",-120.63552042596523,35.139480427649886,83000.0,7700,90000,Back,US,True,70.62490380175466,37
8783,5,1,,MON,R,82.89,,"FORT ORD, MAIN ENTRANCE",-121.81525692102232,36.64755966108635,83000.0,8100,87000,Back,State,True,70.62490380175466,37
8889,5,1,,SCR,,16.821,,"SANTA CRUZ, JCT. RTE. 17 NORTH",-122.02141012057851,36.98965870501462,83000.0,6200,85000,Back,State,True,70.62490380175466,37
8490,5,101,,SLO,,15.579,,"PISMO BEACH, PISMO OAKS",-120.62188568878501,35.136245270350024,83000.0,7700,90000,Ahead,US,True,70.62490380175466,37
8781,5,1,,MON,R,80.679,,ORD VILLAGE,-121.84203088377369,36.62400218175524,83000.0,8100,87000,Ahead,State,True,70.62490380175466,37
8887,5,1,,SCR,,16.628,,"SANTA CRUZ, EMELINE STREET CONNECTION",-122.01778079747329,36.98910943191362,83000.0,6200,85000,Ahead,State,True,70.62490380175466,37
8879,5,1,,SCR,,13.192,,"CAPITOLA, BAY AVENUE",-121.95684172335734,36.98329699060454,81000.0,6500,85000,Back,State,True,70.13236878559334,43
8877,5,1,,SCR,,12.088,,"CAPITOLA, PARK AVENUE",-121.9368053552056,36.98406908991043,81000.0,6500,85000,Ahead,State,True,70.13236878559334,43
8785,5,1,,MON,R,84.484,,"FORT ORD, NORTH ENTRANCE (12TH STREET)",-121.81287896009103,36.669429450937685,79000.0,7900,83000,Back,State,True,69.72448822533477,45
8875,5,1,,SCR,,10.535,,STATE PARK DRIVE,-121.91033714933255,36.97806501299545,79000.0,6700,83000,Back,State,True,69.72448822533477,45
8883,5,1,,SCR,,14.864,,SOQUEL AVENUE,-121.9862327219748,36.98715391575355,79000.0,6200,82000,Back,State,True,69.72448822533477,45
8783,5,1,,MON,R,82.89,,"FORT ORD, MAIN ENTRANCE",-121.81525692102232,36.64755966108635,79000.0,7900,83000,Ahead,State,True,69.72448822533477,45
8881,5,1,,SCR,,13.62,,"CAPITOLA, 41ST AVENUE",-121.9644047358541,36.982857061509705,79000.0,6200,82000,Ahead,State,True,69.72448822533477,45
8911,5,1,,SCR,,9.153,,RIO DEL MAR N/O FREEDOM BOULEVARD,-121.88623337935589,36.97510383347382,79000.0,6700,83000,Ahead,State,True,69.72448822533477,45
8404,5,101,,SB,,10.023,,SAN YSIDRO ROAD,-119.6315379535018,34.4224941904452,78000.0,6700,84000,Back,US,True,69.51285208557796,51
8408,5,101,,SB,,11.407,,"SANTA BARBARA, JCT. RTE. 225 WEST",-119.65433100602044,34.42276929246142,78000.0,6800,84000,Back,US,True,69.51285208557796,51
8430,5,101,,SB,,23.711,,LOS CARNEROS ROAD,-119.85283315638542,34.437779893408724,78000.0,6500,81000,Back,US,True,69.51285208557796,51
8877,5,1,,SCR,,12.088,,"CAPITOLA, PARK AVENUE",-121.9368053552056,36.98406908991043,78000.0,6300,82000,Back,State,True,69.51285208557796,51
8406,5,101,,SB,,10.536,,OLIVE MILL ROAD,-119.63996308097333,34.420954761540216,78000.0,6800,84000,Ahead,US,True,69.51285208557796,51
8428,5,101,,SB,,22.533,,FAIRVIEW AVENUE,-119.83239420284919,34.43960296870685,78000.0,6500,81000,Ahead,US,True,69.51285208557796,51
8460,5,101,,SB,,9.003,,"MONTECITO, SHEFFIELD DRIVE",-119.61403928560348,34.42186779667538,78000.0,6700,84000,Ahead,US,True,69.51285208557796,51
8875,5,1,,SCR,,10.535,,STATE PARK DRIVE,-121.91033714933255,36.97806501299545,78000.0,6300,82000,Ahead,State,True,69.51285208557796,51
8456,5,101,,SB,,88.601,,"SANTA MARIA, JCT. RTE. 166 WEST",-120.41721214655412,34.95280438650566,76000.0,6900,79000,Back,US,True,68.9587501923965,59
8911,5,1,,SCR,,9.153,,RIO DEL MAR N/O FREEDOM BOULEVARD,-121.88623337935589,36.97510383347382,76000.0,6400,80000,Back,State,True,68.9587501923965,59
8454,5,101,,SB,,87.603,,EAST STOWELL ROAD,-120.41774866445924,34.93833372905568,76000.0,6900,79000,Ahead,US,True,68.9587501923965,59
8909,5,1,,SCR,,8.355,,FREEDOM BOULEVARD,-121.87306043192726,36.97042004278377,76000.0,6400,80000,Ahead,State,True,68.9587501923965,59
8400,5,101,,SB,R,8.264,,EVANS AVENUE,-119.60143227860048,34.42132522278999,75000.0,6400,81000,Back,US,True,68.6970909650608,63
8458,5,101,,SB,,89.693,,"SANTA MARIA, DONOVAN ROAD",-120.42289218331582,34.96769060854061,75000.0,6800,78000,Back,US,True,68.6970909650608,63
8460,5,101,,SB,,9.003,,"MONTECITO, SHEFFIELD DRIVE",-119.61403928560348,34.42186779667538,75000.0,6400,81000,Back,US,True,68.6970909650608,63
8398,5,101,,SB,R,7.138,,PADARO LANE,-119.58269301304033,34.416703643624956,75000.0,6400,81000,Ahead,US,True,68.6970909650608,63
8400,5,101,,SB,R,8.264,,EVANS AVENUE,-119.60143227860048,34.42132522278999,75000.0,6400,81000,Ahead,US,True,68.6970909650608,63
8456,5,101,,SB,,88.601,,"SANTA MARIA, JCT. RTE. 166 WEST",-120.41721214655412,34.95280438650566,75000.0,6800,78000,Ahead,US,True,68.6970909650608,63
8311,5,101,,MON,R,88.244,,"SALINAS, JCT. RTE. 183",-121.65251569061515,36.687049189059955,74000.0,6700,81000,Back,US,True,68.3969524395875,69
8398,5,101,,SB,R,7.138,,PADARO LANE,-119.58269301304033,34.416703643624956,74000.0,6400,80000,Back,US,True,68.3969524395875,69
8464,5,101,,SB,,90.988,,SANTA BARBARA/SAN LUIS OBISPO COUNTY LINE,-120.43267702325929,34.98454066357689,74000.0,6900,79000,Back,US,True,68.3969524395875,69
8478,5,101,,SLO,,0.813,,JCT. RTE. 166 EAST,-120.43462747864181,34.99627748609573,74000.0,6900,79000,Back,US,True,68.3969524395875,69
8711,5,17,,SCR,,0.737,,PASATIEMPO,-122.02145713840052,36.99946556668216,74000.0,6400,83000,Back,State,True,68.3969524395875,69
8357,5,101,,MON,,87.297,,"SALINAS, EAST MARKET STREET",-121.64119330770609,36.67750021438368,74000.0,6700,81000,Ahead,US,True,68.3969524395875,69
8390,5,101,,SB,R,5.283,,SOUTH PADARO LANE,-119.55280924896364,34.41077313774697,74000.0,6400,80000,Ahead,US,True,68.3969524395875,69
8462,5,101,,SB,,90.749,,JCT. RTE. 135 SOUTH,-120.43137827136084,34.981341947900496,74000.0,6900,79000,Ahead,US,True,68.3969524395875,69
8480,5,101,,SLO,,0,,SANTA BARBARA/SAN LUIS OBISPO COUNTY LINE,-120.43267702325929,34.98454066357689,74000.0,6900,79000,Ahead,US,True,68.3969524395875,69
8713,5,17,,SCR,,0,,"SANTA CRUZ, JCT. RTE. 1",-122.02182682568264,36.98976852773132,74000.0,6400,83000,Ahead,State,True,68.3969524395875,69
8390,5,101,,SB,R,5.283,,SOUTH PADARO LANE,-119.55280924896364,34.41077313774697,73000.0,6300,79000,Back,US,True,68.11605356318302,79
8438,5,101,,SB,,3.773,,"CARPINTERIA, SANTA MONICA ROAD",-119.52879346178256,34.403801675263985,73000.0,6300,79000,Ahead,US,True,68.11605356318302,79
8717,5,17,,SCR,,2.18,,SIMS ROAD,-122.02765953112687,37.018999696433376,72000.0,6200,80000,Back,State,True,67.91211328305373,81
8711,5,17,,SCR,,0.737,,PASATIEMPO,-122.02145713840052,36.99946556668216,72000.0,6200,80000,Ahead,State,True,67.91211328305373,81
8472,5,101,,SLO,R,24.296,,SANTA FE,-120.69140807021928,35.22396216959002,71000.0,6500,78000,Back,US,True,67.58119131907034,83
8490,5,101,,SLO,,15.579,,"PISMO BEACH, PISMO OAKS",-120.62188568878501,35.136245270350024,71000.0,6600,77000,Back,US,True,67.58119131907034,83
8540,5,101,,SLO,,55.674,,SOUTH PASO ROBLES,-120.69089812358196,35.61143609809884,71000.0,7800,80000,Back,US,True,67.58119131907034,83
8470,5,101,,SLO,R,22.289,,NORTH AVILA ROAD,-120.69924618817852,35.1960598424919,71000.0,6500,78000,Ahead,US,True,67.58119131907034,83
8488,5,101,,SLO,,14.613,,"PISMO BEACH, OAK PARK ROAD",-120.6066155120362,35.13021947232278,71000.0,6600,77000,Ahead,US,True,67.58119131907034,83
8538,5,101,,SLO,,54.116,,JCT. RTE. 46 WEST,-120.69544971914165,35.58935939082997,71000.0,7800,80000,Ahead,US,True,67.58119131907034,83
8313,5,101,,MON,R,89.265,,WEST LAUREL DRIVE,-121.66438098473917,36.697825806489384,70000.0,6300,77000,Back,US,True,67.16561489918423,89
8438,5,101,,SB,,3.773,,"CARPINTERIA, SANTA MONICA ROAD",-119.52879346178256,34.403801675263985,70000.0,6000,76000,Back,US,True,67.16561489918423,89
8462,5,101,,SB,,90.749,,JCT. RTE. 135 SOUTH,-120.43137827136084,34.981341947900496,70000.0,6400,74000,Back,US,True,67.16561489918423,89
8494,5,101,,SLO,,17.756,,"PISMO BEACH, JCT. RTE. 1 SOUTH",-120.65458637016665,35.15106594591293,70000.0,6300,78000,Back,US,True,67.16561489918423,89
8500,5,101,,SLO,,28.088,,"SAN LUIS OBISPO, JCT. RTE. 227, MARCH STREET",-120.67125577987002,35.274400704682655,70000.0,6700,77000,Back,US,True,67.16561489918423,89
8719,5,17,,SCR,,3.442,,SCOTT VALLEY ROAD,-122.0210626495317,37.03567819792043,70000.0,6400,78000,Back,State,True,67.16561489918423,89
8779,5,1,,MON,R,79.357,,"SEASIDE, JCT. RTE. 218",-121.85784445592944,36.61008985540188,70000.0,6400,75000,Back,State,True,67.16561489918423,89
8311,5,101,,MON,R,88.244,,"SALINAS, JCT. RTE. 183",-121.65251569061515,36.687049189059955,70000.0,6300,77000,Ahead,US,True,67.16561489918423,89
8436,5,101,,SB,,3.059,,"CARPINTERIA, LINDEN AVENUE",-119.51647600515184,34.40126276648516,70000.0,6000,76000,Ahead,US,True,67.16561489918423,89
8458,5,101,,SB,,89.693,,"SANTA MARIA, DONOVAN ROAD",-120.42289218331582,34.96769060854061,70000.0,6400,74000,Ahead,US,True,67.16561489918423,89
8492,5,101,,SLO,,16.398,,"PISMO BEACH, SOUTH PISMO BEACH  (VILLA CREEK)",-120.63552042596523,35.139480427649886,70000.0,6300,78000,Ahead,US,True,67.16561489918423,89
8498,5,101,,SLO,,27.501,,"SAN LUIS OBISPO, MADONNA ROAD",-120.67344258020718,35.26612816132109,70000.0,6700,77000,Ahead,US,True,67.16561489918423,89
8717,5,17,,SCR,,2.18,,SIMS ROAD,-122.02765953112687,37.018999696433376,70000.0,6400,78000,Ahead,State,True,67.16561489918423,89
8777,5,1,,MON,R,78.883,,"MONTEREY, DEL MONTE AVENUE",-121.86101249593291,36.60426768159063,70000.0,6400,75000,Ahead,State,True,67.16561489918423,89
8317,5,101,,MON,R,91.012,,BORONDA ROAD,-121.65970653647958,36.72202476740823,69000.0,6300,76000,Back,US,True,66.7538864091119,103
8357,5,101,,MON,,87.297,,"SALINAS, EAST MARKET STREET",-121.64119330770609,36.67750021438368,69000.0,6500,76000,Back,US,True,66.7538864091119,103
8422,5,101,,SB,,2.64,,"CARPINTERIA, CASITAS PASS ROAD",-119.51150606146938,34.39684752389209,69000.0,6100,75000,Back,US,True,66.7538864091119,103
8781,5,1,,MON,R,80.679,,ORD VILLAGE,-121.84203088377369,36.62400218175524,69000.0,6300,74000,Back,State,True,66.7538864091119,103
8313,5,101,,MON,R,89.265,,WEST LAUREL DRIVE,-121.66438098473917,36.697825806489384,69000.0,6300,76000,Ahead,US,True,66.7538864091119,103
8355,5,101,,MON,,86.815,,"SALINAS, JCT. RTE. 68",-121.63896808283096,36.67082161384575,69000.0,6500,76000,Ahead,US,True,66.7538864091119,103
8402,5,101,,SB,,1.622,,EL RINCON,-119.49792555109131,34.388434572013054,69000.0,6100,75000,Ahead,US,True,66.7538864091119,103
8779,5,1,,MON,R,79.357,,"SEASIDE, JCT. RTE. 218",-121.85784445592944,36.61008985540188,69000.0,6300,74000,Ahead,State,True,66.7538864091119,103
8361,5,101,,MON,,95.437,,"PRUNEDALE JUNCTION, JCT. RTE. 156 WEST",-121.66749000003858,36.78962157839583,68000.0,6700,74000,Back,US,True,66.34985377866708,111
8378,5,101,,SB,R,0.634,,JCT. RTE. 150 EAST,-119.48448848279948,34.38384866381834,68000.0,6100,74000,Back,US,True,66.34985377866708,111
8402,5,101,,SB,,1.622,,EL RINCON,-119.49792555109131,34.388434572013054,68000.0,6000,74000,Back,US,True,66.34985377866708,111
8466,5,101,,SLO,R,19.812,,NORTH SHELL BEACH,-120.68690095923247,35.16408711946059,68000.0,6200,75000,Back,US,True,66.34985377866708,111
8468,5,101,,SLO,R,21.105,,AVILA ROAD,-120.6991167427427,35.179588904771386,68000.0,6200,75000,Back,US,True,66.34985377866708,111
8787,5,1,,MON,R,85.135,,SOUTH MARINA,-121.8074570901588,36.677825464496706,68000.0,7000,72000,Back,State,True,66.34985377866708,111
8359,5,101,,MON,,92.19,,SALA ROAD,-121.66013754096635,36.74360368629654,68000.0,6700,74000,Ahead,US,True,66.34985377866708,111
8378,5,101,,SB,R,0.634,,JCT. RTE. 150 EAST,-119.48448848279948,34.38384866381834,68000.0,6000,74000,Ahead,US,True,66.34985377866708,111
8380,5,101,,SB,R,0,,VENTURA/SANTA BARBARA COUNTY LINE,-119.47799771200229,34.37653387911782,68000.0,6100,74000,Ahead,US,True,66.34985377866708,111
8466,5,101,,SLO,R,19.812,,NORTH SHELL BEACH,-120.68690095923247,35.16408711946059,68000.0,6200,75000,Ahead,US,True,66.34985377866708,111
8494,5,101,,SLO,,17.756,,"PISMO BEACH, JCT. RTE. 1 SOUTH",-120.65458637016665,35.15106594591293,68000.0,6200,75000,Ahead,US,True,66.34985377866708,111
8785,5,1,,MON,R,84.484,,"FORT ORD, NORTH ENTRANCE (12TH STREET)",-121.81287896009103,36.669429450937685,68000.0,7000,72000,Ahead,State,True,66.34985377866708,111
8496,5,101,,SLO,,25.911,,"SAN LUIS OBISPO, LOS OSOS ROAD",-120.68212639283614,35.244552036861336,67000.0,6200,74000,Back,US,True,66.06125904263507,123
8472,5,101,,SLO,R,24.296,,SANTA FE,-120.69140807021928,35.22396216959002,67000.0,6200,74000,Ahead,US,True,66.06125904263507,123
8454,5,101,,SB,,87.603,,EAST STOWELL ROAD,-120.41774866445924,34.93833372905568,66000.0,6000,68000,Back,US,True,65.77266430660305,125
8470,5,101,,SLO,R,22.289,,NORTH AVILA ROAD,-120.69924618817852,35.1960598424919,66000.0,6000,73000,Back,US,True,65.77266430660305,125
8909,5,1,,SCR,,8.355,,FREEDOM BOULEVARD,-121.87306043192726,36.97042004278377,66000.0,5800,69000,Back,State,True,65.77266430660305,125
8363,5,101,,MON,,96.14,,SAN MIGUEL CANYON ROAD,-121.66414508894219,36.79934190286606,66000.0,6400,72000,Ahead,US,True,65.77266430660305,125
8452,5,101,,SB,,86.588,,BETTERAVIA ROAD,-120.41782788149426,34.92360803430152,66000.0,6000,68000,Ahead,US,True,65.77266430660305,125
8468,5,101,,SLO,R,21.105,,AVILA ROAD,-120.6991167427427,35.179588904771386,66000.0,6000,73000,Ahead,US,True,65.77266430660305,125
8873,5,1,,SCR,R,7.663,,LARKIN VALLEY ROAD,-121.86229884299559,36.96060096728901,66000.0,5800,69000,Ahead,State,True,65.77266430660305,125
8432,5,101,,SB,,24.762,,STORKE ROAD,-119.87085330169603,34.43455770275568,65000.0,5500,68000,Back,US,True,65.44174234261966,132
8436,5,101,,SB,,3.059,,"CARPINTERIA, LINDEN AVENUE",-119.51647600515184,34.40126276648516,65000.0,5700,71000,Back,US,True,65.44174234261966,132
8514,5,101,,SLO,,4.851,,TEFFT STREET,-120.48452765838945,35.036958492430664,65000.0,5900,70000,Back,US,True,65.44174234261966,132
8532,5,101,,SLO,,50.644,,VINEYARD DRIVE,-120.71437827051196,35.543717768144404,65000.0,6600,73000,Back,US,True,65.44174234261966,132
8548,5,101,,SLO,,6.406,,WILLOW ROAD UC,-120.50083166936783,35.055097957718864,65000.0,5900,70000,Back,US,True,65.44174234261966,132
8560,5,101,,SLO,,7.851,,LOS BERROS ROAD,-120.51611868054505,35.07184398487271,65000.0,5900,70000,Back,US,True,65.44174234261966,132
8422,5,101,,SB,,2.64,,"CARPINTERIA, CASITAS PASS ROAD",-119.51150606146938,34.39684752389209,65000.0,5700,71000,Ahead,US,True,65.44174234261966,132
8430,5,101,,SB,,23.711,,LOS CARNEROS ROAD,-119.85283315638542,34.437779893408724,65000.0,5500,68000,Ahead,US,True,65.44174234261966,132
8478,5,101,,SLO,,0.813,,JCT. RTE. 166 EAST,-120.43462747864181,34.99627748609573,65000.0,5900,70000,Ahead,US,True,65.44174234261966,132
8514,5,101,,SLO,,4.851,,TEFFT STREET,-120.48452765838945,35.036958492430664,65000.0,5900,70000,Ahead,US,True,65.44174234261966,132
8530,5,101,,SLO,,49.319,,SAN RAMON ROAD,-120.70438994059708,35.52658466235884,65000.0,6600,73000,Ahead,US,True,65.44174234261966,132
8548,5,101,,SLO,,6.406,,WILLOW ROAD UC,-120.50083166936783,35.055097957718864,65000.0,5900,70000,Ahead,US,True,65.44174234261966,132
8319,5,101,,MON,,101.316,,MONTEREY/SAN BENITO COUNTY LINE,-121.63004337258552,36.856932050479884,64000.0,6200,70000,Back,US,True,65.1300600277051,144
8482,5,101,,SLO,,12.521,,"ARROYO GRANDE, BRIDGE STREET",-120.57385828530069,35.11668154003619,64000.0,5800,68000,Back,US,True,65.1300600277051,144
8769,5,1,,MON,R,75.733,,MONTEREY SOUTH CITY LIMITS,-121.90399119504396,36.58018825089917,64000.0,6200,68000,Back,State,True,65.1300600277051,144
8771,5,1,,MON,R,75.754,,"MONTEREY, MUNRAS AVENUE",-121.90368969348518,36.58037412205506,64000.0,6300,68000,Back,State,True,65.1300600277051,144
8869,5,1,,SCR,R,4.073,,BUENA VISTA DRIVE (SPRING VALLEY ROAD),-121.81035585925757,36.93155699163184,64000.0,5700,67000,Back,State,True,65.1300600277051,144
8560,5,101,,SLO,,7.851,,LOS BERROS ROAD,-120.51611868054505,35.07184398487271,64000.0,5800,68000,Ahead,US,True,65.1300600277051,144
8769,5,1,,MON,R,75.733,,MONTEREY SOUTH CITY LIMITS,-121.90399119504396,36.58018825089917,64000.0,6200,68000,Ahead,State,True,65.1300600277051,144
8823,5,1,,MON,,75.135,,"JCT. RTE. 68, CARMEL- PACIFIC GROVE",-121.91225650054835,36.57464546428917,64000.0,6200,68000,Ahead,State,True,65.1300600277051,144
8867,5,1,,SCR,R,3.181,,"WATSONVILLE, AIRPORT BOULEVARD/ROACHE ROAD",-121.79693261424133,36.92465691581844,64000.0,5700,67000,Ahead,State,True,65.1300600277051,144
8359,5,101,,MON,,92.19,,SALA ROAD,-121.66013754096635,36.74360368629654,63000.0,5700,69000,Back,US,True,64.81837771279052,153
8498,5,101,,SLO,,27.501,,"SAN LUIS OBISPO, MADONNA ROAD",-120.67344258020718,35.26612816132109,63000.0,5900,69000,Back,US,True,64.81837771279052,153
8502,5,101,,SLO,,29.067,,"SAN LUIS OBISPO, JCT. RTE. 1 NORTH",-120.6635037744139,35.286645039953804,63000.0,6100,69000,Back,US,True,64.81837771279052,153
8773,5,1,,MON,R,77.379,,"MONTEREY, AGUAJITO ROAD",-121.88042901755549,36.59129843938714,63000.0,6300,67000,Back,State,True,64.81837771279052,153
8317,5,101,,MON,R,91.012,,BORONDA ROAD,-121.65970653647958,36.72202476740823,63000.0,5700,69000,Ahead,US,True,64.81837771279052,153
8496,5,101,,SLO,,25.911,,"SAN LUIS OBISPO, LOS OSOS ROAD",-120.68212639283614,35.244552036861336,63000.0,5900,69000,Ahead,US,True,64.81837771279052,153
8500,5,101,,SLO,,28.088,,"SAN LUIS OBISPO, JCT. RTE. 227, MARCH STREET",-120.67125577987002,35.274400704682655,63000.0,6100,69000,Ahead,US,True,64.81837771279052,153
8771,5,1,,MON,R,75.754,,"MONTEREY, MUNRAS AVENUE",-121.90368969348518,36.58037412205506,63000.0,6300,67000,Ahead,State,True,64.81837771279052,153
8488,5,101,,SLO,,14.613,,"PISMO BEACH, OAK PARK ROAD",-120.6066155120362,35.13021947232278,62000.0,5700,68000,Back,US,True,64.39895336309065,161
8524,5,101,,SLO,,45.957,,TRAFFIC WAY,-120.67075496550585,35.488640515611294,62000.0,6500,70000,Back,US,True,64.39895336309065,161
8526,5,101,,SLO,,46.867,,SAN ANSELMO ROAD,-120.68293536347872,35.49708205427814,62000.0,6300,70000,Back,US,True,64.39895336309065,161
8530,5,101,,SLO,,49.319,,SAN RAMON ROAD,-120.70438994059708,35.52658466235884,62000.0,6400,69000,Back,US,True,64.39895336309065,161
8536,5,101,,SLO,,52.44,,"TEMPLETON, MAIN STREET",-120.70192070274807,35.56574706783217,62000.0,6200,70000,Back,US,True,64.39895336309065,161
8871,5,1,,SCR,R,6.688,,MAR MONTE AVENUE (LA SELVA BEACH ROAD),-121.85099901857997,36.94983047830159,62000.0,5500,65000,Back,State,True,64.39895336309065,161
8873,5,1,,SCR,R,7.663,,LARKIN VALLEY ROAD,-121.86229884299559,36.96060096728901,62000.0,5500,65000,Back,State,True,64.39895336309065,161
8371,5,101,,SBT,,0,,MONTEREY/SAN BENITO COUNTY LINE,-121.63004337258552,36.856932050479884,62000.0,6000,68000,Ahead,US,True,64.39895336309065,161
8486,5,101,,SLO,,13.747,,"ARROYO GRANDE, BRISCO ROAD",-120.59316853083523,35.12431160930422,62000.0,5700,68000,Ahead,US,True,64.39895336309065,161
8522,5,101,,SLO,,45.572,,"ATASCADERO, JCT. RTE. 41",-120.66509331366474,35.48539227294322,62000.0,6500,70000,Ahead,US,True,64.39895336309065,161
8524,5,101,,SLO,,45.957,,TRAFFIC WAY,-120.67075496550585,35.488640515611294,62000.0,6300,70000,Ahead,US,True,64.39895336309065,161
8528,5,101,,SLO,,48.331,,DEL RIO ROAD,-120.69929333266296,35.51324269458896,62000.0,6400,69000,Ahead,US,True,64.39895336309065,161
8534,5,101,,SLO,,51.447,,LAS TABLAS AVENUE,-120.71203343944833,35.55425273630987,62000.0,6200,70000,Ahead,US,True,64.39895336309065,161
8869,5,1,,SCR,R,4.073,,BUENA VISTA DRIVE (SPRING VALLEY ROAD),-121.81035585925757,36.93155699163184,62000.0,5500,65000,Ahead,State,True,64.39895336309065,161
8871,5,1,,SCR,R,6.688,,MAR MONTE AVENUE (LA SELVA BEACH ROAD),-121.85099901857997,36.94983047830159,62000.0,5500,65000,Ahead,State,True,64.39895336309065,161
8528,5,101,,SLO,,48.331,,DEL RIO ROAD,-120.69929333266296,35.51324269458896,61000.0,6200,68000,Back,US,True,64.02185624134216,176
8526,5,101,,SLO,,46.867,,SAN ANSELMO ROAD,-120.68293536347872,35.49708205427814,61000.0,6200,68000,Ahead,US,True,64.02185624134216,176
8486,5,101,,SLO,,13.747,,"ARROYO GRANDE, BRISCO ROAD",-120.59316853083523,35.12431160930422,60000.0,5600,65000,Back,US,True,63.756349084192706,178
8534,5,101,,SLO,,51.447,,LAS TABLAS AVENUE,-120.71203343944833,35.55425273630987,60000.0,6000,68000,Back,US,True,63.756349084192706,178
8484,5,101,,SLO,,13.173,,"ARROYO GRANDE, JCT. RTE. 227 NORTH, GRAND AVENUE",-120.58355847879155,35.1214438561966,60000.0,5600,65000,Ahead,US,True,63.756349084192706,178
8532,5,101,,SLO,,50.644,,VINEYARD DRIVE,-120.71437827051196,35.543717768144404,60000.0,6000,68000,Ahead,US,True,63.756349084192706,178
8349,5,101,,MON,,82.469,,SPENCE,-121.58590156987889,36.627086708265246,59000.0,5800,67000,Back,US,True,63.54086501462214,182
8367,5,101,,SBT,R,6.485,,LOMERIAS,-121.55659067313701,36.90467932074202,59000.0,5200,64000,Back,US,True,63.54086501462214,182
8376,5,101,,SBT,,7.55,,SAN BENITO/SANTA CLARA COUNTY LINE,-121.54796572980355,36.91736061599397,59000.0,5200,64000,Back,US,True,63.54086501462214,182
8484,5,101,,SLO,,13.173,,"ARROYO GRANDE, JCT. RTE. 227 NORTH, GRAND AVENUE",-120.58355847879155,35.1214438561966,59000.0,5300,64000,Back,US,True,63.54086501462214,182
8347,5,101,,MON,,76.973,,MAIN STREET,-121.51790882623568,36.569424688335445,59000.0,5800,67000,Ahead,US,True,63.54086501462214,182
8365,5,101,,SBT,R,4.898,,JCT. RTE. 129 WEST,-121.56147884407747,36.882513736163446,59000.0,5200,64000,Ahead,US,True,63.54086501462214,182
8367,5,101,,SBT,R,6.485,,LOMERIAS,-121.55659067313701,36.90467932074202,59000.0,5200,64000,Ahead,US,True,63.54086501462214,182
8482,5,101,,SLO,,12.521,,"ARROYO GRANDE, BRIDGE STREET",-120.57385828530069,35.11668154003619,59000.0,5300,64000,Ahead,US,True,63.54086501462214,182
8538,5,101,,SLO,,54.116,,JCT. RTE. 46 WEST,-120.69544971914165,35.58935939082997,58000.0,5700,66000,Back,US,True,63.30614129598276,190
8721,5,17,,SCR,,5.453,,GRANITE CREEK ROAD,-122.00446378362929,37.061139949706956,58000.0,5400,63000,Back,State,True,63.30614129598276,190
8777,5,1,,MON,R,78.883,,"MONTEREY, DEL MONTE AVENUE",-121.86101249593291,36.60426768159063,58000.0,5500,62000,Back,State,True,63.30614129598276,190
8867,5,1,,SCR,R,3.181,,"WATSONVILLE, AIRPORT BOULEVARD/ROACHE ROAD",-121.79693261424133,36.92465691581844,58000.0,5100,63000,Back,State,True,63.30614129598276,190
8536,5,101,,SLO,,52.44,,"TEMPLETON, MAIN STREET",-120.70192070274807,35.56574706783217,58000.0,5700,66000,Ahead,US,True,63.30614129598276,190
8719,5,17,,SCR,,3.442,,SCOTT VALLEY ROAD,-122.0210626495317,37.03567819792043,58000.0,5400,63000,Ahead,State,True,63.30614129598276,190
8865,5,1,,SCR,R,2.683,,JCT. RTE. 152,-121.79015258592264,36.919664894658005,58000.0,5100,63000,Ahead,State,True,63.30614129598276,190
8347,5,101,,MON,,76.973,,MAIN STREET,-121.51790882623568,36.569424688335445,57000.0,5500,64000,Back,US,True,63.0021548406957,197
8522,5,101,,SLO,,45.572,,"ATASCADERO, JCT. RTE. 41",-120.66509331366474,35.48539227294322,57000.0,6300,64000,Back,US,True,63.0021548406957,197
8345,5,101,,MON,,72.605,,NORTH GONZALES,-121.46415721762372,36.523654126486804,57000.0,5500,64000,Ahead,US,True,63.0021548406957,197
8520,5,101,,SLO,,44.841,,CURBARIL AVENUE,-120.65830248040983,35.476562385578134,57000.0,6300,64000,Ahead,US,True,63.0021548406957,197
8775,5,1,,MON,R,78.119,,"MONTEREY, JCT. RTE. 68 EAST",-121.86839055160087,36.59506014908006,57000.0,5500,62000,Ahead,State,True,63.0021548406957,197
8355,5,101,,MON,,86.815,,"SALINAS, JCT. RTE. 68",-121.63896808283096,36.67082161384575,55000.0,5300,61000,Back,US,True,62.56349084192704,202
8450,5,101,,SB,,84.336,,SOUTH SANTA MARIA,-120.41742283562421,34.89093647945831,55000.0,5200,57000,Back,US,True,62.56349084192704,202
8353,5,101,,MON,,86.123,,"SALINAS, SANBORN ROAD",-121.62799768949468,36.666680907490054,55000.0,5300,61000,Ahead,US,True,62.56349084192704,202
8448,5,101,,SB,,83.41,,E UNION VALLEY PKWY,-120.40848300224097,34.87984234530612,55000.0,5200,57000,Ahead,US,True,62.56349084192704,202
8452,5,101,,SB,,86.588,,BETTERAVIA ROAD,-120.41782788149426,34.92360803430152,54000.0,4900,56000,Back,US,True,62.32491919347392,206
8891,5,1,,SCR,,17.56,,JCT. RTE. 9 NORTH,-122.02981504044774,36.98449680895573,54000.0,4800,57000,Back,State,True,62.32491919347392,206
8450,5,101,,SB,,84.336,,SOUTH SANTA MARIA,-120.41742283562421,34.89093647945831,54000.0,4900,56000,Ahead,US,True,62.32491919347392,206
8889,5,1,,SCR,,16.821,,"SANTA CRUZ, JCT. RTE. 17 NORTH",-122.02141012057851,36.98965870501462,54000.0,4800,57000,Ahead,State,True,62.32491919347392,206
8353,5,101,,MON,,86.123,,"SALINAS, SANBORN ROAD",-121.62799768949468,36.666680907490054,53000.0,5200,59000,Back,US,True,62.08634754502078,210
8715,5,17,,SCR,,12.553,,SANTA CRUZ/SANTA CLARA COUNTY LINE,-121.98469831412956,37.144072033747044,53000.0,5100,62000,Back,State,True,62.08634754502078,210
8351,5,101,,MON,,85.624,,"SALINAS, AIRPORT BOULEVARD",-121.62276959335578,36.66084424807856,53000.0,5200,59000,Ahead,US,True,62.08634754502078,210
8721,5,17,,SCR,,5.453,,GRANITE CREEK ROAD,-122.00446378362929,37.061139949706956,53000.0,5100,62000,Ahead,State,True,62.08634754502078,210
8345,5,101,,MON,,72.605,,NORTH GONZALES,-121.46415721762372,36.523654126486804,52000.0,5000,58000,Back,US,True,61.851623826381406,214
8520,5,101,,SLO,,44.841,,CURBARIL AVENUE,-120.65830248040983,35.476562385578134,52000.0,5700,58000,Back,US,True,61.851623826381406,214
8343,5,101,,MON,,70.859,,JOHNSON CANYON ROAD/ 5TH STREET,-121.43754053011568,36.51334156217305,52000.0,5000,58000,Ahead,US,True,61.851623826381406,214
8518,5,101,,SLO,,44.008,,SANTA ROSA ROAD,-120.65124658755225,35.46597166224861,52000.0,5700,58000,Ahead,US,True,61.851623826381406,214
8365,5,101,,SBT,R,4.898,,JCT. RTE. 129 WEST,-121.56147884407747,36.882513736163446,51000.0,4600,56000,Back,US,True,61.62074803755579,218
8893,5,1,,SCR,,18.239,,"SANTA CRUZ, MISSION STREET",-122.03293668965331,36.9758801653963,51000.0,4550,53000,Ahead,State,True,61.62074803755579,218
8337,5,101,,MON,,64.63,,CAMPHORA,-121.36283724194271,36.44908295335819,50000.0,4900,57000,Back,US,True,61.347545020778824,220
8341,5,101,,MON,,69.372,,GLORIA ROAD,-121.42720634342652,36.493361318933395,50000.0,4850,57000,Back,US,True,61.347545020778824,220
8335,5,101,,MON,,62.696,,NORTH SOLEDAD,-121.33708325600934,36.43142340536644,50000.0,4900,57000,Ahead,US,True,61.347545020778824,220
8339,5,101,,MON,,66.398,,SOLEDAD PRISON,-121.38765811724774,36.4649577182122,50000.0,4850,57000,Ahead,US,True,61.347545020778824,220
8504,5,101,,SLO,,29.375,,"SAN LUIS OBISPO, CALIFORNIA BOULEVARD",-120.65952504259575,35.28969668948855,49500.0,4750,54000,Back,US,True,61.09742958288441,224
8502,5,101,,SLO,,29.067,,"SAN LUIS OBISPO, JCT. RTE. 1 NORTH",-120.6635037744139,35.286645039953804,49500.0,4750,54000,Ahead,US,True,61.09742958288441,224
8797,5,1,,MON,R,90.979,,"CASTROVILLE, JCT. RTE. 156 WEST",-121.76564339458018,36.753039748899624,49000.0,5800,53000,Back,State,True,60.9242727412652,226
8795,5,1,,MON,R,90.388,,MOLERA/NASHUA ROADS,-121.77120655693015,36.74566701528168,49000.0,5800,53000,Ahead,State,True,60.9242727412652,226
8339,5,101,,MON,,66.398,,SOLEDAD PRISON,-121.38765811724774,36.4649577182122,48500.0,4750,56000,Back,US,True,60.735724180390946,228
8343,5,101,,MON,,70.859,,JOHNSON CANYON ROAD/ 5TH STREET,-121.43754053011568,36.51334156217305,48500.0,4700,55000,Back,US,True,60.735724180390946,228
8337,5,101,,MON,,64.63,,CAMPHORA,-121.36283724194271,36.44908295335819,48500.0,4750,56000,Ahead,US,True,60.735724180390946,228
8341,5,101,,MON,,69.372,,GLORIA ROAD,-121.42720634342652,36.493361318933395,48500.0,4700,55000,Ahead,US,True,60.735724180390946,228
8506,5,101,,SLO,,29.767,,"SAN LUIS OBISPO, GRAND AVENUE",-120.65352560354658,35.29180998839537,48000.0,4600,53000,Back,US,True,60.48560874249653,232
8793,5,1,,MON,R,89.185,,"SALINAS RIVER BRIDGE, CASTROVILLE, SOUTH",-121.78324815441185,36.73131881542396,48000.0,5500,50000,Back,State,True,60.48560874249653,232
8795,5,1,,MON,R,90.388,,MOLERA/NASHUA ROADS,-121.77120655693015,36.74566701528168,48000.0,5500,51000,Back,State,True,60.48560874249653,232
8823,5,1,,MON,,75.135,,"JCT. RTE. 68, CARMEL- PACIFIC GROVE",-121.91225650054835,36.57464546428917,48000.0,4550,54000,Back,State,True,60.48560874249653,232
8504,5,101,,SLO,,29.375,,"SAN LUIS OBISPO, CALIFORNIA BOULEVARD",-120.65952504259575,35.28969668948855,48000.0,4600,53000,Ahead,US,True,60.48560874249653,232
8791,5,1,,MON,R,88.638,,NEPONSET ROAD  (DEL MONTE BOULEVARD),-121.78948117609616,36.72508063576618,48000.0,5500,50000,Ahead,State,True,60.48560874249653,232
8793,5,1,,MON,R,89.185,,"SALINAS RIVER BRIDGE, CASTROVILLE, SOUTH",-121.78324815441185,36.73131881542396,48000.0,5500,51000,Ahead,State,True,60.48560874249653,232
8510,5,101,,SLO,,30.36,,"SAN LUIS OBISPO, NORTH CITY LIMITS",-120.64324829099466,35.29304549209249,47000.0,4700,52000,Back,US,True,60.15468677851315,239
8512,5,101,,SLO,,37.863,,"JCT. RTE. 58 EAST, SANTA MARGARITA",-120.6301948275837,35.383223909533136,47000.0,4700,52000,Back,US,True,60.15468677851315,239
8508,5,101,,SLO,,29.985,,"SAN LUIS OBISPO, BUENA VISTA",-120.64970582412637,35.29174717755037,47000.0,4700,52000,Ahead,US,True,60.15468677851315,239
8510,5,101,,SLO,,30.36,,"SAN LUIS OBISPO, NORTH CITY LIMITS",-120.64324829099466,35.29304549209249,47000.0,4700,52000,Ahead,US,True,60.15468677851315,239
8863,5,1,,SCR,R,2.269,,"WATSONVILLE, HARKINS SLOUGH ROAD OVERCROSSING",-121.78679984960179,36.914462672885946,46500.0,4400,51000,Back,State,True,59.97768200708019,243
8859,5,1,,SCR,R,0.716,,JCT. RTE. 129,-121.77409700044286,36.89436385438825,46500.0,4400,51000,Ahead,State,True,59.97768200708019,243
8518,5,101,,SLO,,44.008,,SANTA ROSA ROAD,-120.65124658755225,35.46597166224861,46000.0,5000,52000,Back,US,True,59.80452516546099,245
8516,5,101,,SLO,,42.268,,SANTA BARBARA ROAD,-120.63821354823753,35.44356828133019,46000.0,5000,52000,Ahead,US,True,59.80452516546099,245
8544,5,101,,SLO,,57.92,,"PASO ROBLES, JCT. RTE. 46 EAST",-120.68501824939877,35.642606382943434,45500.0,5000,52000,Back,US,True,59.61597660458673,247
8789,5,1,,MON,R,86.481,,RESERVATION ROAD,-121.80476200057602,36.69652115871132,45500.0,5000,48500,Back,State,True,59.61597660458673,247
8542,5,101,,SLO,,56.88,,"PASO ROBLES, 13TH STREET",-120.68646693730464,35.62791758879747,45500.0,5000,52000,Ahead,US,True,59.61597660458673,247
8787,5,1,,MON,R,85.135,,SOUTH MARINA,-121.8074570901588,36.677825464496706,45500.0,5000,48500,Ahead,State,True,59.61597660458673,247
8351,5,101,,MON,,85.624,,"SALINAS, AIRPORT BOULEVARD",-121.62276959335578,36.66084424807856,45000.0,4300,51000,Back,US,True,59.30429428967216,251
8791,5,1,,MON,R,88.638,,NEPONSET ROAD  (DEL MONTE BOULEVARD),-121.78948117609616,36.72508063576618,45000.0,5000,47000,Back,State,True,59.30429428967216,251
8893,5,1,,SCR,,18.239,,"SANTA CRUZ, MISSION STREET",-122.03293668965331,36.9758801653963,45000.0,4050,47000,Back,State,True,59.30429428967216,251
8349,5,101,,MON,,82.469,,SPENCE,-121.58590156987889,36.627086708265246,45000.0,4300,51000,Ahead,US,True,59.30429428967216,251
8789,5,1,,MON,R,86.481,,RESERVATION ROAD,-121.80476200057602,36.69652115871132,45000.0,5000,47000,Ahead,State,True,59.30429428967216,251
8891,5,1,,SCR,,17.56,,JCT. RTE. 9 NORTH,-122.02981504044774,36.98449680895573,45000.0,4050,47000,Ahead,State,True,59.30429428967216,251
8516,5,101,,SLO,,42.268,,SANTA BARBARA ROAD,-120.63821354823753,35.44356828133019,44000.0,4500,49500,Back,US,True,58.86178236108973,257
8512,5,101,,SLO,,37.863,,"JCT. RTE. 58 EAST, SANTA MARGARITA",-120.6301948275837,35.383223909533136,44000.0,4500,49500,Ahead,US,True,58.86178236108973,257
8508,5,101,,SLO,,29.985,,"SAN LUIS OBISPO, BUENA VISTA",-120.64970582412637,35.29174717755037,41500.0,3950,45500,Back,US,True,57.753578574726795,259
8506,5,101,,SLO,,29.767,,"SAN LUIS OBISPO, GRAND AVENUE",-120.65352560354658,35.29180998839537,41500.0,3950,45500,Ahead,US,True,57.753578574726795,259
8333,5,101,,MON,,61.583,,JCT. RTE. 146 EAST,-121.32368178885055,36.41956792322555,41000.0,4100,46000,Back,US,True,57.576573803293826,261
8767,5,1,,MON,R,102.031,,MONTEREY/SANTA CRUZ COUNTY LINE,-121.77227349317963,36.88384140500797,41000.0,4100,44500,Back,State,True,57.576573803293826,261
8859,5,1,,SCR,R,0.716,,JCT. RTE. 129,-121.77409700044286,36.89436385438825,41000.0,3800,45000,Back,State,True,57.576573803293826,261
8331,5,101,,MON,,60.399,,ARROYO SECO ROAD,-121.31655246859994,36.40350347466559,41000.0,4100,46000,Ahead,US,True,57.576573803293826,261
8799,5,1,,MON,T,101.04,,SALINAS/PAJARO ROADS,-121.77001248122022,36.86989276206251,41000.0,4100,44000,Ahead,State,True,57.576573803293826,261
8861,5,1,,SCR,R,0,,MONTEREY/SANTA CRUZ COUNTY LINE,-121.77227349317963,36.88384140500797,41000.0,3800,45000,Ahead,State,True,57.576573803293826,261
8448,5,101,,SB,,83.41,,E UNION VALLEY PKWY,-120.40848300224097,34.87984234530612,40500.0,4050,42500,Back,US,True,57.391873172233346,267
8542,5,101,,SLO,,56.88,,"PASO ROBLES, 13TH STREET",-120.68646693730464,35.62791758879747,40500.0,4450,45500,Back,US,True,57.391873172233346,267
8446,5,101,,SB,,82.183,,"SANTA MARIA, CLARK AVENUE",-120.39603411220273,34.865416662770485,40500.0,4050,42500,Ahead,US,True,57.391873172233346,267
8540,5,101,,SLO,,55.674,,SOUTH PASO ROBLES,-120.69089812358196,35.61143609809884,40500.0,4450,45500,Ahead,US,True,57.391873172233346,267
8331,5,101,,MON,,60.399,,ARROYO SECO ROAD,-121.31655246859994,36.40350347466559,39000.0,3900,44000,Back,US,True,56.73387717408035,271
8329,5,101,,MON,,54.787,,NORTH GREENFIELD,-121.2548886759336,36.33949578960817,39000.0,3900,44000,Ahead,US,True,56.73387717408035,271
8665,5,156,,MON,R,1.109,,JCT. RTE. 183,-121.75216300413544,36.76138590559025,39000.0,3400,44000,Ahead,State,True,56.73387717408035,271
8335,5,101,,MON,,62.696,,NORTH SOLEDAD,-121.33708325600934,36.43142340536644,38500.0,3850,43500,Back,US,True,56.418346929352005,274
8667,5,156,,MON,T,5.185,,SOUTH JCT. RTE. 101,-121.66755450177094,36.789598523566234,38500.0,3300,44000,Back,State,True,56.418346929352005,274
8333,5,101,,MON,,61.583,,JCT. RTE. 146 EAST,-121.32368178885055,36.41956792322555,38500.0,3850,43500,Ahead,US,True,56.418346929352005,274
8821,5,1,,MON,,73.8,,"CARMEL, OCEAN AVENUE",-121.91116913840597,36.556007388661946,38000.0,4200,42000,Back,State,True,56.148991842388796,277
8865,5,1,,SCR,R,2.683,,JCT. RTE. 152,-121.79015258592264,36.919664894658005,37500.0,3400,41000,Back,State,True,55.85654917654303,278
8863,5,1,,SCR,R,2.269,,"WATSONVILLE, HARKINS SLOUGH ROAD OVERCROSSING",-121.78679984960179,36.914462672885946,37500.0,3400,41000,Ahead,State,True,55.85654917654303,278
8821,5,1,,MON,,73.8,,"CARMEL, OCEAN AVENUE",-121.91116913840597,36.556007388661946,37000.0,4000,41000,Ahead,State,True,55.641065106972455,280
8817,5,1,,MON,,72.921,,"CARMEL VALLEY ROAD, CARMEL, SOUTH",-121.908428500645,36.5434655943369,36000.0,4000,39000,Ahead,State,True,55.256272125596425,281
9151,5,68,,MON,R,18.076,,SPRECKLES BOULEVARD,-121.6694182418808,36.6329446756638,35700.0,3800,38000,Back,State,True,55.12159458211482,282
9149,5,68,,MON,R,17.19,,RESERVATION ROAD,-121.68190081604725,36.62464028818938,35700.0,3800,38000,Ahead,State,True,55.12159458211482,282
8329,5,101,,MON,,54.787,,NORTH GREENFIELD,-121.2548886759336,36.33949578960817,35500.0,3550,40000,Back,US,True,54.98306910881946,284
8327,5,101,,MON,,53.861,,WALNUT AVENUE,-121.24376750935998,36.329429155464794,35500.0,3550,40000,Ahead,US,True,54.98306910881946,284
8665,5,156,,MON,R,1.109,,JCT. RTE. 183,-121.75216300413544,36.76138590559025,35000.0,3200,40500,Back,State,True,54.71371402185624,286
8897,5,1,,SCR,,19,,"SANTA CRUZ, BAY STREET",-122.04034644147777,36.96663260159688,35000.0,3300,37000,Back,State,True,54.71371402185624,286
8663,5,156,,MON,R,0.167,,JCT. RTE. 1,-121.76505036994874,36.75234338326685,35000.0,3200,40500,Ahead,State,True,54.71371402185624,286
8667,5,156,,MON,T,5.185,,SOUTH JCT. RTE. 101,-121.66755450177094,36.789598523566234,35000.0,3400,41500,Ahead,State,True,54.71371402185624,286
8434,5,101,,SB,,26.907,,HOLLISTER AVENUE,-119.90588469172675,34.43243348987072,34000.0,2900,36000,Back,US,True,54.14422040941973,290
8432,5,101,,SB,,24.762,,STORKE ROAD,-119.87085330169603,34.43455770275568,34000.0,2900,36000,Ahead,US,True,54.14422040941973,290
8327,5,101,,MON,,53.861,,WALNUT AVENUE,-121.24376750935998,36.329429155464794,33500.0,3350,37500,Back,US,True,53.74403570878867,292
8374,5,101,,SBT,,3.049,L,"N JCT. RTE. 156, END LEFT ALIGN",-121.5798298092628,36.862103495252775,33500.0,3100,36500,Back,US,True,53.74403570878867,292
8325,5,101,,MON,,53.359,,"GREENFIELD, OAK AVENUE",-121.238097124996,36.323800641966756,33500.0,3350,37500,Ahead,US,True,53.74403570878867,292
8369,5,101,,SBT,,0.312,L,BEGIN LEFT ALIGN,-121.62506752517504,36.85907215409984,33500.0,3100,36500,Ahead,US,True,53.74403570878867,292
9169,5,68,,MON,,19.971,,"SALINAS, BLANCO ROAD",-121.66014392169983,36.6557573743706,33000.0,3800,35000,Back,State,True,53.44389718331538,296
9151,5,68,,MON,R,18.076,,SPRECKLES BOULEVARD,-121.6694182418808,36.6329446756638,33000.0,3800,35000,Ahead,State,True,53.44389718331538,296
8444,5,101,,SB,,70.921,,"LOS ALAMOS, JCT. RTE. 135 NORTHWEST",-120.27069572895489,34.74258130121342,32000.0,3150,34500,Back,US,True,52.70509465907342,298
8442,5,101,,SB,,62.671,,"ZACA, JCT. RTE. 154 EAST",-120.15757613138697,34.68785131498764,32000.0,3150,34500,Ahead,US,True,52.70509465907342,298
9169,5,68,,MON,,19.971,,"SALINAS, BLANCO ROAD",-121.66014392169983,36.6557573743706,32000.0,3500,33500,Ahead,State,True,52.70509465907342,298
8446,5,101,,SB,,82.183,,"SANTA MARIA, CLARK AVENUE",-120.39603411220273,34.865416662770485,31500.0,2900,33500,Back,US,True,52.3780206249038,301
8598,5,135,,SB,,14.78,,"SANTA MARIA, STOWELL ROAD",-120.43594822040009,34.938506364952026,31500.0,2500,33000,Back,State,True,52.3780206249038,301
8594,5,135,,SB,,13.54,,BETTERAVIA ROAD,-120.43594930376831,34.920808310246414,31500.0,2500,32500,Ahead,State,True,52.3780206249038,301
8444,5,101,,SB,,70.921,,"LOS ALAMOS, JCT. RTE. 135 NORTHWEST",-120.27069572895489,34.74258130121342,30000.0,2850,32000,Ahead,US,True,51.56995536401416,304
8799,5,1,,MON,T,101.04,,SALINAS/PAJARO ROADS,-121.77001248122022,36.86989276206251,29500.0,3400,31500,Back,State,True,51.1697706633831,305
8829,5,1,,MON,,99.92,,JENSEN ROAD,-121.77109440496187,36.85381587807614,29500.0,3400,31500,Back,State,True,51.1697706633831,305
8827,5,1,,MON,,96.101,,"MOSS LANDING, DOLAN ROAD",-121.78379749217439,36.80409625607537,29500.0,3500,31500,Ahead,State,True,51.1697706633831,305
8829,5,1,,MON,,99.92,,JENSEN ROAD,-121.77109440496187,36.85381587807614,29500.0,3400,31500,Ahead,State,True,51.1697706633831,305
9149,5,68,,MON,R,17.19,,RESERVATION ROAD,-121.68190081604725,36.62464028818938,29000.0,3300,30000,Back,State,True,50.83500076958596,309
9171,5,68,,MON,,20.91,,"SALINAS, AVENUE A/MAPLE STREET",-121.65570426700434,36.668526359736994,29000.0,2700,30000,Back,State,True,50.83500076958596,309
8727,5,183,,MON,,0,,"SALINAS, JCT. RTE. 101",-121.65320086622505,36.68728994524903,29000.0,2300,33000,Ahead,State,True,50.83500076958596,309
8373,5,101,,SBT,,2.998,R,"JCT. RTE. 156 EAST, RIGHT ALIGN",-121.57931286115617,36.86183363992838,28500.0,2700,31000,Back,US,True,50.49253501616131,312
8594,5,135,,SB,,13.54,,BETTERAVIA ROAD,-120.43594930376831,34.920808310246414,28500.0,2300,30000,Back,State,True,50.49253501616131,312
8679,5,156,,SBT,,7.246,,UNION/MITCHELL ROADS,-121.45783752198925,36.84241004556787,28500.0,2900,30000,Back,State,True,50.49253501616131,312
8370,5,101,,SBT,,0.312,R,BEG INDEP ALIGN RT LNS,-121.62466563418829,36.85911983479123,28500.0,2700,31000,Ahead,US,True,50.49253501616131,312
8321,5,101,,MON,,47.694,,TEAGUE AVENUE,-121.17915957907978,36.26149091999839,28000.0,3100,33000,Back,US,True,50.09235031553024,316
8323,5,101,,MON,,52.66,,SOUTH GREENFIELD,-121.23415279775492,36.314279373030395,28000.0,2900,32000,Back,US,True,50.09235031553024,316
8325,5,101,,MON,,53.359,,"GREENFIELD, OAK AVENUE",-121.238097124996,36.323800641966756,28000.0,2900,32000,Back,US,True,50.09235031553024,316
8550,5,101,,SLO,,60.98,,HUEY-EXLINE ROAD,-120.69674378452922,35.68266955603041,28000.0,3150,30000,Back,US,True,50.09235031553024,316
8552,5,101,,SLO,,63.735,,SAN MARCOS ROAD,-120.69772598359626,35.72200644021266,28000.0,3150,30000,Back,US,True,50.09235031553024,316
8554,5,101,,SLO,,65.082,,SOUTH SAN MIGUEL,-120.69952788907186,35.74092027170943,28000.0,3150,30000,Back,US,True,50.09235031553024,316
8321,5,101,,MON,,47.694,,TEAGUE AVENUE,-121.17915957907978,36.26149091999839,28000.0,2950,32000,Ahead,US,True,50.09235031553024,316
8323,5,101,,MON,,52.66,,SOUTH GREENFIELD,-121.23415279775492,36.314279373030395,28000.0,2900,32000,Ahead,US,True,50.09235031553024,316
8434,5,101,,SB,,26.907,,HOLLISTER AVENUE,-119.90588469172675,34.43243348987072,28000.0,2450,31000,Ahead,US,True,50.09235031553024,316
8546,5,101,,SLO,,58.762,,"PASO ROBLES, NORTH PASO ROBLES",-120.69283293121059,35.65320591056489,28000.0,3150,30000,Ahead,US,True,50.09235031553024,316
8550,5,101,,SLO,,60.98,,HUEY-EXLINE ROAD,-120.69674378452922,35.68266955603041,28000.0,3150,30000,Ahead,US,True,50.09235031553024,316
8552,5,101,,SLO,,63.735,,SAN MARCOS ROAD,-120.69772598359626,35.72200644021266,28000.0,3150,30000,Ahead,US,True,50.09235031553024,316
8596,5,135,,SB,,13,,SANTA MARIA WAY,-120.43584977582472,34.912932241823945,28000.0,2250,30000,Ahead,State,True,50.09235031553024,316
8677,5,156,,SBT,,3.022,,ALAMEDA STREET,-121.53357496958195,36.840588487420675,28000.0,2900,30000,Ahead,State,True,50.09235031553024,316
8897,5,1,,SCR,,19,,"SANTA CRUZ, BAY STREET",-122.04034644147777,36.96663260159688,28000.0,2700,30000,Ahead,State,True,50.09235031553024,316
8440,5,101,,SB,,33.852,,EL CAPITAN BEACH STATE PARK,-120.02121416914814,34.46337938371322,27500.0,2400,30000,Back,US,True,49.638294597506544,331
8546,5,101,,SLO,,58.762,,"PASO ROBLES, NORTH PASO ROBLES",-120.69283293121059,35.65320591056489,27500.0,3100,30000,Back,US,True,49.638294597506544,331
8632,5,152,,SCR,T,2.5,,"WATSONVILLE, FREEDOM BLVD",-121.76153702383823,36.91513110478596,27500.0,3500,34000,Back,State,True,49.638294597506544,331
8825,5,1,,MON,,94.4,,MOLERA ROAD,-121.77777989637667,36.780410568150266,27500.0,3450,29500,Back,State,True,49.638294597506544,331
8827,5,1,,MON,,96.101,,"MOSS LANDING, DOLAN ROAD",-121.78379749217439,36.80409625607537,27500.0,3400,30000,Back,State,True,49.638294597506544,331
9121,5,46,,SLO,,32.145,,PASO ROBLES AIRPORT ROAD,-120.64328162477995,35.64445611239975,27500.0,3000,33500,Back,State,True,49.638294597506544,331
8544,5,101,,SLO,,57.92,,"PASO ROBLES, JCT. RTE. 46 EAST",-120.68501824939877,35.642606382943434,27500.0,3100,30000,Ahead,US,True,49.638294597506544,331
8598,5,135,,SB,,14.78,,"SANTA MARIA, STOWELL ROAD",-120.43594822040009,34.938506364952026,27500.0,2200,29000,Ahead,State,True,49.638294597506544,331
8630,5,152,,SCR,T,0.676,,GREEN VALLEY RD,-121.78388615858788,36.91854483069504,27500.0,3500,34000,Ahead,State,True,49.638294597506544,331
8801,5,1,,MON,T,92.213,,"CASTROVILLE, JCT. RTE. 183",-121.76543327324534,36.77082735404064,27500.0,3450,29500,Ahead,State,True,49.638294597506544,331
8825,5,1,,MON,,94.4,,MOLERA ROAD,-121.77777989637667,36.780410568150266,27500.0,3450,29500,Ahead,State,True,49.638294597506544,331
9119,5,46,,SLO,R,21.969,,SOUTH JCT. RTE. 101,-120.69556505563759,35.58936445843278,27500.0,3000,33500,Ahead,State,True,49.638294597506544,331
8677,5,156,,SBT,,3.022,,ALAMEDA STREET,-121.53357496958195,36.840588487420675,27000.0,2800,29500,Back,State,True,49.19963059873788,343
8600,5,135,,SB,,15.772,,"SANTA MARIA, JCT. RTE. 166",-120.43580476843235,34.95313890330357,26500.0,2300,27500,Back,State,True,48.872556564568264,344
8440,5,101,,SB,,33.852,,EL CAPITAN BEACH STATE PARK,-120.02121416914814,34.46337938371322,26500.0,2300,29500,Ahead,US,True,48.872556564568264,344
8915,5,1,,SLO,L,16.77,,"SAN LUIS OBISPO, NORTH JCT. RTE. 101",-120.66352673894585,35.2867146712285,26500.0,2450,27500,Ahead,State,True,48.872556564568264,344
9121,5,46,,SLO,,32.145,,PASO ROBLES AIRPORT ROAD,-120.64328162477995,35.64445611239975,26500.0,2800,32000,Ahead,State,True,48.872556564568264,344
112,5,152,,SCR,T,2.929,,"WATSONVILLE, ON EAST LAKE STREET AT MAIN STREET",-121.75689301948361,36.9102469178071,26000.0,3000,27000,Back,State,True,48.472371863937205,348
8388,5,101,,SB,R,48.847,,"LAS CRUCES, JCT. RTE. 1 NORTHWEST",-120.22586915667682,34.50918419182042,26000.0,2800,29000,Back,US,True,48.472371863937205,348
8590,5,135,,SB,,11.73,,LAKEVIEW ROAD/SKYWAY DRIVE,-120.43644664255065,34.89450496554197,26000.0,2900,27000,Back,State,True,48.472371863937205,348
8935,5,1,,SLO,,17.341,,"SAN LUIS OBISPO, FOOTHILL BOULEVARD",-120.66786456511228,35.29407603535001,26000.0,2500,28000,Back,State,True,48.472371863937205,348
9069,5,25,,SBT,,60.084,,SAN BENITO/SANTA CLARA COUNTY LINE,-121.51209961622769,36.94805131999593,26000.0,2200,27000,Back,State,True,48.472371863937205,348
9167,5,68,,MON,,13.33,,SAN BENANCIO ROAD,-121.72072348375083,36.57980777071018,26000.0,3000,27000,Back,State,True,48.472371863937205,348
8588,5,135,,SB,,10.93,,FOSTER ROAD,-120.43650175778659,34.88307382828325,26000.0,2900,27000,Ahead,State,True,48.472371863937205,348
8600,5,135,,SB,,15.772,,"SANTA MARIA, JCT. RTE. 166",-120.43580476843235,34.95313890330357,26000.0,2200,27000,Ahead,State,True,48.472371863937205,348
8634,5,152,,SCR,T,2.803,,"WATSONVILLE, MAIN STREET AT EAST LAKE STREET",-121.75840033413985,36.911599585275404,26000.0,3000,27000,Ahead,State,True,48.472371863937205,348
8935,5,1,,SLO,,17.341,,"SAN LUIS OBISPO, FOOTHILL BOULEVARD",-120.66786456511228,35.29407603535001,26000.0,2500,28000,Ahead,State,True,48.472371863937205,348
9167,5,68,,MON,,13.33,,SAN BENANCIO ROAD,-121.72072348375083,36.57980777071018,26000.0,2900,26500,Ahead,State,True,48.472371863937205,348
8606,5,135,,SB,,17.806,,"SANTA MARIA, JCT. RTE. 101",-120.43144503505108,34.981302756791784,25500.0,2250,27500,Back,State,True,48.06449130367862,359
8729,5,183,,MON,,9.006,,"CASTROVILLE, JCT. RTE. 156",-121.75221621224804,36.76150971853311,25500.0,2400,31000,Back,State,True,48.06449130367862,359
8937,5,1,,SLO,,17.874,,HIGHLAND DRIVE,-120.67462922954468,35.299259674347155,25500.0,2500,28000,Back,State,True,48.06449130367862,359
9041,5,246,,SB,,26.286,,"BUELLTON, JCT. RTE. 101",-120.19018884075284,34.612164714541166,25500.0,2300,26500,Ahead,State,True,48.06449130367862,359
9165,5,68,,MON,,11.221,,LAURELES GRADE ROAD,-121.75561401255511,36.56968210296759,25500.0,2800,26500,Ahead,State,True,48.06449130367862,359
9183,5,9,,SCR,,0.046,,"SANTA CRUZ, JCT. RTE. 1",-122.0297910689044,36.98440790451149,25500.0,2800,27000,Ahead,State,True,48.06449130367862,359
8592,5,135,,SB,,12.74,,MILLER STREET,-120.43586153656844,34.90908799488685,25000.0,2250,26000,Back,State,True,47.6796983223026,365
8602,5,135,,SB,,15.77,,N/O MAIN,-120.43580605122659,34.95310799213969,25000.0,1950,26000,Back,State,True,47.6796983223026,365
8634,5,152,,SCR,T,2.803,,"WATSONVILLE, MAIN STREET AT EAST LAKE STREET",-121.75840033413985,36.911599585275404,25000.0,2500,26000,Back,State,True,47.6796983223026,365
8849,5,1,,SB,,22.519,,"LOMPOC, SANTA YNEZ RIVER BRIDGE",-120.45758628290679,34.66730309992338,25000.0,2600,27000,Back,State,True,47.6796983223026,365
8895,5,1,,SCR,,19.69,,"SANTA CRUZ, SWIFT STREET",-122.04938989552903,36.96058714106134,25000.0,2400,25500,Back,State,True,47.6796983223026,365
8987,5,218,,MON,R,0.22,,EAST OF DEL MONTE EASTBOUND,-121.85594639388752,36.60755182668221,25000.0,2200,26000,Back,State,True,47.6796983223026,365
9067,5,25,,SBT,,55.134,,HUDNER LANE,-121.43934703496554,36.90789810550459,25000.0,2100,26000,Back,State,True,47.6796983223026,365
9165,5,68,,MON,,11.221,,LAURELES GRADE ROAD,-121.75561401255511,36.56968210296759,25000.0,2750,26000,Back,State,True,47.6796983223026,365
8632,5,152,,SCR,T,2.5,,"WATSONVILLE, FREEDOM BLVD",-121.76153702383823,36.91513110478596,25000.0,2500,26500,Ahead,State,True,47.6796983223026,365
8729,5,183,,MON,,9.006,,"CASTROVILLE, JCT. RTE. 156",-121.75221621224804,36.76150971853311,25000.0,2350,29500,Ahead,State,True,47.6796983223026,365
8849,5,1,,SB,,22.519,,"LOMPOC, SANTA YNEZ RIVER BRIDGE",-120.45758628290679,34.66730309992338,25000.0,2600,27000,Ahead,State,True,47.6796983223026,365
8989,5,218,,MON,R,0,,"SEASIDE, JCT. RTE. 1",-121.85789807816538,36.6102041659315,25000.0,2200,26000,Ahead,State,True,47.6796983223026,365
9065,5,25,,SBT,,54.048,,JCT. RTE. 156,-121.42734730167102,36.895588823045,25000.0,2100,26000,Ahead,State,True,47.6796983223026,365
9067,5,25,,SBT,,55.134,,HUDNER LANE,-121.43934703496554,36.90789810550459,25000.0,2100,26000,Ahead,State,True,47.6796983223026,365
8833,5,1,,SB,R,23.296,,LOMPOC/CASMALIA ROAD,-120.45590664712452,34.67835304392166,24500.0,2500,26500,Back,State,True,47.15253193781746,379
8947,5,1,,SLO,,28.82,,"MORRO BAY, SOUTH MORRO BAY",-120.8393877176522,35.36728562830716,24500.0,2600,26500,Back,State,True,47.15253193781746,379
8945,5,1,,SLO,,27.883,,BAYWOOD PARK ROAD,-120.82312043159926,35.36425513988662,24500.0,2600,26500,Ahead,State,True,47.15253193781746,379
8939,5,1,,SLO,,19.71,,"ENTRANCE, CALIFORNIA MEN'S COLONY",-120.69573561247239,35.31913175285907,24300.0,2450,26500,Back,State,True,46.95628751731569,382
8300,5,101,,MON,R,40.71,,"KING CITY, CANAL STREET",-121.12929807450006,36.20338660070869,24300.0,3000,28000,Ahead,US,True,46.95628751731569,382
8602,5,135,,SB,,15.77,,N/O MAIN,-120.43580605122659,34.95310799213969,24200.0,1950,25000,Ahead,State,True,46.83700169308912,384
8375,5,101,,SBT,,3.173,R,END RIGHT ALIGN,-121.57697197998482,36.86348922003058,24100.0,2200,26000,Back,US,True,46.76004309681392,385
8588,5,135,,SB,,10.93,,FOSTER ROAD,-120.43650175778659,34.88307382828325,24100.0,2700,25500,Back,State,True,46.76004309681392,385
8373,5,101,,SBT,,2.998,R,"JCT. RTE. 156 EAST, RIGHT ALIGN",-121.57931286115617,36.86183363992838,24100.0,2200,26000,Ahead,US,True,46.76004309681392,385
8630,5,152,,SCR,T,0.676,,GREEN VALLEY RD,-121.78388615858788,36.91854483069504,24000.0,2650,26000,Back,State,True,46.64460520240111,388
8628,5,152,,SCR,T,0.31,,"WATSONVILLE, JCT. RTE. 1",-121.79030502553478,36.91968091661845,24000.0,2650,25500,Ahead,State,True,46.64460520240111,388
9179,5,68,,MON,,6.812,,JCT. RTE. 218 NORTHWEST,-121.82795246687805,36.58089867716506,24000.0,2500,25000,Ahead,State,True,46.64460520240111,388
8937,5,1,,SLO,,17.874,,HIGHLAND DRIVE,-120.67462922954468,35.299259674347155,23900.0,2350,26500,Ahead,State,True,46.49453593966446,391
8562,5,129,,SBT,R,2.644,,JCT. RTE. 101,-121.56158481563658,36.8825271633983,23700.0,4000,27500,Ahead,State,True,46.33677081730029,392
8584,5,135,,SB,R,10.412,,EAST CLARK AVENUE,-120.43654977992504,34.86488455388265,23700.0,2700,25000,Ahead,State,True,46.33677081730029,392
8981,5,217,,SB,,2.756,,JCT. RTE. 101,-119.81289466970784,34.44101923344073,23600.0,2900,26500,Back,State,True,46.27135601046637,394
8979,5,217,,SB,,2.232,,HOLLISTER AVENUE,-119.81797458245244,34.43518497424039,23600.0,2900,26500,Ahead,State,True,46.27135601046637,394
8701,5,166,,SB,,8.927,,"SANTA MARIA, JCT. RTE. 101",-120.41727949953916,34.95294923861528,23400.0,2150,24500,Back,State,True,46.03278436201323,396
8442,5,101,,SB,,62.671,,"ZACA, JCT. RTE. 154 EAST",-120.15757613138697,34.68785131498764,23300.0,2300,25500,Back,US,True,45.89425888871787,397
8396,5,101,,SB,R,57.552,,NORTH BUELLTON,-120.18920956031216,34.61840506640159,23300.0,2300,25500,Ahead,US,True,45.89425888871787,397
8596,5,135,,SB,,13,,SANTA MARIA WAY,-120.43584977582472,34.912932241823945,23000.0,1850,23700,Back,State,True,45.513313837155614,399
97,5,129,,SCR,,0,,MAIN ST,-121.75333423119616,36.90710649406606,23000.0,2300,28000,Ahead,State,True,45.513313837155614,399
8592,5,135,,SB,,12.74,,MILLER STREET,-120.43586153656844,34.90908799488685,23000.0,1850,23700,Ahead,State,True,45.513313837155614,399
8939,5,1,,SLO,,19.71,,"ENTRANCE, CALIFORNIA MEN'S COLONY",-120.69573561247239,35.31913175285907,23000.0,2400,25500,Ahead,State,True,45.513313837155614,399
9171,5,68,,MON,,20.91,,"SALINAS, AVENUE A/MAPLE STREET",-121.65570426700434,36.668526359736994,23000.0,2100,23900,Ahead,State,True,45.513313837155614,399
8951,5,1,,SLO,,30.135,,JCT. RTE. 41 NORTHEAST,-120.8554516889052,35.379983360202914,22500.0,2450,25000,Back,State,True,45.03617054024935,404
8949,5,1,,SLO,,29.618,,"MORRO BAY, NORTH MORRO BAY",-120.85144752218808,35.373611402010624,22500.0,2450,25000,Ahead,State,True,45.03617054024935,404
8604,5,135,,SB,,16.77,,"SANTA MARIA, DONOVAN ROAD",-120.43557243355717,34.967720104482815,22300.0,1950,23500,Ahead,State,True,44.91688471602278,406
9153,5,68,,MON,R,3.948,,JCT. RTE. 1,-121.86853140743742,36.59512547873116,22200.0,2050,23900,Ahead,State,True,44.832230260120056,407
8941,5,1,,SLO,,20.89,,"KANSAS AVE, LT",-120.71658383845204,35.321111709465114,22000.0,2200,25000,Back,State,True,44.662921348314605,408
8590,5,135,,SB,,11.73,,LAKEVIEW ROAD/SKYWAY DRIVE,-120.43644664255065,34.89450496554197,22000.0,2000,23000,Ahead,State,True,44.662921348314605,408
9179,5,68,,MON,,6.812,,JCT. RTE. 218 NORTHWEST,-121.82795246687805,36.58089867716506,21800.0,2400,23000,Back,State,True,44.50130829613668,410
9173,5,68,,MON,,21.074,,"SALINAS, JOHN/MAIN STREETS",-121.65481497709386,36.67107890268304,21600.0,1850,22400,Back,State,True,44.247344928428504,411
9043,5,246,,SB,,29.233,,"SOLVANG, FIFTH STREET",-120.14532815944348,34.596019430132905,21500.0,2050,22000,Ahead,State,True,44.10112359550562,412
8300,5,101,,MON,R,40.71,,"KING CITY, CANAL STREET",-121.12929807450006,36.20338660070869,21300.0,2700,24500,Back,US,True,43.88179159612129,413
8556,5,101,,SLO,,65.557,,"SAN MIGUEL, 10TH STREET",-120.70034211755382,35.74774525189488,21300.0,2500,23500,Back,US,True,43.88179159612129,413
8298,5,101,,MON,R,39.766,,"KING CITY, FIRST STREET",-121.1125928705259,36.201411472585924,21300.0,2700,24500,Ahead,US,True,43.88179159612129,413
8554,5,101,,SLO,,65.082,,SOUTH SAN MIGUEL,-120.69952788907186,35.74092027170943,21300.0,2500,23500,Ahead,US,True,43.88179159612129,413
8298,5,101,,MON,R,39.766,,"KING CITY, FIRST STREET",-121.1125928705259,36.201411472585924,21200.0,2550,24500,Back,US,True,43.78174542096352,417
8296,5,101,,MON,R,37.309,,WILD HORSE ROAD,-121.07211129386862,36.187562502274886,21200.0,2550,24500,Ahead,US,True,43.78174542096352,417
97,5,129,,SCR,,0,,MAIN ST,-121.75333423119616,36.90710649406606,21000.0,2100,25000,Back,State,True,43.55471756195167,419
8661,5,154,,SB,,32.84,,STATE STREET AND NB 101 RAMPS,-119.75411246765708,34.44035280937461,21000.0,3800,26000,Back,State,True,43.55471756195167,419
9043,5,246,,SB,,29.233,,"SOLVANG, FIFTH STREET",-120.14532815944348,34.596019430132905,21000.0,2000,21500,Back,State,True,43.55471756195167,419
9153,5,68,,MON,R,3.948,,JCT. RTE. 1,-121.86853140743742,36.59512547873116,21000.0,2700,22000,Back,State,True,43.55471756195167,419
8659,5,154,,SB,,32.285,,JCT. RTE. 101,-119.76001203470791,34.441242975325125,21000.0,3800,26000,Ahead,State,True,43.55471756195167,419
8699,5,166,,SB,,7.87,,"SANTA MARIA, JCT. RTE. 135",-120.43588183310395,34.95306945753598,21000.0,2000,21500,Ahead,State,True,43.55471756195167,419
9163,5,68,,MON,,1.99,,PRESIDIO BOULEVARD,-121.92633756118592,36.60117286543695,21000.0,2700,22000,Ahead,State,True,43.55471756195167,419
8296,5,101,,MON,R,37.309,,WILD HORSE ROAD,-121.07211129386862,36.187562502274886,20800.0,2500,25000,Back,US,True,43.31614591349854,426
8294,5,101,,MON,R,32.015,,"SAN LUCAS, JCT. RTE. 198",-121.02326720141676,36.122146541496676,20800.0,2500,25000,Ahead,US,True,43.31614591349854,426
8604,5,135,,SB,,16.77,,"SANTA MARIA, DONOVAN ROAD",-120.43557243355717,34.967720104482815,20600.0,1800,21800,Back,State,True,43.13529321225181,428
8839,5,1,,SB,R,34.777,,"ORCUTT, JCT. RTE. 135 NORTH",-120.45246679128913,34.85403930252267,20600.0,2500,23100,Back,State,True,43.13529321225181,428
8837,5,1,,SB,R,31.042,,JCT. RTE. 135,-120.44284868045904,34.801162630673545,20600.0,2500,23100,Ahead,State,True,43.13529321225181,428
8949,5,1,,SLO,,29.618,,"MORRO BAY, NORTH MORRO BAY",-120.85144752218808,35.373611402010624,20400.0,2250,23000,Back,State,True,42.904417423426196,431
8947,5,1,,SLO,,28.82,,"MORRO BAY, SOUTH MORRO BAY",-120.8393877176522,35.36728562830716,20400.0,2250,23000,Ahead,State,True,42.904417423426196,431
8474,5,101,,SLO,R,67.712,,SOUTH CAMP ROBERTS,-120.71183042917728,35.775018786032845,20200.0,2650,24000,Back,US,True,42.7389564414345,433
8558,5,101,,SLO,,67.228,,NORTH SAN MIGUEL,-120.70520091088949,35.770431176697976,20200.0,2500,24000,Ahead,US,True,42.7389564414345,433
8819,5,1,,MON,,72.92,,N/O CARMEL VALLEY RD,-121.90842181628098,36.543451729539164,20100.0,1800,22300,Back,State,True,42.67738956441435,435
8819,5,1,,MON,,72.92,,N/O CARMEL VALLEY RD,-121.90842181628098,36.543451729539164,20100.0,2050,20900,Ahead,State,True,42.67738956441435,435
8280,5,101,,MON,R,0.836,,CAMP ROBERTS,-120.74264472302247,35.799291866221,20000.0,2700,24000,Back,US,True,42.5465599507465,437
8288,5,101,,MON,R,2.153,,EAST GARRISON,-120.75462614505823,35.81557717813273,20000.0,2700,24000,Back,US,True,42.5465599507465,437
8476,5,101,,SLO,R,69.322,,SAN LUIS OBISPO/MONTEREY COUNTY LINE,-120.73133967400516,35.79105147309794,20000.0,2700,24000,Back,US,True,42.5465599507465,437
8558,5,101,,SLO,,67.228,,NORTH SAN MIGUEL,-120.70520091088949,35.770431176697976,20000.0,2400,23000,Back,US,True,42.5465599507465,437
8280,5,101,,MON,R,0.836,,CAMP ROBERTS,-120.74264472302247,35.799291866221,20000.0,2700,24000,Ahead,US,True,42.5465599507465,437
8282,5,101,,MON,R,0,,SAN LUIS OBISPO/MONTEREY COUNTY LINE,-120.73133967400516,35.79105147309794,20000.0,2700,24000,Ahead,US,True,42.5465599507465,437
8474,5,101,,SLO,R,67.712,,SOUTH CAMP ROBERTS,-120.71183042917728,35.775018786032845,20000.0,2700,24000,Ahead,US,True,42.5465599507465,437
8556,5,101,,SLO,,65.557,,"SAN MIGUEL, 10TH STREET",-120.70034211755382,35.74774525189488,20000.0,2400,23000,Ahead,US,True,42.5465599507465,437
8679,5,156,,SBT,,7.246,,UNION/MITCHELL ROADS,-121.45783752198925,36.84241004556787,20000.0,2100,21500,Ahead,State,True,42.5465599507465,437
8309,5,101,,MON,R,7.937,,NORTH BRADLEY,-120.8177544638272,35.86469175430396,19900.0,2700,24000,Back,US,True,42.40803447745113,446
8315,5,101,,MON,R,9.667,,JOLON ROAD,-120.83540997667583,35.87392090144171,19900.0,2700,24000,Back,US,True,42.40803447745113,446
8309,5,101,,MON,R,7.937,,NORTH BRADLEY,-120.8177544638272,35.86469175430396,19900.0,2700,24000,Ahead,US,True,42.40803447745113,446
8288,5,101,,MON,R,2.153,,EAST GARRISON,-120.75462614505823,35.81557717813273,19800.0,2650,24000,Ahead,US,True,42.28105279359705,449
8983,5,217,,SB,,2.989,,END AT RTE 101,-119.80883056200511,34.441807620727715,19700.0,2300,21000,Back,State,True,42.119439741419114,450
8941,5,1,,SLO,,20.89,,"KANSAS AVE, LT",-120.71658383845204,35.321111709465114,19700.0,1950,21600,Ahead,State,True,42.119439741419114,450
8392,5,101,,SB,R,56.463,,SANTA ROSA ROAD,-120.19176926929008,34.60272850239756,19600.0,1900,21600,Back,US,True,41.98091426812375,452
8568,5,129,,SCR,,0.54,,"WATSONVILLE, BLACKBURN STREET",-121.74612922698455,36.91227024084045,19600.0,1950,24000,Back,State,True,41.98091426812375,452
8388,5,101,,SB,R,48.847,,"LAS CRUCES, JCT. RTE. 1 NORTHWEST",-120.22586915667682,34.50918419182042,19600.0,1900,21600,Ahead,US,True,41.98091426812375,452
8981,5,217,,SB,,2.756,,JCT. RTE. 101,-119.81289466970784,34.44101923344073,19600.0,2400,22000,Ahead,State,True,41.98091426812375,452
8566,5,129,,SCR,L,0,,JCT. RTE. 1,-121.77421000491232,36.894313149583134,19500.0,1850,23000,Ahead,State,True,41.88471602277974,456
8833,5,1,,SB,R,23.296,,LOMPOC/CASMALIA ROAD,-120.45590664712452,34.67835304392166,19500.0,2100,21300,Ahead,State,True,41.88471602277974,456
8396,5,101,,SB,R,57.552,,NORTH BUELLTON,-120.18920956031216,34.61840506640159,19300.0,1850,21200,Back,US,True,41.65384023395413,458
8699,5,166,,SB,,7.87,,"SANTA MARIA, JCT. RTE. 135",-120.43588183310395,34.95306945753598,19300.0,2150,20400,Back,State,True,41.65384023395413,458
8394,5,101,,SB,R,57.117,,"BUELLTON, JCT. RTE. 246",-120.19005633475689,34.61212734447675,19300.0,1850,21200,Ahead,US,True,41.65384023395413,458
8394,5,101,,SB,R,57.117,,"BUELLTON, JCT. RTE. 246",-120.19005633475689,34.61212734447675,19000.0,1800,20900,Back,US,True,41.2998306910882,461
9041,5,246,,SB,,26.286,,"BUELLTON, JCT. RTE. 101",-120.19018884075284,34.612164714541166,19000.0,1800,20000,Back,State,True,41.2998306910882,461
9045,5,246,,SB,,30.28,,ALAMO PINTADO ROAD (TO BALLARD),-120.12860531974367,34.59866781588784,19000.0,1850,19500,Back,State,True,41.2998306910882,461
9163,5,68,,MON,,1.99,,PRESIDIO BOULEVARD,-121.92633756118592,36.60117286543695,19000.0,2500,19800,Back,State,True,41.2998306910882,461
8392,5,101,,SB,R,56.463,,SANTA ROSA ROAD,-120.19176926929008,34.60272850239756,19000.0,1800,20900,Ahead,US,True,41.2998306910882,461
9159,5,68,,MON,,1.12,,"PACIFIC GROVE, FOREST AVENUE",-121.92252231017305,36.61010088806087,19000.0,2400,20000,Ahead,State,True,41.2998306910882,461
9161,5,68,,MON,,1.5,,PRESCOTT LANE,-121.92066744182493,36.605000295535056,19000.0,2500,19800,Ahead,State,True,41.2998306910882,461
8294,5,101,,MON,R,32.015,,"SAN LUCAS, JCT. RTE. 198",-121.02326720141676,36.122146541496676,18800.0,2500,22700,Back,US,True,40.97660458673234,468
9201,5,9,,SCR,,8.11,,"BEN LOMOND, GLEN ARBOR ROAD",-122.084528793238,37.07426870845428,18800.0,1950,19800,Back,State,True,40.97660458673234,468
8292,5,101,,MON,R,29.883,,LOCKWOOD SAN LUCAS ROAD,-121.02137180287966,36.09384699589066,18800.0,2550,22500,Ahead,US,True,40.97660458673234,468
8943,5,1,,SLO,,22.653,,"ENTRANCE, CUESTA COLLEGE",-120.74263943284375,35.33329312082707,18700.0,1850,20500,Back,State,True,40.84192704325073,471
8649,5,154,,SB,R,32.268,,"SANTA BARBARA, JCT. RTE. 101",-119.76000565756769,34.441487651393494,18500.0,2750,23000,Ahead,State,True,40.61105125442512,472
8895,5,1,,SCR,,19.69,,"SANTA CRUZ, SWIFT STREET",-122.04938989552903,36.96058714106134,18500.0,2200,21000,Ahead,State,True,40.61105125442512,472
8284,5,101,,MON,R,15.465,,SAN BERNARDO,-120.87593380110093,35.94706768533493,18300.0,2550,22300,Back,US,True,40.384023395413266,474
8292,5,101,,MON,R,29.883,,LOCKWOOD SAN LUCAS ROAD,-121.02137180287966,36.09384699589066,18300.0,2550,22500,Back,US,True,40.384023395413266,474
8290,5,101,,MON,R,21.989,,SAN ARDO,-120.92193936907023,36.012817595660664,18300.0,2550,22500,Ahead,US,True,40.384023395413266,474
8315,5,101,,MON,R,9.667,,JOLON ROAD,-120.83540997667583,35.87392090144171,18300.0,2550,22300,Ahead,US,True,40.384023395413266,474
8290,5,101,,MON,R,21.989,,SAN ARDO,-120.92193936907023,36.012817595660664,18200.0,2600,22300,Back,US,True,40.25319378174542,478
9127,5,46,,SLO,,55.106,,JCT. RTE. 41 NORTHEAST,-120.28443781481153,35.73447268081103,18200.0,2000,21000,Back,State,True,40.25319378174542,478
8286,5,101,,MON,R,17.856,,LOS LOBOS,-120.89936847531125,35.97556394364182,18200.0,2600,22000,Ahead,US,True,40.25319378174542,478
9125,5,46,,SLO,,54.038,,CHOLAME,-120.296264483175,35.724007344635275,18200.0,2000,21000,Ahead,State,True,40.25319378174542,478
9125,5,46,,SLO,,54.038,,CHOLAME,-120.296264483175,35.724007344635275,18100.0,2000,21000,Back,State,True,40.168539325842694,482
9123,5,46,,SLO,,45.48,,MC MILLAN CANYON ROAD,-120.4140768061253,35.66140713900095,18100.0,2000,21000,Ahead,State,True,40.168539325842694,482
8286,5,101,,MON,R,17.856,,LOS LOBOS,-120.89936847531125,35.97556394364182,18000.0,2500,21600,Back,US,True,40.01847006310605,484
8945,5,1,,SLO,,27.883,,BAYWOOD PARK ROAD,-120.82312043159926,35.36425513988662,18000.0,1750,19700,Back,State,True,40.01847006310605,484
8953,5,1,,SLO,,31.13,,"MORRO BAY, SAN JACINTO STREET",-120.86045161655517,35.39375837004903,18000.0,1950,20700,Back,State,True,40.01847006310605,484
9065,5,25,,SBT,,54.048,,JCT. RTE. 156,-121.42734730167102,36.895588823045,18000.0,1600,20000,Back,State,True,40.01847006310605,484
9123,5,46,,SLO,,45.48,,MC MILLAN CANYON ROAD,-120.4140768061253,35.66140713900095,18000.0,2000,21000,Back,State,True,40.01847006310605,484
9161,5,68,,MON,,1.5,,PRESCOTT LANE,-121.92066744182493,36.605000295535056,18000.0,2400,18800,Back,State,True,40.01847006310605,484
8284,5,101,,MON,R,15.465,,SAN BERNARDO,-120.87593380110093,35.94706768533493,18000.0,2500,21600,Ahead,US,True,40.01847006310605,484
8943,5,1,,SLO,,22.653,,"ENTRANCE, CUESTA COLLEGE",-120.74263943284375,35.33329312082707,18000.0,1750,19700,Ahead,State,True,40.01847006310605,484
8951,5,1,,SLO,,30.135,,JCT. RTE. 41 NORTHEAST,-120.8554516889052,35.379983360202914,18000.0,1950,20700,Ahead,State,True,40.01847006310605,484
9199,5,9,,SCR,,6.46,,"FELTON, GRAHAM HILL ROAD",-122.07329707010405,37.05311670713657,18000.0,1850,18200,Ahead,State,True,40.01847006310605,484
8723,5,183,,MON,R,1.821,,"SALINAS, WEST CITY LIMITS",-121.67308128055528,36.68418193801806,17700.0,1600,20700,Back,State,True,39.59134985377867,494
8584,5,135,,SB,R,10.412,,EAST CLARK AVENUE,-120.43654977992504,34.86488455388265,17500.0,2100,19200,Back,State,True,39.310450977374174,495
8659,5,154,,SB,,32.285,,JCT. RTE. 101,-119.76001203470791,34.441242975325125,17500.0,2500,21000,Back,State,True,39.310450977374174,495
8801,5,1,,MON,T,92.213,,"CASTROVILLE, JCT. RTE. 183",-121.76543327324534,36.77082735404064,17500.0,2250,18700,Back,State,True,39.310450977374174,495
8797,5,1,,MON,R,90.979,,"CASTROVILLE, JCT. RTE. 156 WEST",-121.76564339458018,36.753039748899624,17500.0,2250,18700,Ahead,State,True,39.310450977374174,495
8831,5,1,,SB,M,29.891,,VANDENBERG AIR FORCE BASE,-120.520528980992,34.75087876573776,17400.0,2050,18800,Back,State,True,39.19116515314761,499
8637,5,152,,SCR,,0.383,,ON EAST LAKE ST AT LINCOLN ST,-121.75373601887664,36.915020917990006,17300.0,1600,19000,Back,State,True,39.0757272587348,500
8835,5,1,,SB,R,26.69,,PINE CANYON ROAD,-120.48902601888707,34.713187164462234,17300.0,2050,18700,Ahead,State,True,39.0757272587348,500
8831,5,1,,SB,M,29.891,,VANDENBERG AIR FORCE BASE,-120.520528980992,34.75087876573776,17200.0,2100,18500,Ahead,State,True,38.956441434508235,502
8837,5,1,,SB,R,31.042,,JCT. RTE. 135,-120.44284868045904,34.801162630673545,17100.0,2100,18400,Back,State,True,38.85639525935047,503
8578,5,135,,SB,L,8.878,,SOUTH JCT. RTE. 1,-120.45233882358195,34.84896544666365,17100.0,2100,18400,Ahead,State,True,38.85639525935047,503
8626,5,152,,SCR,R,1.995,,HOLOHAN/COLLEGE ROADS,-121.7433285000159,36.936004358606816,17000.0,2200,18400,Back,State,True,38.71017392642758,505
8649,5,154,,SB,R,32.268,,"SANTA BARBARA, JCT. RTE. 101",-119.76000565756769,34.441487651393494,17000.0,2850,21600,Back,State,True,38.71017392642758,505
8835,5,1,,SB,R,26.69,,PINE CANYON ROAD,-120.48902601888707,34.713187164462234,17000.0,1950,18400,Back,State,True,38.71017392642758,505
9063,5,25,,SBT,,52.194,,BRIGGS RD E,-121.40918597802867,36.872647269913465,17000.0,1500,18500,Back,State,True,38.71017392642758,505
9177,5,68,,MON,,22.023,,"SALINAS, JCT. RTE. 101",-121.63915240634748,36.67086393721537,17000.0,2050,19000,Back,State,True,38.71017392642758,505
8637,5,152,,SCR,,0.383,,ON EAST LAKE ST AT LINCOLN ST,-121.75373601887664,36.915020917990006,17000.0,1900,19200,Ahead,State,True,38.71017392642758,505
8647,5,154,,SB,R,31.551,,JCT. RTE. 192 EAST,-119.76233572302303,34.4513435458641,17000.0,2100,18500,Ahead,State,True,38.71017392642758,505
9045,5,246,,SB,,30.28,,ALAMO PINTADO ROAD (TO BALLARD),-120.12860531974367,34.59866781588784,17000.0,1650,17500,Ahead,State,True,38.71017392642758,505
8639,5,152,,SCR,,0.714,,BECK AVENUE,-121.74925714643079,36.91828742079171,16500.0,1850,18500,Back,State,True,38.07911343697091,513
8669,5,156,,SBT,R,11.369,,"HOLLISTER, JCT RTE 25",-121.4274029828456,36.89564587846516,16500.0,1800,17800,Back,State,True,38.07911343697091,513
8817,5,1,,MON,,72.921,,"CARMEL VALLEY ROAD, CARMEL, SOUTH",-121.908428500645,36.5434655943369,16500.0,1750,17800,Back,State,True,38.07911343697091,513
8639,5,152,,SCR,,0.714,,BECK AVENUE,-121.74925714643079,36.91828742079171,16500.0,1850,18500,Ahead,State,True,38.07911343697091,513
8725,5,183,,MON,R,7.651,,ESPINOSA ROAD,-121.74028711168772,36.745025249160214,16500.0,1500,19000,Ahead,State,True,38.07911343697091,513
8815,5,1,,MON,,72.614,,RIO ROAD,-121.91024286485525,36.53941570974081,16500.0,1750,17800,Ahead,State,True,38.07911343697091,513
9063,5,25,,SBT,,52.194,,BRIGGS RD E,-121.40918597802867,36.872647269913465,16400.0,1400,18000,Ahead,State,True,37.944435893489306,519
8725,5,183,,MON,R,7.651,,ESPINOSA ROAD,-121.74028711168772,36.745025249160214,16000.0,1450,18800,Back,State,True,37.46729259658304,520
8991,5,218,,MON,,0.1,,DEL REY OAKS,-121.84956155422526,36.5978342186023,16000.0,1500,19800,Back,State,True,37.46729259658304,520
9097,5,41,,SLO,,15.96,,EL CAMINO REAL,-120.66482027253076,35.48626758793496,16000.0,1900,18000,Back,State,True,37.46729259658304,520
8953,5,1,,SLO,,31.13,,"MORRO BAY, SAN JACINTO STREET",-120.86045161655517,35.39375837004903,16000.0,1750,18400,Ahead,State,True,37.46729259658304,520
8985,5,218,,MON,L,0.92,,FREMONT BOULEVARD,-121.85080037771444,36.59891764393162,16000.0,1500,19800,Ahead,State,True,37.46729259658304,520
8991,5,218,,MON,,0.1,,DEL REY OAKS,-121.84956155422526,36.5978342186023,16000.0,1500,19800,Ahead,State,True,37.46729259658304,520
9095,5,41,,SLO,,15.894,,"ATASCADERO, JCT. RTE. 101",-120.66509553609676,35.4853258938949,16000.0,1900,18000,Ahead,State,True,37.46729259658304,520
9175,5,68,,MON,,21.565,,"SALINAS, ABBOTT STREET",-121.64685903340701,36.669449789438524,16000.0,1700,17600,Ahead,State,True,37.46729259658304,520
8955,5,1,,SLO,,31.97,,"ATASCADERO BEACH, YERBA BUENA STREET",-120.86775263719592,35.40431332329304,15600.0,1700,18000,Back,State,True,36.836232107126364,528
8306,5,101,,MON,R,41.921,L,"JOLON ROAD, NORTH JCT. END LEFT ALIGN",-121.1475242825571,36.197392746660455,15500.0,2100,17500,Back,US,True,36.68616284438972,529
8675,5,156,,SBT,R,18.43,,SAN BENITO/SANTA CLARA COUNTY LINE,-121.3836097399439,36.95968088744791,15500.0,1800,18000,Back,State,True,36.68616284438972,529
8304,5,101,,MON,R,41.166,L,BROADWAY UC,-121.13738421191935,36.2040567672387,15500.0,2100,17500,Ahead,US,True,36.68616284438972,529
8693,5,166,,SB,,6.87,,"SANTA MARIA, BLOSSER ROAD",-120.45371597415019,34.95325815521452,15500.0,1400,15800,Ahead,State,True,36.68616284438972,529
110,5,152,,SCR,T,0.38,,"WATSONVILLE, ON EAST LAKE STREET AT LINCOLN STREET",-121.78932511896838,36.919509459418485,15200.0,1000,16100,Back,State,True,36.266738494689854,533
8691,5,166,,SB,,4.817,,BLACK ROAD,-120.48963204753056,34.955357084435974,15200.0,1400,15400,Back,State,True,36.266738494689854,533
110,5,152,,SCR,T,0.38,,"WATSONVILLE, ON EAST LAKE STREET AT LINCOLN STREET",-121.78932511896838,36.919509459418485,15200.0,1750,20800,Ahead,State,True,36.266738494689854,533
8955,5,1,,SLO,,31.97,,"ATASCADERO BEACH, YERBA BUENA STREET",-120.86775263719592,35.40431332329304,15200.0,1700,17500,Ahead,State,True,36.266738494689854,533
9003,5,227,,SLO,R,9.367,,CRESTMONT DRIVE,-120.62777270547302,35.22747218268345,15100.0,1900,16000,Ahead,State,True,36.15899645990457,537
8993,5,218,,MON,,1.956,,"DEL REY OAKS, JCT. RTE. 68",-121.82797086796832,36.580908316721164,15000.0,1400,18000,Back,State,True,36.02816684623672,538
9191,5,9,,SCR,,13.24,,BEAR CREEK ROAD,-122.12300523495975,37.12849845222695,15000.0,1750,15300,Back,State,True,36.02816684623672,538
8626,5,152,,SCR,R,1.995,,HOLOHAN/COLLEGE ROADS,-121.7433285000159,36.936004358606816,15000.0,1450,16500,Ahead,State,True,36.02816684623672,538
8673,5,156,,SBT,R,16.536,,FAIRVIEW ROAD,-121.38818057472204,36.93309463850201,15000.0,1800,17500,Ahead,State,True,36.02816684623672,538
8689,5,166,,SB,,3.745,,BONITA SCHOOL ROAD,-120.5084646309808,34.9569667032102,15000.0,1400,15200,Ahead,State,True,36.02816684623672,538
8691,5,166,,SB,,4.817,,BLACK ROAD,-120.48963204753056,34.955357084435974,15000.0,1400,15300,Ahead,State,True,36.02816684623672,538
9189,5,9,,SCR,,13.037,,"BOULDER CREEK, SOUTH JCT. RTE. 236",-122.12231950958086,37.12541422556673,15000.0,1750,15300,Ahead,State,True,36.02816684623672,538
8307,5,101,,MON,R,41.954,R,"JOLON ROAD, NORTH JCT.",-121.14795628507215,36.19782456750647,14900.0,1950,17000,Back,US,True,35.801138987224874,545
9003,5,227,,SLO,R,9.367,,CRESTMONT DRIVE,-120.62777270547302,35.22747218268345,14900.0,1900,15700,Back,State,True,35.801138987224874,545
8305,5,101,,MON,R,41.178,R,"KING CITY, BROADWAY",-121.13751460956937,36.20450991376711,14900.0,1950,17000,Ahead,US,True,35.801138987224874,545
8997,5,227,,SLO,R,10.264,,END OF ROUTE,-120.63377801411426,35.23650033666011,14800.0,1750,15600,Back,State,True,35.597198707095586,548
8995,5,227,,SLO,R,10.239,,WOODS ANIMAL SHELTER,-120.63347670748986,35.236246369534264,14800.0,1750,15600,Ahead,State,True,35.597198707095586,548
9203,5,9,,SCR,,9.711,,"BEN LOMOND, SAN LORENZO RIVER BRIDGE",-122.09350531202084,37.08982813062764,14600.0,1800,15200,Back,State,True,35.34708326920117,550
8693,5,166,,SB,,6.87,,"SANTA MARIA, BLOSSER ROAD",-120.45371597415019,34.95325815521452,14500.0,1400,14800,Back,State,True,35.21240572571956,551
8979,5,217,,SB,,2.232,,HOLLISTER AVENUE,-119.81797458245244,34.43518497424039,14500.0,1650,16300,Back,State,True,35.21240572571956,551
8977,5,217,,SB,,0.93,,"SANTA BARBARA, SANDSPIT ROAD",-119.83115584648395,34.41972437225656,14500.0,1650,16300,Ahead,State,True,35.21240572571956,551
8995,5,227,,SLO,R,10.239,,WOODS ANIMAL SHELTER,-120.63347670748986,35.236246369534264,14100.0,1650,14900,Back,State,True,34.71987070955826,554
8673,5,156,,SBT,R,16.536,,FAIRVIEW ROAD,-121.38818057472204,36.93309463850201,14000.0,1950,16500,Back,State,True,34.54286593812529,555
8985,5,218,,MON,L,0.92,,FREMONT BOULEVARD,-121.85080037771444,36.59891764393162,14000.0,1300,16000,Back,State,True,34.54286593812529,555
9095,5,41,,SLO,,15.894,,"ATASCADERO, JCT. RTE. 101",-120.66509553609676,35.4853258938949,14000.0,1550,16000,Back,State,True,34.54286593812529,555
9187,5,9,,SCR,,11.3,,"BROOKDALE, ALAMEDA AVENUE",-122.10772958747086,37.10761400390453,14000.0,1800,15000,Back,State,True,34.54286593812529,555
8671,5,156,,SBT,R,13.215,,SAN FELIPE RD,-121.40391968911715,36.9078668991896,14000.0,1950,16500,Ahead,State,True,34.54286593812529,555
8987,5,218,,MON,R,0.22,,EAST OF DEL MONTE EASTBOUND,-121.85594639388752,36.60755182668221,14000.0,1400,16000,Ahead,State,True,34.54286593812529,555
9001,5,227,,SLO,R,8.249,,BIDDLE RANCH ROAD,-120.61625236711302,35.214908967692985,14000.0,1700,14800,Ahead,State,True,34.54286593812529,555
9203,5,9,,SCR,,9.711,,"BEN LOMOND, SAN LORENZO RIVER BRIDGE",-122.09350531202084,37.08982813062764,14000.0,1800,15000,Ahead,State,True,34.54286593812529,555
9201,5,9,,SCR,,8.11,,"BEN LOMOND, GLEN ARBOR ROAD",-122.084528793238,37.07426870845428,13800.0,1700,15100,Ahead,State,True,34.285054640603356,563
8308,5,101,,MON,R,42.394,R,END RIGHT ALIGN,-121.15425102910132,36.200799047602224,13700.0,1900,15000,Back,US,True,34.16576881637679,564
8307,5,101,,MON,R,41.954,R,"JOLON ROAD, NORTH JCT.",-121.14795628507215,36.19782456750647,13700.0,1900,15000,Ahead,US,True,34.16576881637679,564
8657,5,154,,SB,,24.4,,SAN MARCOS PASS; CAMINO CIELO,-119.82358215571344,34.51025746407893,13700.0,1650,15500,Ahead,State,True,34.16576881637679,564
8657,5,154,,SB,,24.4,,SAN MARCOS PASS; CAMINO CIELO,-119.82358215571344,34.51025746407893,13500.0,1500,15000,Back,State,True,33.87717408034477,567
9001,5,227,,SLO,R,8.249,,BIDDLE RANCH ROAD,-120.61625236711302,35.214908967692985,13500.0,1650,14500,Back,State,True,33.87717408034477,567
8655,5,154,,SB,,23.38,,STAGECOACH ROAD,-119.83082047304904,34.522463529098225,13500.0,1500,15000,Ahead,State,True,33.87717408034477,567
9019,5,227,,SLO,,7.12,,"EDNA, PRICE CANYON ROAD",-120.60891855976104,35.20070042979693,13500.0,1650,14500,Ahead,State,True,33.87717408034477,567
8645,5,154,,SB,R,0,,JCT RTE 101,-120.15834004612817,34.687984670549476,13400.0,1450,15000,Ahead,State,True,33.68092965984301,571
8845,5,1,,SB,,19.251,,"LOMPOC, SOUTH JCT. RTE. 246",-120.43595779374607,34.64124771134089,13300.0,1600,15700,Ahead,State,True,33.48853316915499,572
8655,5,154,,SB,,23.38,,STAGECOACH ROAD,-119.83082047304904,34.522463529098225,13200.0,1450,14500,Back,State,True,33.33461597660459,573
8647,5,154,,SB,R,31.551,,JCT. RTE. 192 EAST,-119.76233572302303,34.4513435458641,13000.0,1400,14500,Back,State,True,33.09219639833769,574
8899,5,1,,SCR,,20.611,,"SANTA CRUZ, NORTH CITY LIMITS",-122.06547008855941,36.96159333675047,13000.0,1900,14500,Back,State,True,33.09219639833769,574
8899,5,1,,SCR,,20.611,,"SANTA CRUZ, NORTH CITY LIMITS",-122.06547008855941,36.96159333675047,13000.0,1900,14500,Ahead,State,True,33.09219639833769,574
8731,5,183,,MON,,9.98,,"NORTH, CASTROVILLE, JCT. RTE. 1",-121.76541400258586,36.770805905423565,12900.0,1000,14000,Back,State,True,32.930583346159764,577
8568,5,129,,SCR,,0.54,,"WATSONVILLE, BLACKBURN STREET",-121.74612922698455,36.91227024084045,12600.0,1250,14000,Ahead,State,True,32.58042173310759,578
8304,5,101,,MON,R,41.166,L,BROADWAY UC,-121.13738421191935,36.2040567672387,12500.0,1650,14500,Back,US,True,32.3957211020471,579
8570,5,129,,SCR,,1.4,,LAKEVIEW ROAD,-121.7316990163489,36.91683592126793,12500.0,1250,14000,Back,State,True,32.3957211020471,579
8653,5,154,,SB,,14.77,,"ENTRANCE, LAKE CACHUMA COUNTY PARK",-119.95759409372796,34.573259389443734,12500.0,1400,13500,Back,State,True,32.3957211020471,579
9199,5,9,,SCR,,6.46,,"FELTON, GRAHAM HILL ROAD",-122.07329707010405,37.05311670713657,12500.0,1750,13800,Back,State,True,32.3957211020471,579
8302,5,101,,MON,R,41.048,L,BEGIN LEFT ALIGN,-121.13527503859915,36.204038512180624,12500.0,1650,14500,Ahead,US,True,32.3957211020471,579
8847,5,1,,SB,,20.565,,"LOMPOC, NORTH JCT. RTE. 246",-120.45788567342468,34.63899526805691,12400.0,1450,14000,Back,State,True,32.21871633061413,584
9049,5,246,,SB,,9.55,,"LOMPOC, JCT. RTE. 1",-120.45788567342468,34.63899526805691,12400.0,1300,13500,Back,State,True,32.21871633061413,584
8651,5,154,,SB,R,8.11,,JCT. RTE. 246 WEST,-120.05486521599812,34.61005485211701,12400.0,1400,13500,Ahead,State,True,32.21871633061413,584
8927,5,1,,SLO,,10.9,,HALCYON ROAD,-120.59112690184125,35.098208158224594,12300.0,1200,14100,Back,State,True,32.10327843620132,587
8653,5,154,,SB,,14.77,,"ENTRANCE, LAKE CACHUMA COUNTY PARK",-119.95759409372796,34.573259389443734,12200.0,1350,13000,Ahead,State,True,31.98399261197476,588
8671,5,156,,SBT,R,13.215,,SAN FELIPE RD,-121.40391968911715,36.9078668991896,12000.0,1650,14200,Back,State,True,31.660766507618902,589
9093,5,41,,SLO,,14.52,,"ATASCADERO, SANTA ROSA ROAD",-120.67160622164549,35.46599411780471,12000.0,1350,14000,Back,State,True,31.660766507618902,589
8669,5,156,,SBT,R,11.369,,"HOLLISTER, JCT RTE 25",-121.4274029828456,36.89564587846516,12000.0,1650,14300,Ahead,State,True,31.660766507618902,589
8723,5,183,,MON,R,1.821,,"SALINAS, WEST CITY LIMITS",-121.67308128055528,36.68418193801806,12000.0,1200,14000,Ahead,State,True,31.660766507618902,589
114,5,152,,SCR,T,2.929,L,"WATSONVILLE, ON EAST LAKE STREET AT MAIN STREET, LEFT ALIGN",-121.75840033413985,36.91159958455713,11900.0,1500,13100,Ahead,State,True,31.445282438048327,593
8636,5,152,,SCR,T,2.929,R,"WATSONVILLE, ON EAST LAKE STREET AT MAIN STREET, RIGHT ALIGN",-121.75689301948361,36.9102469178071,11900.0,1500,13100,Ahead,State,True,31.445282438048327,593
9093,5,41,,SLO,,14.52,,"ATASCADERO, SANTA ROSA ROAD",-120.67160622164549,35.46599411780471,11900.0,1300,13500,Ahead,State,True,31.445282438048327,593
8305,5,101,,MON,R,41.178,R,"KING CITY, BROADWAY",-121.13751460956937,36.20450991376711,11800.0,1550,13500,Back,US,True,31.25673387717408,596
8977,5,217,,SB,,0.93,,"SANTA BARBARA, SANDSPIT ROAD",-119.83115584648395,34.41972437225656,11800.0,1350,13300,Back,State,True,31.25673387717408,596
9175,5,68,,MON,,21.565,,"SALINAS, ABBOTT STREET",-121.64685903340701,36.669449789438524,11800.0,1150,13000,Back,State,True,31.25673387717408,596
8303,5,101,,MON,R,41.048,R,BEGIN RIGHT ALIGN,-121.13522584236263,36.204252948680335,11800.0,1550,13500,Ahead,US,True,31.25673387717408,596
8975,5,217,,SB,,0.464,,"ENTRANCE, UNIVERSITY OF CALIFORNIA AT SANTA BARBARA",-119.83726848493701,34.415836863910805,11800.0,1500,13400,Ahead,State,True,31.25673387717408,596
8847,5,1,,SB,,20.565,,"LOMPOC, NORTH JCT. RTE. 246",-120.45788567342468,34.63899526805691,11700.0,1000,12000,Ahead,State,True,31.06818531629983,601
8570,5,129,,SCR,,1.4,,LAKEVIEW ROAD,-121.7316990163489,36.91683592126793,11600.0,1250,13200,Ahead,State,True,30.941203632445745,602
8735,5,192,,SB,,0.18,,CIENEGITAS AVENUE,-119.75982746954458,34.45145681567706,11500.0,1550,12400,Back,State,True,30.77959058026782,603
8813,5,1,,MON,,71.179,,SAN JOSE CREEK BRIDGE,-121.9262705702219,36.52317127240427,11500.0,1450,12500,Back,State,True,30.77959058026782,603
8917,5,1,,SLO,R,34.905,,OLD CREEK ROAD,-120.89039429933472,35.44225401744004,11500.0,1300,13000,Back,State,True,30.77959058026782,603
8733,5,192,,SB,R,0.019,,JCT. RTE. 154,-119.76238321874874,34.45129889820703,11500.0,1550,12400,Ahead,State,True,30.77959058026782,603
8813,5,1,,MON,,71.179,,SAN JOSE CREEK BRIDGE,-121.9262705702219,36.52317127240427,11500.0,1450,12500,Ahead,State,True,30.77959058026782,603
8735,5,192,,SB,,0.18,,CIENEGITAS AVENUE,-119.75982746954458,34.45145681567706,11300.0,1400,11700,Ahead,State,True,30.537171002000925,608
8931,5,1,,SLO,,14.1,,"GROVER CITY, GRAND AVENUE",-120.6298091341198,35.121988870723406,11100.0,1050,12600,Ahead,State,True,30.29090349392027,609
8574,5,129,,SCR,,7.2,,ROGGE LANE,-121.63916515793295,36.90385420304707,11000.0,1200,12800,Back,State,True,30.125442511928586,610
8815,5,1,,MON,,72.614,,RIO ROAD,-121.91024286485525,36.53941570974081,11000.0,1400,11900,Back,State,True,30.125442511928586,610
8901,5,1,,SCR,,27.62,,BONNY DOON RD,-122.18048468042254,37.00101005911125,11000.0,1650,12000,Back,State,True,30.125442511928586,610
8959,5,1,,SLO,,46.85,,CAMBRIA AIR FORCE BASE ROAD,-121.05359806240023,35.537282589232355,11000.0,1250,12600,Back,State,True,30.125442511928586,610
8961,5,1,,SLO,,48.26,,ARDATH DRIVE/MAIN STREET,-121.07161331818075,35.55134080284497,11000.0,1250,12600,Back,State,True,30.125442511928586,610
8957,5,1,,SLO,,45.99,,JCT. RTE. 46,-121.04479349463749,35.527163677201415,11000.0,1250,12600,Ahead,State,True,30.125442511928586,610
8959,5,1,,SLO,,46.85,,CAMBRIA AIR FORCE BASE ROAD,-121.05359806240023,35.537282589232355,11000.0,1250,12600,Ahead,State,True,30.125442511928586,610
9187,5,9,,SCR,,11.3,,"BROOKDALE, ALAMEDA AVENUE",-122.10772958747086,37.10761400390453,11000.0,1350,12000,Ahead,State,True,30.125442511928586,610
9173,5,68,,MON,,21.074,,"SALINAS, JOHN/MAIN STREETS",-121.65481497709386,36.67107890268304,10800.0,1050,11900,Ahead,State,True,29.759889179621364,618
8572,5,129,,SCR,,3.35,,CARLTON ROAD,-121.69775392934686,36.92414669517052,10700.0,1200,12500,Back,State,True,29.544405110050793,619
8572,5,129,,SCR,,3.35,,CARLTON ROAD,-121.69775392934686,36.92414669517052,10700.0,1200,12500,Ahead,State,True,29.544405110050793,619
8933,5,1,,SLO,,15.268,,"PISMO BEACH, VILLA CREEK",-120.63805482850324,35.13708851264527,10500.0,1050,12400,Back,State,True,29.298137601970144,621
9189,5,9,,SCR,,13.037,,"BOULDER CREEK, SOUTH JCT. RTE. 236",-122.12231950958086,37.12541422556673,10400.0,1000,12500,Back,State,True,29.11343697090965,622
8737,5,192,,SB,,1.64,,"SANTA BARBARA, ONTARE ROAD",-119.73790263245984,34.45048455965892,10400.0,1350,10700,Ahead,State,True,29.11343697090965,622
8737,5,192,,SB,,1.64,,"SANTA BARBARA, ONTARE ROAD",-119.73790263245984,34.45048455965892,10200.0,1300,10500,Back,State,True,28.778667077112512,624
8574,5,129,,SCR,,7.2,,ROGGE LANE,-121.63916515793295,36.90385420304707,10000.0,1200,12100,Ahead,State,True,28.532399569031863,625
8913,5,1,,SLO,L,16.543,,"PISMO BEACH, SOUTH JCT. RTE. 101",-120.66153483709272,35.28743607953406,9900.0,1050,11500,Back,State,True,28.33230721871633,626
8933,5,1,,SLO,,15.268,,"PISMO BEACH, VILLA CREEK",-120.63805482850324,35.13708851264527,9900.0,1050,11500,Ahead,State,True,28.33230721871633,626
8576,5,129,,SCR,,9.998,,SAN BENITO/SANTA CLARA COUNTY LINE,-121.59744636217754,36.90047951863947,9850.0,1100,12000,Back,State,True,28.193781745420964,628
8564,5,129,,SBT,,0,,SAN BENITO/SANTA CLARA COUNTY LINE,-121.59744636217754,36.90047951863947,9850.0,1100,12000,Ahead,State,True,28.193781745420964,628
8562,5,129,,SBT,R,2.644,,JCT. RTE. 101,-121.56158481563658,36.8825271633983,9800.0,1200,12000,Back,State,True,28.101431429890717,630
9037,5,246,,SB,R,20.846,,DOMINGUS ROAD,-120.2781566730724,34.629152832021,9800.0,930,10500,Back,State,True,28.101431429890717,630
9037,5,246,,SB,R,20.846,,DOMINGUS ROAD,-120.2781566730724,34.629152832021,9800.0,930,10500,Ahead,State,True,28.101431429890717,630
9049,5,246,,SB,,9.55,,"LOMPOC, JCT. RTE. 1",-120.45788567342468,34.63899526805691,9800.0,930,10500,Ahead,State,True,28.101431429890717,630
8931,5,1,,SLO,,14.1,,"GROVER CITY, GRAND AVENUE",-120.6298091341198,35.121988870723406,9700.0,960,11200,Back,State,True,27.94751423734031,634
9159,5,68,,MON,,1.12,,"PACIFIC GROVE, FOREST AVENUE",-121.92252231017305,36.61010088806087,9500.0,1000,10000,Back,State,True,27.60889641372941,635
8901,5,1,,SCR,,27.62,,BONNY DOON RD,-122.18048468042254,37.00101005911125,9500.0,1450,10500,Ahead,State,True,27.60889641372941,635
8927,5,1,,SLO,,10.9,,HALCYON ROAD,-120.59112690184125,35.098208158224594,9500.0,930,11000,Ahead,State,True,27.60889641372941,635
8929,5,1,,SLO,,13,,"ENTRANCE, PISMO BEACH STATE PARK",-120.62330307040324,35.107104883665095,9300.0,910,10800,Ahead,State,True,27.32414960751116,638
8689,5,166,,SB,,3.745,,BONITA SCHOOL ROAD,-120.5084646309808,34.9569667032102,9000.0,800,9300,Back,State,True,26.78928736339849,639
8687,5,166,,SB,,0,,"GUADALUPE, JCT. RTE. 1",-120.5740269296222,34.957568801003085,9000.0,890,9800,Ahead,State,True,26.78928736339849,639
8641,5,152,,SCR,,3.69,,CARLTON/CASSERLY ROAD,-121.72743273919819,36.95613563422688,8900.0,1000,10000,Back,State,True,26.646913960289364,641
9103,5,41,,SLO,,50.434,,SAN LUIS OBISPO/ KERN COUNTY LINE,-120.19406121024474,35.77876485697574,8600.0,1150,10400,Back,State,True,26.069724488225333,642
9129,5,46,,SLO,,60.849,,SAN LUIS OBISPO/KERN COUNTY LINE,-120.19379565477203,35.726470736335244,8600.0,1050,10700,Back,State,True,26.069724488225333,642
9089,5,41,,SLO,R,42.172,,JCT. RTE. 46,-120.41412570322284,35.661552843003,8600.0,1150,10400,Ahead,State,True,26.069724488225333,642
9091,5,41,,SLO,,0,,"MORRO BAY, JCT. RTE. 1",-120.8555523163867,35.38007717847299,8500.0,990,9800,Ahead,State,True,25.892719716792367,645
9127,5,46,,SLO,,55.106,,JCT. RTE. 41 NORTHEAST,-120.28443781481153,35.73447268081103,8500.0,1000,10500,Ahead,State,True,25.892719716792367,645
9191,5,9,,SCR,,13.24,,BEAR CREEK ROAD,-122.12300523495975,37.12849845222695,8400.0,1350,8500,Ahead,State,True,25.73880252424196,647
8969,5,1,,SLO,,6.35,,"ENTRANCE, UNION OIL COKING PLANT",-120.59077131271918,35.04726392199101,8100.0,810,8700,Ahead,State,True,25.20009235031553,648
8845,5,1,,SB,,19.251,,"LOMPOC, SOUTH JCT. RTE. 246",-120.43595779374607,34.64124771134089,8000.0,900,8400,Back,State,True,24.930737263352317,649
8903,5,1,,SCR,,30.12,,"DAVENPORT, NORTH (SWANTON ROAD)",-122.21228030735881,37.02514198376472,8000.0,1200,9400,Back,State,True,24.930737263352317,649
9039,5,246,,SB,R,34.601,,"SANTA YNEZ, JCT. RTE. 154",-120.05486521599812,34.61005485211701,8000.0,770,8800,Back,State,True,24.930737263352317,649
8919,5,1,,SLO,R,35.959,,C STREET,-120.90309476256827,35.45315582759709,7900.0,870,9000,Back,State,True,24.672925965830384,652
8843,5,1,,SB,,15.01,,JALAMA ROAD,-120.40833135853617,34.589439093293265,7900.0,870,8200,Ahead,State,True,24.672925965830384,652
8917,5,1,,SLO,R,34.905,,OLD CREEK ROAD,-120.89039429933472,35.44225401744004,7900.0,870,9000,Ahead,State,True,24.672925965830384,652
8969,5,1,,SLO,,6.35,,"ENTRANCE, UNION OIL COKING PLANT",-120.59077131271918,35.04726392199101,7800.0,820,8500,Back,State,True,24.43820224719101,655
8651,5,154,,SB,R,8.11,,JCT. RTE. 246 WEST,-120.05486521599812,34.61005485211701,7700.0,840,8100,Back,State,True,24.22271817762044,656
1,5,1,,SB,R,0.001,,"LAS CRUCES, JCT. RTE. 101; MOBIL OIL PIER",-120.22590514767869,34.509217363609245,7700.0,860,8000,Ahead,State,True,24.22271817762044,656
8903,5,1,,SCR,,30.12,,"DAVENPORT, NORTH (SWANTON ROAD)",-122.21228030735881,37.02514198376472,7700.0,1150,9300,Ahead,State,True,24.22271817762044,656
8757,5,192,,SB,,8.82,,SAN YSIDRO ROAD,-119.63208113510967,34.43697783436384,7600.0,1350,7800,Back,State,True,23.972602739726025,659
8843,5,1,,SB,,15.01,,JALAMA ROAD,-120.40833135853617,34.589439093293265,7600.0,840,7900,Back,State,True,23.972602739726025,659
8905,5,1,,SCR,,30.44,,LANDING/SWANTON ROADS,-122.21621354669436,37.02845426988736,7600.0,1150,9200,Back,State,True,23.972602739726025,659
8915,5,1,,SLO,L,16.77,,"SAN LUIS OBISPO, NORTH JCT. RTE. 101",-120.66352673894585,35.2867146712285,7600.0,700,8500,Back,State,True,23.972602739726025,659
9119,5,46,,SLO,R,21.969,,SOUTH JCT. RTE. 101,-120.69556505563759,35.58936445843278,7600.0,1000,9200,Back,State,True,23.972602739726025,659
8913,5,1,,SLO,L,16.543,,"PISMO BEACH, SOUTH JCT. RTE. 101",-120.66153483709272,35.28743607953406,7600.0,700,8500,Ahead,State,True,23.972602739726025,659
8905,5,1,,SCR,,30.44,,LANDING/SWANTON ROADS,-122.21621354669436,37.02845426988736,7500.0,1100,9200,Ahead,State,True,23.691703863321536,665
9061,5,25,,SBT,,49.014,,VALLEY VIEW ROAD,-121.38239519522192,36.826831409975924,7500.0,850,8500,Ahead,State,True,23.691703863321536,665
9105,5,41,,SLO,,7.234,,CERRO ALTO ROAD,-120.75163503453817,35.42933672016011,7500.0,850,8600,Ahead,State,True,23.691703863321536,665
8957,5,1,,SLO,,45.99,,JCT. RTE. 46,-121.04479349463749,35.527163677201415,7400.0,820,8500,Back,State,True,23.445436355240883,668
9105,5,41,,SLO,,7.234,,CERRO ALTO ROAD,-120.75163503453817,35.42933672016011,7400.0,830,8400,Back,State,True,23.445436355240883,668
8641,5,152,,SCR,,3.69,,CARLTON/CASSERLY ROAD,-121.72743273919819,36.95613563422688,7200.0,800,8400,Ahead,State,True,22.937509619824535,670
8929,5,1,,SLO,,13,,"ENTRANCE, PISMO BEACH STATE PARK",-120.62330307040324,35.107104883665095,7100.0,700,8200,Back,State,True,22.741265199322765,671
8961,5,1,,SLO,,48.26,,ARDATH DRIVE/MAIN STREET,-121.07161331818075,35.55134080284497,7000.0,800,8100,Ahead,State,True,22.506541480683392,672
9097,5,41,,SLO,,15.96,,EL CAMINO REAL,-120.66482027253076,35.48626758793496,7000.0,770,8000,Ahead,State,True,22.506541480683392,672
8643,5,152,,SCR,,8.29,,SANTA CRUZ/SANTA CLARA COUNTY LINE,-121.71767407077222,36.99572792703515,6900.0,770,8000,Back,State,True,22.24103432353394,674
9019,5,227,,SLO,,7.12,,"EDNA, PRICE CANYON ROAD",-120.60891855976104,35.20070042979693,6900.0,870,7400,Back,State,True,22.24103432353394,674
8999,5,227,,SLO,R,6.7,,CORBETT CYN RD - RT,-120.60294615551034,35.19683743834005,6900.0,820,7400,Ahead,State,True,22.24103432353394,674
8811,5,1,,MON,,68.335,,"CARMEL HIGHLANDS, YANKEE POINT DRIVE NORTH",-121.93775309310169,36.48809299338371,6800.0,890,7500,Ahead,State,True,22.02555025396337,677
8855,5,1,,SB,,50.408,,GUADALUPE NORTH CITY LIMITS,-120.57107462542412,34.97445186250046,6700.0,740,7700,Back,State,True,21.825457903647838,678
8857,5,1,,SB,,50.606,,SANTA BARBARA/SAN LUIS OBISPO COUNTY LINE,-120.57086940350082,34.97748369064758,6700.0,740,7700,Back,State,True,21.825457903647838,678
8999,5,227,,SLO,R,6.7,,CORBETT CYN RD - RT,-120.60294615551034,35.19683743834005,6700.0,820,7200,Back,State,True,21.825457903647838,678
8755,5,192,,SB,,8.28,,HOT SPRINGS ROAD,-119.64152011199066,34.43595419187576,6700.0,950,7100,Ahead,State,True,21.825457903647838,678
8853,5,1,,SB,,49.199,,"GUADALUPE, JCT. RTE. 166 EAST",-120.57402752610356,34.95751932136521,6700.0,740,7700,Ahead,State,True,21.825457903647838,678
8855,5,1,,SB,,50.408,,GUADALUPE NORTH CITY LIMITS,-120.57107462542412,34.97445186250046,6700.0,740,7700,Ahead,State,True,21.825457903647838,678
8921,5,1,,SLO,,0,,SANTA BARBARA/SAN LUIS OBISPO COUNTY LINE,-120.57086940350082,34.97748369064758,6700.0,740,7700,Ahead,State,True,21.825457903647838,678
8919,5,1,,SLO,R,35.959,,C STREET,-120.90309476256827,35.45315582759709,6600.0,760,7600,Ahead,State,True,21.61382176389103,685
9115,5,46,,SLO,R,17.398,,VINEYARD DRIVE,-120.76156065126644,35.55334410422283,6500.0,850,8300,Back,State,True,21.367554255810376,686
9017,5,227,,SLO,,5.857,,CORBETT CANYON LANDFILL,-120.59940342550688,35.18599252145265,6500.0,810,7000,Ahead,State,True,21.367554255810376,686
9197,5,9,,SCR,,5.64,,"FELTON, SAN LORENZO AVENUE",-122.07257075794236,37.041756898960045,6500.0,900,7200,Ahead,State,True,21.367554255810376,686
8811,5,1,,MON,,68.335,,"CARMEL HIGHLANDS, YANKEE POINT DRIVE NORTH",-121.93775309310169,36.48809299338371,6400.0,800,7000,Back,State,True,21.10589502847468,689
9113,5,46,,SLO,R,15.529,,YORK MOUNTAIN ROAD,-120.79315308647195,35.54750883744119,6400.0,800,8000,Back,State,True,21.10589502847468,689
9113,5,46,,SLO,R,15.529,,YORK MOUNTAIN ROAD,-120.79315308647195,35.54750883744119,6400.0,820,8000,Ahead,State,True,21.10589502847468,689
9111,5,46,,SLO,R,12.664,,DOVER CYN RD,-120.83903353888513,35.537038839307584,6300.0,760,7900,Back,State,True,20.794212713560103,692
9193,5,9,,SCR,,15.34,,KINGS CREEK ROAD,-122.13431553462986,37.152523178589576,6300.0,1100,6500,Back,State,True,20.794212713560103,692
9111,5,46,,SLO,R,12.664,,DOVER CYN RD,-120.83903353888513,35.537038839307584,6300.0,760,7900,Ahead,State,True,20.794212713560103,692
9109,5,46,,SLO,R,11.471,,CYPRESS MOUNTAIN DRIVE,-120.85928727058955,35.534046569351325,6200.0,740,7700,Ahead,State,True,20.49407418808681,695
8923,5,1,,SLO,,1.291,,OSO FLACO UNDERPASS,-120.57054601538844,34.99614688828015,6000.0,600,7000,Back,State,True,20.055410189318145,696
8923,5,1,,SLO,,1.291,,OSO FLACO UNDERPASS,-120.57054601538844,34.99614688828015,5900.0,580,6400,Ahead,State,True,19.797598891796213,697
9115,5,46,,SLO,R,17.398,,VINEYARD DRIVE,-120.76156065126644,35.55334410422283,5900.0,770,7500,Ahead,State,True,19.797598891796213,697
9131,5,58,,SLO,,0,,JCT. RTE. 101,-120.63029144857903,35.38320920525565,5900.0,950,6400,Ahead,State,True,19.797598891796213,697
8809,5,1,,MON,,62.972,,"BIG SUR, GARRAPATA CREEK BRIDGE",-121.91394928946303,36.41684636777558,5800.0,760,6700,Back,State,True,19.54363552408804,700
8809,5,1,,MON,,62.972,,"BIG SUR, GARRAPATA CREEK BRIDGE",-121.91394928946303,36.41684636777558,5800.0,760,6700,Ahead,State,True,19.54363552408804,700
9185,5,9,,SCR,,0.63,,"SANTA CRUZ, NORTH CITY LIMITS",-122.03308212869446,36.99173312629182,5700.0,600,6600,Back,State,True,19.270432507311067,702
9185,5,9,,SCR,,0.63,,"SANTA CRUZ, NORTH CITY LIMITS",-122.03308212869446,36.99173312629182,5700.0,600,6600,Ahead,State,True,19.270432507311067,702
8925,5,1,,SLO,,10.29,,ARROYO GRANDE ROAD,-120.58151504777709,35.09704714616056,5500.0,550,6400,Back,State,True,18.716330614129596,704
9197,5,9,,SCR,,5.64,,"FELTON, SAN LORENZO AVENUE",-122.07257075794236,37.041756898960045,5500.0,730,6200,Back,State,True,18.716330614129596,704
8757,5,192,,SB,,8.82,,SAN YSIDRO ROAD,-119.63208113510967,34.43697783436384,5300.0,800,5500,Ahead,State,True,18.15068493150685,706
8925,5,1,,SLO,,10.29,,ARROYO GRANDE ROAD,-120.58151504777709,35.09704714616056,5200.0,520,6100,Ahead,State,True,17.954440511005078,707
9193,5,9,,SCR,,15.34,,KINGS CREEK ROAD,-122.13431553462986,37.152523178589576,5200.0,900,5400,Ahead,State,True,17.954440511005078,707
8851,5,1,,SB,,41.81,,CASMALIA ROAD,-120.49739932344819,34.881360130779655,5100.0,620,5900,Back,State,True,17.723564722179468,709
9109,5,46,,SLO,R,11.471,,CYPRESS MOUNTAIN DRIVE,-120.85928727058955,35.534046569351325,5100.0,710,6300,Back,State,True,17.723564722179468,709
8622,5,150,,SB,R,0,,"CARPINTERIA, JCT. RTE. 101",-119.48463200393749,34.38378018556077,5000.0,600,5800,Ahead,State,True,17.477297214098815,711
9117,5,46,,SLO,R,2.372,,GREEN VALLEY ROAD,-121.01075841441029,35.54044781558524,4750.0,700,5900,Back,State,True,16.892411882407266,712
9133,5,58,,SLO,,1.54,,"SANTA MARGARITA, PINAL AVENUE",-120.60592492407669,35.392638931337714,4750.0,780,5500,Back,State,True,16.892411882407266,712
9117,5,46,,SLO,R,2.372,,GREEN VALLEY ROAD,-121.01075841441029,35.54044781558524,4750.0,700,5900,Ahead,State,True,16.892411882407266,712
9017,5,227,,SLO,,5.857,,CORBETT CANYON LANDFILL,-120.59940342550688,35.18599252145265,4700.0,590,5100,Back,State,True,16.715407110974294,715
9107,5,46,,SLO,R,0.146,,"JCT. RTE. 1, PACIFIC COAST HIGHWAY",-121.0448144541297,35.52719263839807,4700.0,700,5900,Ahead,State,True,16.715407110974294,715
9133,5,58,,SLO,,1.54,,"SANTA MARGARITA, PINAL AVENUE",-120.60592492407669,35.392638931337714,4700.0,780,5300,Ahead,State,True,16.715407110974294,715
8707,5,166,,SLO,,13.511,,SUEY ROAD,-120.36021741135735,35.003252108485114,4550.0,560,4950,Back,State,True,16.23056795444051,718
9005,5,227,,SLO,,0.971,,BEG ROUTE,-120.57064635091746,35.12800606532815,4500.0,570,4900,Ahead,State,True,16.095890410958905,719
9015,5,227,,SLO,,4.28,,NOYES RD,-120.5823437436267,35.168945276664815,4500.0,570,4800,Ahead,State,True,16.095890410958905,719
9025,5,236,,SCR,,0,,"BOULDER CREEK, JCT. RTE. 9",-122.12231089383897,37.12538795812474,4500.0,500,5600,Ahead,State,True,16.095890410958905,719
8907,5,1,,SCR,,37.451,,SANTA CRUZ/SAN MATEO COUNTY LINE,-122.29266148352336,37.107683827322504,4400.0,680,5400,Back,State,True,15.757272587348007,722
9155,5,68,,MON,,0.224,,SUNSET DRIVE EAST OF ASILOMAR,-121.93605726159316,36.61610442219232,4400.0,600,5500,Back,State,True,15.757272587348007,722
9155,5,68,,MON,,0.224,,SUNSET DRIVE EAST OF ASILOMAR,-121.93605726159316,36.61610442219232,4400.0,600,5500,Ahead,State,True,15.757272587348007,722
9007,5,227,,SLO,,1.428,,"ARROYO GRANDE, CORBETT CANYON ROAD",-120.57011671141248,35.13417285051365,4200.0,560,4500,Back,State,True,15.195474834539018,725
8841,5,1,,SB,R,35.53,,CLARK AVENUE,-120.45698175444981,34.86398028216412,4200.0,460,4800,Ahead,State,True,15.195474834539018,725
8747,5,192,,SB,,17.44,,"CARPINTERIA, LINDEN AVENUE",-119.51486101842562,34.407832471649016,4100.0,650,4400,Back,State,True,14.910728028320763,727
8586,5,135,,SB,,0,,"LOS ALAMOS, JCT. RTE. 101",-120.27086289554778,34.74255143434249,4100.0,440,4300,Ahead,State,True,14.910728028320763,727
9009,5,227,,SLO,,1.45,,TALLEY HO RD,-120.57045151890875,35.134386283164154,3800.0,480,4050,Back,State,True,14.091118977989842,729
9081,5,33,,SLO,,4.951,,SAN LUIS OBISPO/KERN COUNTY LINE,-119.4727547451522,34.937948796585474,3800.0,450,4200,Back,State,True,14.091118977989842,729
9007,5,227,,SLO,,1.428,,"ARROYO GRANDE, CORBETT CANYON ROAD",-120.57011671141248,35.13417285051365,3800.0,480,4050,Ahead,State,True,14.091118977989842,729
9047,5,246,,SB,,8.302,,"LOMPOC, WEST CITY LIMITS",-120.47991265614377,34.639125782138215,3800.0,420,4000,Ahead,State,True,14.091118977989842,729
8755,5,192,,SB,,8.28,,HOT SPRINGS ROAD,-119.64152011199066,34.43595419187576,3600.0,510,3750,Back,State,True,13.406187471140527,733
8963,5,1,,SLO,,54.804,,PICO CREEK,-121.14698903037818,35.61546529781555,3600.0,430,5000,Back,State,True,13.406187471140527,733
8963,5,1,,SLO,,54.804,,PICO CREEK,-121.14698903037818,35.61546529781555,3600.0,430,5000,Ahead,State,True,13.406187471140527,733
9079,5,33,,SLO,,2.802,,JCT. RTE. 166 WEST,-119.51202548353635,34.93628225401296,3600.0,430,4200,Ahead,State,True,13.406187471140527,733
8578,5,135,,SB,L,8.878,,SOUTH JCT. RTE. 1,-120.45233882358195,34.84896544666365,3500.0,420,3800,Back,State,True,13.109896875480992,737
8739,5,192,,SB,,10.74,,SHEFFIELD DRIVE,-119.60134256834463,34.43604984709163,3500.0,540,3650,Back,State,True,13.109896875480992,737
8807,5,1,,MON,,46.595,,BIG SUR RIVER BRIDGE,-121.786183334924,36.25002534460248,3500.0,600,4100,Back,State,True,13.109896875480992,737
8841,5,1,,SB,R,35.53,,CLARK AVENUE,-120.45698175444981,34.86398028216412,3500.0,390,4000,Back,State,True,13.109896875480992,737
8582,5,135,,SB,M,9.605,,SAN ANTONIO ROAD,-120.42875834920774,34.772667016964945,3500.0,420,3800,Ahead,State,True,13.109896875480992,737
8610,5,144,,SB,,0.89,,"SANTA BARBARA, SYCAMORE CANYON ROAD",-119.67715629188811,34.429430623149024,3500.0,350,3900,Ahead,State,True,13.109896875480992,737
8807,5,1,,MON,,46.595,,BIG SUR RIVER BRIDGE,-121.786183334924,36.25002534460248,3500.0,600,4100,Ahead,State,True,13.109896875480992,737
8839,5,1,,SB,R,34.777,,"ORCUTT, JCT. RTE. 135 NORTH",-120.45246679128913,34.85403930252267,3500.0,390,4000,Ahead,State,True,13.109896875480992,737
8853,5,1,,SB,,49.199,,"GUADALUPE, JCT. RTE. 166 EAST",-120.57402752610356,34.95751932136521,3450.0,420,3900,Back,State,True,12.948283823303065,745
8965,5,1,,SLO,,56.39,,HEARST CASTLE STATE PARK,-121.16373291221521,35.63403066732646,3400.0,420,4700,Back,State,True,12.771279051870094,746
8967,5,1,,SLO,,58.9,,"SAN SIMEON, NORTH",-121.20262990652542,35.650965427836056,3400.0,420,4700,Back,State,True,12.771279051870094,746
9135,5,58,,SLO,,1.87,,"SANTA MARGARITA, J STREET",-120.60230390230298,35.39065828318894,3400.0,540,3900,Back,State,True,12.771279051870094,746
8697,5,166,,SB,,66.58,,BELL ROAD,-119.65267796396385,34.94143977569238,3400.0,420,3500,Ahead,State,True,12.771279051870094,746
8965,5,1,,SLO,,56.39,,HEARST CASTLE STATE PARK,-121.16373291221521,35.63403066732646,3400.0,420,4700,Ahead,State,True,12.771279051870094,746
9135,5,58,,SLO,,1.87,,"SANTA MARGARITA, J STREET",-120.60230390230298,35.39065828318894,3350.0,530,3900,Ahead,State,True,12.586578420809605,751
8685,5,166,,SB,R,70.141,,SANTA BARBARA/SAN LUIS OBISPO COUNTY LINE,-119.59175405520652,34.933669903826015,3300.0,400,3450,Back,State,True,12.467292596583038,752
9139,5,58,,SLO,,3.139,,POZO ROAD,-120.58094066318779,35.38852375654022,3300.0,520,3900,Back,State,True,12.467292596583038,752
8705,5,166,,SLO,R,70.141,,SANTA BARBARA/SAN LUIS OBISPO COUNTY LINE,-119.59175405520652,34.933669903826015,3300.0,400,3450,Ahead,State,True,12.467292596583038,752
8747,5,192,,SB,,17.44,,"CARPINTERIA, LINDEN AVENUE",-119.51486101842562,34.407832471649016,3300.0,530,3450,Ahead,State,True,12.467292596583038,752
8851,5,1,,SB,,41.81,,CASMALIA ROAD,-120.49739932344819,34.881360130779655,3200.0,380,3800,Ahead,State,True,12.136370632599663,756
8582,5,135,,SB,M,9.605,,SAN ANTONIO ROAD,-120.42875834920774,34.772667016964945,3100.0,340,3300,Back,State,True,11.824688317685085,757
8612,5,144,,SB,,1.953,,"SANTA BARBARA, JCT. RTE. 192",-119.6744725237728,34.44307264846216,3100.0,310,3600,Back,State,True,11.824688317685085,757
8681,5,166,,SB,R,24.1,,TEPESQUET ROAD,-120.20802850104819,35.02225702748438,3100.0,380,3400,Back,State,True,11.824688317685085,757
8695,5,166,,SB,,64.3,,PERKINS ROAD,-119.69169287383318,34.94896247733064,3100.0,390,3400,Back,State,True,11.824688317685085,757
8703,5,166,,SLO,R,51.09,,SAN LUIS OBISPO/SANTA BARBARA COUNTY LINE,-119.88685147404942,35.04048469335502,3100.0,390,3400,Back,State,True,11.824688317685085,757
8580,5,135,,SB,M,9.095,,"CABRILLO HIGHWAY, JUNCTION OLD ROUTE 1",-120.42411534916961,34.766467269028226,3100.0,340,3300,Ahead,State,True,11.824688317685085,757
8681,5,166,,SB,R,24.1,,TEPESQUET ROAD,-120.20802850104819,35.02225702748438,3100.0,380,3400,Ahead,State,True,11.824688317685085,757
8683,5,166,,SB,R,51.09,,SAN LUIS OBISPO/SANTA BARBARA COUNTY LINE,-119.88685147404942,35.04048469335502,3100.0,390,3400,Ahead,State,True,11.824688317685085,757
8695,5,166,,SB,,64.3,,PERKINS ROAD,-119.69169287383318,34.94896247733064,3100.0,370,3300,Ahead,State,True,11.824688317685085,757
8701,5,166,,SB,,8.927,,"SANTA MARIA, JCT. RTE. 101",-120.41727949953916,34.95294923861528,3100.0,370,3550,Ahead,State,True,11.824688317685085,757
8707,5,166,,SLO,,13.511,,SUEY ROAD,-120.36021741135735,35.003252108485114,3100.0,380,3400,Ahead,State,True,11.824688317685085,757
8697,5,166,,SB,,66.58,,BELL ROAD,-119.65267796396385,34.94143977569238,3000.0,360,3250,Back,State,True,11.370632599661382,768
8709,5,166,,SLO,,74.718,,"MARICOPA, JCT. RTE. 33",-119.51205147179752,34.93627987534612,3000.0,360,3200,Back,State,True,11.370632599661382,768
8739,5,192,,SB,,10.74,,SHEFFIELD DRIVE,-119.60134256834463,34.43604984709163,3000.0,460,3100,Ahead,State,True,11.370632599661382,768
8622,5,150,,SB,R,0,,"CARPINTERIA, JCT. RTE. 101",-119.48463200393749,34.38378018556077,2950.0,300,3500,Back,State,True,11.193627828228413,771
8624,5,150,,SB,,2.197,,SANTA BARBARA/VENTURA COUNTY LINE,-119.45371106749167,34.396022304755405,2900.0,300,3300,Back,State,True,11.039710635678006,772
9031,5,236,,SCR,,2.67,,JAMISON CREEK ROAD,-122.15788599368697,37.146253251719436,2900.0,320,3450,Back,State,True,11.039710635678006,772
9031,5,236,,SCR,,2.67,,JAMISON CREEK ROAD,-122.15788599368697,37.146253251719436,2900.0,330,3550,Ahead,State,True,11.039710635678006,772
8967,5,1,,SLO,,58.9,,"SAN SIMEON, NORTH",-121.20262990652542,35.650965427836056,2600.0,320,3500,Ahead,State,True,9.96229028782515,775
8608,5,135,,SB,,1,,OLD STATE HIGHWAY,-120.28763811241853,34.74537165906605,2500.0,280,2800,Back,State,True,9.500538710173927,776
8741,5,192,,SB,,11.8,,FREEHAVEN DRIVE,-119.58288078608753,34.43625494591439,2500.0,450,2600,Back,State,True,9.500538710173927,776
9011,5,227,,SLO,,1.49,,"ARROYO GRANDE, PRINTZ ROAD",-120.57118880938154,35.134857902659306,2500.0,310,2650,Back,State,True,9.500538710173927,776
9061,5,25,,SBT,,49.014,,VALLEY VIEW ROAD,-121.38239519522192,36.826831409975924,2500.0,350,2800,Back,State,True,9.500538710173927,776
9195,5,9,,SCR,,27.094,,JCT. RTE. 35,-122.1222568646662,37.25838768474349,2500.0,340,2700,Back,State,True,9.500538710173927,776
9009,5,227,,SLO,,1.45,,TALLEY HO RD,-120.57045151890875,35.134386283164154,2500.0,310,2650,Ahead,State,True,9.500538710173927,776
9181,5,9,,SCR,R,20.858,,"WATERMAN GAP, NORTH JCT. RTE. 236",-122.15652520054176,37.212005371598664,2500.0,340,2700,Ahead,State,True,9.500538710173927,776
8751,5,192,,SB,,4.15,,"SANTA BARBARA, MOUNTAIN DRIVE",-119.69681861862352,34.44501485334114,2400.0,330,2650,Back,State,True,9.169616746190549,783
8753,5,192,,SB,,5.99,,"SANTA BARBARA, JCT. RTE. 144 SOUTH",-119.67447340142688,34.443075812548386,2400.0,290,2500,Ahead,State,True,9.169616746190549,783
8761,5,198,,MON,,0.5,,"SAN LUCAS, EAST",-121.01222632356829,36.13122173777278,2200.0,240,2600,Back,State,True,8.426966292134832,785
8759,5,198,,MON,R,0.11,,JCT. RTE. 101,-121.02337167548431,36.12205710671033,2200.0,240,2600,Ahead,State,True,8.426966292134832,785
8971,5,1,,SLO,,71.341,,SAN CARPOJO CREEK,-121.31941331711558,35.764428384385305,2100.0,270,2900,Back,State,True,8.146067415730338,787
9099,5,41,,SLO,,27.975,,JCT. RTE. 229 SOUTH (TO CRESTON),-120.52615568926686,35.53434887282135,2100.0,170,2500,Back,State,True,8.146067415730338,787
9181,5,9,,SCR,R,20.858,,"WATERMAN GAP, NORTH JCT. RTE. 236",-122.15652520054176,37.212005371598664,2100.0,290,2200,Back,State,True,8.146067415730338,787
8971,5,1,,SLO,,71.341,,SAN CARPOJO CREEK,-121.31941331711558,35.764428384385305,2100.0,270,2900,Ahead,State,True,8.146067415730338,787
8580,5,135,,SB,M,9.095,,"CABRILLO HIGHWAY, JUNCTION OLD ROUTE 1",-120.42411534916961,34.766467269028226,2000.0,230,2200,Back,State,True,7.795905802678159,791
8753,5,192,,SB,,5.99,,"SANTA BARBARA, JCT. RTE. 144 SOUTH",-119.67447340142688,34.443075812548386,2000.0,270,2100,Back,State,True,7.795905802678159,791
9023,5,229,,SLO,,9.16,,JCT. RTE. 41,-120.52615568926686,35.53434887282135,2000.0,200,2450,Back,State,True,7.795905802678159,791
8745,5,192,,SB,,12.49,,TORO CANYON CREEK,-119.57148415652192,34.434636115745924,1900.0,370,2200,Back,State,True,7.287979067261813,794
8745,5,192,,SB,,12.49,,TORO CANYON CREEK,-119.57148415652192,34.434636115745924,1900.0,370,2200,Ahead,State,True,7.287979067261813,794
8751,5,192,,SB,,4.15,,"SANTA BARBARA, MOUNTAIN DRIVE",-119.69681861862352,34.44501485334114,1800.0,260,1900,Ahead,State,True,6.907034015699553,796
9089,5,41,,SLO,R,42.172,,JCT. RTE. 46,-120.41412570322284,35.661552843003,1750.0,200,2100,Back,State,True,6.737725103894104,797
8805,5,1,,MON,,35.346,,ANDERSON CANYON BRIDGE,-121.66574339934347,36.15344788994601,1700.0,270,1950,Back,State,True,6.506849315068493,798
8608,5,135,,SB,,1,,OLD STATE HIGHWAY,-120.28763811241853,34.74537165906605,1700.0,200,1900,Ahead,State,True,6.506849315068493,798
8743,5,192,,SB,,12.48,,TORO CANYON ROAD,-119.57162193023872,34.43472827243863,1700.0,200,1950,Ahead,State,True,6.506849315068493,798
8805,5,1,,MON,,35.346,,ANDERSON CANYON BRIDGE,-121.66574339934347,36.15344788994601,1700.0,270,1950,Ahead,State,True,6.506849315068493,798
9101,5,41,,SLO,,41.159,,MC MILLAN CANYON ROAD,-120.3998057248557,35.65553351430259,1700.0,190,2000,Ahead,State,True,6.506849315068493,798
9139,5,58,,SLO,,3.139,,POZO ROAD,-120.58094066318779,35.38852375654022,1700.0,280,1950,Ahead,State,True,6.506849315068493,798
9011,5,227,,SLO,,1.49,,"ARROYO GRANDE, PRINTZ ROAD",-120.57118880938154,35.134857902659306,1650.0,210,1800,Ahead,State,True,6.275973526242881,804
9143,5,58,,SLO,,5.44,,PARK HILL ROAD,-120.56062969083347,35.41269540543789,1600.0,260,1850,Back,State,True,6.079729105741111,805
9013,5,227,,SLO,,2.59,,PHILLIPS RD,-120.57391669106549,35.14858254195895,1550.0,190,1650,Back,State,True,5.837309527474218,806
8743,5,192,,SB,,12.48,,TORO CANYON ROAD,-119.57162193023872,34.43472827243863,1500.0,210,1550,Back,State,True,5.610281668462367,807
8741,5,192,,SB,,11.8,,FREEHAVEN DRIVE,-119.58288078608753,34.43625494591439,1500.0,210,1550,Ahead,State,True,5.610281668462367,807
9013,5,227,,SLO,,2.59,,PHILLIPS RD,-120.57391669106549,35.14858254195895,1500.0,190,1600,Ahead,State,True,5.610281668462367,807
9015,5,227,,SLO,,4.28,,NOYES RD,-120.5823437436267,35.168945276664815,1350.0,170,1450,Back,State,True,4.921502231799292,810
9157,5,68,,MON,,0,,"PACIFIC GROVE, ASILOMAR BEACH STATE PARK",-121.93567912475747,36.6193666004499,1350.0,200,1450,Ahead,State,True,4.921502231799292,810
9059,5,25,,SBT,,39.533,,"PAICINES, PANOCHE ROAD",-121.27894815717009,36.72888249646633,1300.0,150,1550,Ahead,State,True,4.732953670925042,812
9059,5,25,,SBT,,39.533,,"PAICINES, PANOCHE ROAD",-121.27894815717009,36.72888249646633,1100.0,150,1300,Back,State,True,3.982607357241804,813
9099,5,41,,SLO,,27.975,,JCT. RTE. 229 SOUTH (TO CRESTON),-120.52615568926686,35.53434887282135,1100.0,100,1400,Ahead,State,True,3.982607357241804,813
9083,5,35,,SCR,,0.23,,SANTA CLARA/ SANTA CRUZ COUNTY LINE,-121.98615302254446,37.14463359331925,1050.0,320,1150,Back,State,True,3.782515006926274,815
8749,5,192,,SB,,21.03,,JCT RTE 150/192,-119.46292838327966,34.390989270323125,1000.0,150,1100,Back,State,True,3.6093581653070648,816
8973,5,1,,SLO,,74.324,,SAN LUIS OBISPO/MONTEREY COUNTY LINE,-121.3452523699131,35.79517960275651,1000.0,140,1200,Back,State,True,3.6093581653070648,816
8803,5,1,,MON,,0,,SAN LUIS OBISPO/MONTEREY COUNTY LINE,-121.3452523699131,35.79517960275651,1000.0,140,1200,Ahead,State,True,3.6093581653070648,816
9057,5,25,,SBT,,21.47,,JCT. RTE. 146 WEST,-121.137076882091,36.518040924013896,900.0,120,1100,Ahead,State,True,3.286132060951208,819
9083,5,35,,SCR,,0.23,,SANTA CLARA/ SANTA CRUZ COUNTY LINE,-121.98615302254446,37.14463359331925,800.0,200,930,Ahead,State,True,2.851315991996306,820
9085,5,35,,SCR,,2.87,,BEAR CREEK ROAD,-122.01600486858078,37.16565432489795,790.0,170,900,Back,State,True,2.793597044789903,821
8761,5,198,,MON,,0.5,,"SAN LUCAS, EAST",-121.01222632356829,36.13122173777278,780.0,90,900,Ahead,State,True,2.7628136062798214,822
9147,5,58,,SLO,,6.889,,JCT. RTE. 229 NORTHEAST,-120.54685670203273,35.42378505676996,730.0,120,830,Back,State,True,2.5588733261505308,823
9143,5,58,,SLO,,5.44,,PARK HILL ROAD,-120.56062969083347,35.41269540543789,730.0,120,830,Ahead,State,True,2.5588733261505308,823
9029,5,236,,SCR,,17.67,,"JUNCTION ROUTE 9, END OF ROUTE",-122.15671322421893,37.211534679511,720.0,140,950,Back,State,True,2.5088502385716485,825
8763,5,198,,MON,,13.995,,JCT. RTE. 25 NORTH,-120.82119698047251,36.18723525441857,700.0,80,800,Back,State,True,2.4088040634138834,826
8765,5,198,,MON,,25.786,,MONTEREY/FRESNO COUNTY LINE,-120.66458021034751,36.16732783097827,700.0,80,760,Back,State,True,2.4088040634138834,826
9101,5,41,,SLO,,41.159,,MC MILLAN CANYON ROAD,-120.3998057248557,35.65553351430259,700.0,90,820,Back,State,True,2.4088040634138834,826
9147,5,58,,SLO,,6.889,,JCT. RTE. 229 NORTHEAST,-120.54685670203273,35.42378505676996,700.0,110,790,Ahead,State,True,2.4088040634138834,826
8763,5,198,,MON,,13.995,,JCT. RTE. 25 NORTH,-120.82119698047251,36.18723525441857,680.0,80,780,Ahead,State,True,2.3164537478836387,830
9075,5,33,,SB,,8.184,,SANTA BARBARA/SAN LUIS OBISPO COUNTY LINE,-119.50529566026225,34.89761762234908,650.0,80,700,Back,State,True,2.1971679236570725,831
9079,5,33,,SLO,,2.802,,JCT. RTE. 166 WEST,-119.51202548353635,34.93628225401296,650.0,80,700,Back,State,True,2.1971679236570725,831
9077,5,33,,SLO,,0,,SANTA BARBARA/SAN LUIS OBISPO COUNTY LINE,-119.50529566026225,34.89761762234908,650.0,80,700,Ahead,State,True,2.1971679236570725,831
9057,5,25,,SBT,,21.47,,JCT. RTE. 146 WEST,-121.137076882091,36.518040924013896,550.0,80,670,Back,State,True,1.7661997845159305,834
1,5,1,,SB,R,0.001,,"LAS CRUCES, JCT. RTE. 101; MOBIL OIL PIER",-120.22590514767869,34.509217363609245,540.0,40,600,Back,State,True,1.7277204863783284,835
9033,5,236,,SCR,,8.74,,SOUTH BOUNDARY BIG BASIN REDWOODS STATE PARK,-122.21295438877497,37.16836603148433,530.0,90,680,Back,State,True,1.681545328613206,836
9137,5,58,,SLO,,24.544,,CAMMATTI CREEK,-120.28929975045409,35.42739146008593,530.0,90,600,Back,State,True,1.681545328613206,836
9033,5,236,,SCR,,8.74,,SOUTH BOUNDARY BIG BASIN REDWOODS STATE PARK,-122.21295438877497,37.16836603148433,530.0,90,680,Ahead,State,True,1.681545328613206,836
9137,5,58,,SLO,,24.544,,CAMMATTI CREEK,-120.28929975045409,35.42739146008593,530.0,90,600,Ahead,State,True,1.681545328613206,836
9071,5,25,,SBT,,7.3,,BITTER WATER/KING CITY ROAD,-121.0013513385017,36.38059791495666,500.0,80,550,Ahead,State,True,1.5853470832692012,840
8616,5,146,,MON,,3.48,,METZ ROAD,-121.27803990831558,36.41593644573722,480.0,50,600,Ahead,State,True,1.5083884869939972,841
8614,5,146,,MON,,10.08,,MONTEREY/SAN BENITO COUNTY LINE,-121.22326504493317,36.47238494204089,440.0,50,550,Back,State,True,1.3621671540711098,842
8618,5,146,,SBT,,10.08,,MONTEREY/SAN BENITO COUNTY LINE,-121.22326504493317,36.47238494204089,440.0,50,550,Ahead,State,True,1.3621671540711098,842
9141,5,58,,SLO,,45.2,,SODA LAKE ROAD,-120.00526153598977,35.351491837945645,410.0,70,470,Back,State,True,1.2159458211482221,844
9073,5,33,,SB,,0,,VENTURA/SANTA BARBARA COUNTY LINE,-119.444112460883,34.790225893892604,400.0,50,430,Ahead,State,True,1.1659227335693396,845
8620,5,146,,SBT,,15.152,,JCT. RTE. 25,-121.137076882091,36.518040924013896,380.0,90,440,Back,State,True,1.0966599969216562,846
9027,5,236,,SCR,,12.72,,EAST BOUNDARY BIG BASIN REDWOODS STATE PARK,-122.1963198534676,37.196554053421785,300.0,60,400,Ahead,State,True,0.8350007695859628,847
9027,5,236,,SCR,,12.72,,EAST BOUNDARY BIG BASIN REDWOODS STATE PARK,-122.1963198534676,37.196554053421785,280.0,60,370,Back,State,True,0.7118670155456365,848
9035,5,236,,SCR,,9.321,,GOVERNOR'S CAMP,-122.22229417278398,37.17014886420371,270.0,50,350,Back,State,True,0.6926273664768354,849
9035,5,236,,SCR,,9.321,,GOVERNOR'S CAMP,-122.22229417278398,37.17014886420371,270.0,50,350,Ahead,State,True,0.6926273664768354,849
9085,5,35,,SCR,,2.87,,BEAR CREEK ROAD,-122.01600486858078,37.16565432489795,190.0,50,230,Ahead,State,True,0.46944743727874405,851
9087,5,35,,SCR,,7.68,,SANTA CRUZ/ SANTA CLARA COUNTY LINE,-122.04805928757398,37.2052994015538,170.0,40,200,Back,State,True,0.3809450515622595,852
9141,5,58,,SLO,,45.2,,SODA LAKE ROAD,-120.00526153598977,35.351491837945645,160.0,30,180,Ahead,State,True,0.3386178236108973,853
9145,5,58,,SLO,,57.15,,SAN LUIS OBISPO/KERN COUNTY LINE,-119.83371764584152,35.35098700743814,150.0,30,170,Back,State,True,0.30013852547329534,854
9071,5,25,,SBT,,7.3,,BITTER WATER/KING CITY ROAD,-121.0013513385017,36.38059791495666,140.0,20,160,Back,State,True,0.22702785901185163,855
9021,5,229,,SLO,,0,,JCT. RTE. 58,-120.54685670203273,35.42378505676996,110.0,20,140,Ahead,State,True,0.1269816838540865,856
9053,5,25,,MON,,11.75,,MONTEREY/SAN BENITO COUNTY LINE,-120.92930652997045,36.301163716272484,100.0,20,120,Back,State,True,0.10389410497152532,857
9055,5,25,,SBT,,0,,MONTEREY/SAN BENITO COUNTY LINE,-120.92930652997045,36.301163716272484,100.0,20,120,Ahead,State,True,0.10389410497152532,857
9051,5,25,,MON,,0,,JCT. RTE. 198,-120.82124672737629,36.18721891457436,90.0,20,110,Ahead,State,True,0.06926273664768355,859
9979,6,41,,FRE,R,25.266,,"FRESNO, MC KINLEY AVENUE",-119.77657859000615,36.76482356434574,155000.0,13100,161000,Back,State,True,83.80021548406957,1
9977,6,41,,FRE,R,24.527,,"FRESNO, JCT. RTE. 180S",-119.77572909366617,36.754346296404606,155000.0,13100,161000,Ahead,State,True,83.80021548406957,1
9981,6,41,,FRE,R,26.461,,"FRESNO, SHIELDS AVENUE",-119.78463278243566,36.77948343012245,152000.0,12900,161000,Back,State,True,83.23456980144682,3
9979,6,41,,FRE,R,25.266,,"FRESNO, MC KINLEY AVENUE",-119.77657859000615,36.76482356434574,152000.0,12900,161000,Ahead,State,True,83.23456980144682,3
10428,6,99,,FRE,,22.735,,"FRESNO, BELMONT AVENUE",-119.82483892035548,36.75029586013317,148000.0,11200,155000,Back,State,True,82.4149607511159,5
10426,6,99,,FRE,,22.16,,JCT RTE 180S,-119.81904468526326,36.743332608298715,148000.0,11200,155000,Ahead,State,True,82.4149607511159,5
9983,6,41,,FRE,R,27.471,,"FRESNO, ASHLAN AVENUE",-119.78474195738706,36.794111267587965,146000.0,12400,157000,Back,State,True,82.00323226104356,7
9981,6,41,,FRE,R,26.461,,"FRESNO, SHIELDS AVENUE",-119.78463278243566,36.77948343012245,146000.0,12400,157000,Ahead,State,True,82.00323226104356,7
10430,6,99,,FRE,,23.304,,"FRESNO, OLIVE AVENUE",-119.82964178727653,36.75745773886547,144000.0,11000,149000,Back,State,True,81.69154994612899,9
10428,6,99,,FRE,,22.735,,"FRESNO, BELMONT AVENUE",-119.82483892035548,36.75029586013317,144000.0,11000,149000,Ahead,State,True,81.69154994612899,9
10482,6,99,,KER,,24.599,,"BAKERSFIELD, CALIFORNIA AVENUE",-119.04169126059932,35.368156094293916,142000.0,12100,158000,Back,State,True,81.44528243804832,11
10480,6,99,,KER,,23.514,,JCT. RTE. 58 EAST,-119.03941301895274,35.352671060598055,142000.0,12100,158000,Ahead,State,True,81.44528243804832,11
9985,6,41,,FRE,R,28.469,,"FRESNO, SHAW AVENUE",-119.78514082374626,36.80854930518498,141000.0,12000,150000,Back,State,True,81.32984454363552,13
10484,6,99,,KER,,25.654,,"JCT. RTE. 58 WEST, JCT. RTE. 178 EAST",-119.04440853048479,35.38309836610231,141000.0,12000,157000,Back,State,True,81.32984454363552,13
9983,6,41,,FRE,R,27.471,,"FRESNO, ASHLAN AVENUE",-119.78474195738706,36.794111267587965,141000.0,12000,150000,Ahead,State,True,81.32984454363552,13
10482,6,99,,KER,,24.599,,"BAKERSFIELD, CALIFORNIA AVENUE",-119.04169126059932,35.368156094293916,141000.0,12000,157000,Ahead,State,True,81.32984454363552,13
9977,6,41,,FRE,R,24.527,,"FRESNO, JCT. RTE. 180S",-119.77572909366617,36.754346296404606,136000.0,12200,144000,Back,State,True,80.47560412498076,17
10432,6,99,,FRE,,23.852,,MC KINLEY AVENUE,-119.83399882301703,36.76462121513458,136000.0,10400,142000,Back,State,True,80.47560412498076,17
9975,6,41,,FRE,R,23.736,,"FRESNO, DIVISADERO STREET",-119.77717214015205,36.74299815356422,136000.0,12200,144000,Ahead,State,True,80.47560412498076,17
10430,6,99,,FRE,,23.304,,"FRESNO, OLIVE AVENUE",-119.82964178727653,36.75745773886547,136000.0,10400,142000,Ahead,State,True,80.47560412498076,17
10480,6,99,,KER,,23.514,,JCT. RTE. 58 EAST,-119.03941301895274,35.352671060598055,135000.0,11400,150000,Back,State,True,80.29090349392027,21
10478,6,99,,KER,,22.604,,"BAKERSFIELD, MING AVENUE",-119.03946905226691,35.33947043559147,135000.0,11400,150000,Ahead,State,True,80.29090349392027,21
9987,6,41,,FRE,R,29.463,,"FRESNO, BULLARD AVENUE",-119.78507790035387,36.822975253772526,128000.0,10900,135000,Back,State,True,79.35585654917654,23
10418,6,99,,FRE,,19.29,,"FRESNO, NORTH JCT. RTE. 41",-119.78201660356234,36.715180732326345,128000.0,10300,133000,Back,State,True,79.35585654917654,23
9985,6,41,,FRE,R,28.469,,"FRESNO, SHAW AVENUE",-119.78514082374626,36.80854930518498,128000.0,10900,135000,Ahead,State,True,79.35585654917654,23
10416,6,99,,FRE,,18.544,,"FRESNO, JENSEN AVENUE",-119.7736422389892,36.706646894060256,128000.0,10300,133000,Ahead,State,True,79.35585654917654,23
10394,6,99,,FRE,R,24.418,,CLINTON AVE,-119.83864136132114,36.77196422865528,127000.0,9800,132000,Back,State,True,79.1673079883023,27
10432,6,99,,FRE,,23.852,,MC KINLEY AVENUE,-119.83399882301703,36.76462121513458,127000.0,9800,132000,Ahead,State,True,79.1673079883023,27
9489,6,180,,FRE,R,59.878,,CEDAR AVENUE,-119.75447086311607,36.75487099064367,126000.0,12100,134000,Back,State,True,78.99030321686934,29
9487,6,180,,FRE,R,58.664,,JCT. RTE. 41,-119.77631783333372,36.754161627304164,126000.0,12100,134000,Ahead,State,True,78.99030321686934,29
9485,6,180,,FRE,R,57.916,,ABBY STREET,-119.78952889717813,36.75205317183356,125000.0,11900,133000,Back,State,True,78.79021086655379,31
9487,6,180,,FRE,R,58.664,,JCT. RTE. 41,-119.77631783333372,36.754161627304164,125000.0,12000,133000,Back,State,True,78.79021086655379,31
9483,6,180,,FRE,R,57.8,,BLACKSTONE AVENUE,-119.79153154737364,36.751623938584224,125000.0,11900,133000,Ahead,State,True,78.79021086655379,31
9485,6,180,,FRE,R,57.916,,ABBY STREET,-119.78952889717813,36.75205317183356,125000.0,12000,133000,Ahead,State,True,78.79021086655379,31
9479,6,180,,FRE,R,57.242,,FULTON AVENUE,-119.80061590441473,36.748308678891924,123000.0,11700,131000,Ahead,State,True,78.42080960443282,35
9481,6,180,,FRE,R,57.341,,VAN NESS AVENUE,-119.79914021943964,36.749089523012834,121000.0,11500,129000,Back,State,True,78.03216869324304,36
9481,6,180,,FRE,R,57.341,,VAN NESS AVENUE,-119.79914021943964,36.749089523012834,121000.0,11500,129000,Ahead,State,True,78.03216869324304,36
10488,6,99,,KER,,27.046,,JCT RTE 204/AIRPORT DRIVE,-119.04557913411467,35.40321511152114,121000.0,10300,135000,Ahead,State,True,78.03216869324304,36
9483,6,180,,FRE,R,57.8,,BLACKSTONE AVENUE,-119.79153154737364,36.751623938584224,120000.0,11400,128000,Back,State,True,77.74357395721103,39
10490,6,99,,KER,,27.866,,OLIVE DRIVE,-119.05478051378952,35.412335279692755,119000.0,10100,133000,Back,State,True,77.53963367708174,40
9479,6,180,,FRE,R,57.242,,FULTON AVENUE,-119.80061590441473,36.748308678891924,117000.0,11100,127000,Back,State,True,77.08173002924427,41
10416,6,99,,FRE,,18.544,,"FRESNO, JENSEN AVENUE",-119.7736422389892,36.706646894060256,117000.0,9400,120000,Back,State,True,77.08173002924427,41
9477,6,180,,FRE,R,56.52,,JCT RTE 99,-119.81128884669585,36.742593456074275,117000.0,11100,127000,Ahead,State,True,77.08173002924427,41
10414,6,99,,FRE,,17.255,,"FRESNO, NORTH AVENUE",-119.7586809695104,36.69240174953564,117000.0,9400,120000,Ahead,State,True,77.08173002924427,41
9989,6,41,,FRE,R,30.447,,"FRESNO, HERNDON AVENUE",-119.78488235867609,36.83722878686512,116000.0,9900,122000,Back,State,True,76.87009388948745,45
10486,6,99,,KER,,26.776,,BUCK OWENS BOULEVARD,-119.04473756900032,35.399532564259225,116000.0,9900,129000,Back,State,True,76.87009388948745,45
10488,6,99,,KER,,27.046,,JCT RTE 204/AIRPORT DRIVE,-119.04557913411467,35.40321511152114,116000.0,9900,129000,Back,State,True,76.87009388948745,45
9987,6,41,,FRE,R,29.463,,"FRESNO, BULLARD AVENUE",-119.78507790035387,36.822975253772526,116000.0,9900,122000,Ahead,State,True,76.87009388948745,45
10484,6,99,,KER,,25.654,,"JCT. RTE. 58 WEST, JCT. RTE. 178 EAST",-119.04440853048479,35.38309836610231,116000.0,9900,129000,Ahead,State,True,76.87009388948745,45
10486,6,99,,KER,,26.776,,BUCK OWENS BOULEVARD,-119.04473756900032,35.399532564259225,116000.0,9900,129000,Ahead,State,True,76.87009388948745,45
10478,6,99,,KER,,22.604,,"BAKERSFIELD, MING AVENUE",-119.03946905226691,35.33947043559147,115000.0,9700,128000,Back,State,True,76.72772048637833,51
10476,6,99,,KER,,21.082,,"BAKERSFIELD, WHITE LANE",-119.03609902876674,35.31768089694075,115000.0,9700,128000,Ahead,State,True,76.72772048637833,51
9975,6,41,,FRE,R,23.736,,"FRESNO, DIVISADERO STREET",-119.77717214015205,36.74299815356422,114000.0,10300,121000,Back,State,True,76.57765122364168,53
9973,6,41,,FRE,R,22.798,,"FRESNO, M STREET",-119.78091269714736,36.7302271929038,114000.0,10300,121000,Ahead,State,True,76.57765122364168,53
9493,6,180,,FRE,R,60.869,,CHESTNUT AVENUE,-119.73666449438521,36.75463459618417,113000.0,10800,121000,Back,State,True,76.37755887332615,55
9489,6,180,,FRE,R,59.878,,CEDAR AVENUE,-119.75447086311607,36.75487099064367,113000.0,10800,121000,Ahead,State,True,76.37755887332615,55
9491,6,180,,FRE,R,60.071,,JCT. RTE. 168,-119.75113654225859,36.75487578694323,113000.0,10800,121000,Ahead,State,True,76.37755887332615,55
10404,6,99,,FRE,,12.404,,CLOVIS AVENUE,-119.69973940453158,36.64082494728575,111000.0,9500,114000,Back,State,True,75.93119901492997,58
10394,6,99,,FRE,R,24.418,,CLINTON AVE,-119.83864136132114,36.77196422865528,111000.0,8500,115000,Ahead,State,True,75.93119901492997,58
10402,6,99,,FRE,,11.836,,ADAMS AVENUE,-119.6928438079516,36.634454589324754,111000.0,9500,114000,Ahead,State,True,75.93119901492997,58
9495,6,180,,FRE,R,61.895,,PEACH AVENUE,-119.7183316167781,36.753216335767455,109000.0,10500,116000,Back,State,True,75.54640603355395,61
10426,6,99,,FRE,,22.16,,JCT RTE 180S,-119.81904468526326,36.743332608298715,109000.0,9100,113000,Back,State,True,75.54640603355395,61
9493,6,180,,FRE,R,60.869,,CHESTNUT AVENUE,-119.73666449438521,36.75463459618417,109000.0,10500,116000,Ahead,State,True,75.54640603355395,61
10402,6,99,,FRE,,11.836,,ADAMS AVENUE,-119.6928438079516,36.634454589324754,108000.0,9200,110000,Back,State,True,75.39248884100354,64
10412,6,99,,FRE,,16.925,,CEDAR AVENUE,-119.75465932337451,36.68903936034121,108000.0,8800,112000,Back,State,True,75.39248884100354,64
10400,6,99,,FRE,,11.098,,"FOWLER, MERCED STREET",-119.68409098135264,36.62646398666846,108000.0,9200,110000,Ahead,State,True,75.39248884100354,64
10410,6,99,,FRE,,15.864,,CENTRAL AVENUE,-119.74122885410674,36.67793467531613,108000.0,8800,112000,Ahead,State,True,75.39248884100354,64
10424,6,99,,FRE,,21.012,,"FRESNO, STANISLAUS STREET",-119.80237841517186,36.73409105529675,108000.0,9000,112000,Ahead,State,True,75.39248884100354,64
10400,6,99,,FRE,,11.098,,"FOWLER, MERCED STREET",-119.68409098135264,36.62646398666846,105000.0,9000,108000,Back,State,True,74.89225796521471,69
10408,6,99,,FRE,,15.491,,CHESTNUT AVENUE,-119.73674994842324,36.67432316351791,105000.0,8800,109000,Back,State,True,74.89225796521471,69
10406,6,99,,FRE,,14.512,,AMERICAN AVENUE,-119.72471236551256,36.663562553661535,105000.0,8800,109000,Ahead,State,True,74.89225796521471,69
10444,6,99,,FRE,,9.164,,MANNING AVENUE,-119.66099919947614,36.60537487525973,105000.0,9000,108000,Ahead,State,True,74.89225796521471,69
9393,6,168,,FRE,R,2.017,,SHIELDS AVENUE,-119.74906251193062,36.77961276551114,104000.0,10400,110000,Back,State,True,74.71525319378175,73
9389,6,168,,FRE,R,0.993,,MCKINLEY AVENUE,-119.74915855980076,36.76475451346881,104000.0,10400,110000,Ahead,State,True,74.71525319378175,73
10414,6,99,,FRE,,17.255,,"FRESNO, NORTH AVENUE",-119.7586809695104,36.69240174953564,102000.0,8200,105000,Back,State,True,74.342004001847,75
10412,6,99,,FRE,,16.925,,CEDAR AVENUE,-119.75465932337451,36.68903936034121,102000.0,8200,105000,Ahead,State,True,74.342004001847,75
10406,6,99,,FRE,,14.512,,AMERICAN AVENUE,-119.72471236551256,36.663562553661535,101000.0,8500,104000,Back,State,True,74.17269509004156,77
10404,6,99,,FRE,,12.404,,CLOVIS AVENUE,-119.69973940453158,36.64082494728575,101000.0,8500,104000,Ahead,State,True,74.17269509004156,77
9397,6,168,,FRE,R,3.035,,ASHLAN AVENUE,-119.74702323113276,36.79404866342534,100000.0,10100,106000,Back,State,True,73.9841465291673,79
9393,6,168,,FRE,R,2.017,,SHIELDS AVENUE,-119.74906251193062,36.77961276551114,100000.0,10100,106000,Ahead,State,True,73.9841465291673,79
9389,6,168,,FRE,R,0.993,,MCKINLEY AVENUE,-119.74915855980076,36.76475451346881,99000.0,9800,102000,Back,State,True,73.7147914422041,81
10452,6,99,,KER,R,29.878,,JCT. RTE. 65,-119.07595653950796,35.434911139210925,99000.0,8200,110000,Back,State,True,73.7147914422041,81
9387,6,168,,FRE,R,0.674,,JCT. RTE. 180,-119.74910231358591,36.76009521963039,99000.0,9800,102000,Ahead,State,True,73.7147914422041,81
10450,6,99,,KER,R,28.556,,OIL JUNCTION,-119.0606288427332,35.42068980463533,99000.0,8200,110000,Ahead,State,True,73.7147914422041,81
9973,6,41,,FRE,R,22.798,,"FRESNO, M STREET",-119.78091269714736,36.7302271929038,97000.0,8700,102000,Back,State,True,73.24919193473912,85
10424,6,99,,FRE,,21.012,,"FRESNO, STANISLAUS STREET",-119.80237841517186,36.73409105529675,97000.0,8000,101000,Back,State,True,73.24919193473912,85
10444,6,99,,FRE,,9.164,,MANNING AVENUE,-119.66099919947614,36.60537487525973,97000.0,8300,99000,Back,State,True,73.24919193473912,85
10450,6,99,,KER,R,28.556,,OIL JUNCTION,-119.0606288427332,35.42068980463533,97000.0,8200,108000,Back,State,True,73.24919193473912,85
10476,6,99,,KER,,21.082,,"BAKERSFIELD, WHITE LANE",-119.03609902876674,35.31768089694075,97000.0,8100,108000,Back,State,True,73.24919193473912,85
9971,6,41,,FRE,R,21.859,,JCT RTE 99,-119.78457591009501,36.71769812144129,97000.0,8700,102000,Ahead,State,True,73.24919193473912,85
10442,6,99,,FRE,,6.431,,JCT. RTE. 43 SOUTH,-119.62867944330081,36.575825203027904,97000.0,8300,99000,Ahead,State,True,73.24919193473912,85
10472,6,99,,KER,,19.541,,PANAMA LANE,-119.03039567263858,35.295895921838614,97000.0,8100,108000,Ahead,State,True,73.24919193473912,85
10490,6,99,,KER,,27.866,,OLIVE DRIVE,-119.05478051378952,35.412335279692755,97000.0,8200,108000,Ahead,State,True,73.24919193473912,85
10410,6,99,,FRE,,15.864,,CENTRAL AVENUE,-119.74122885410674,36.67793467531613,95000.0,7800,98000,Back,State,True,72.9028782515007,94
10422,6,99,,FRE,,20.737,,"FRESNO, FRESNO STREET",-119.79915078901728,36.73110497374224,95000.0,7700,98000,Back,State,True,72.9028782515007,94
10408,6,99,,FRE,,15.491,,CHESTNUT AVENUE,-119.73674994842324,36.67432316351791,95000.0,7800,98000,Ahead,State,True,72.9028782515007,94
10420,6,99,,FRE,,20.19,,"FRESNO, VENTURA STREET",-119.79259224302685,36.725147884880315,95000.0,7700,98000,Ahead,State,True,72.9028782515007,94
10422,6,99,,FRE,,20.737,,"FRESNO, FRESNO STREET",-119.79915078901728,36.73110497374224,95000.0,7800,99000,Ahead,State,True,72.9028782515007,94
10434,6,99,,FRE,,26.554,,ASHLAN AVENUE,-119.86532766826369,36.793670616699565,92000.0,7100,95000,Back,State,True,72.35647221794675,99
10252,6,5,,KER,,13.523,,WHEELER RIDGE ROAD,-118.94519904685079,34.98649286989239,89000.0,9800,97000,Ahead,Interstate,True,71.87163306141296,100
9401,6,168,,FRE,R,4.258,,SHAW AVENUE,-119.7336761021672,36.80821419052131,88000.0,8600,92000,Back,State,True,71.60612590426351,101
9397,6,168,,FRE,R,3.035,,ASHLAN AVENUE,-119.74702323113276,36.79404866342534,88000.0,8600,92000,Ahead,State,True,71.60612590426351,101
10252,6,5,,KER,,13.523,,WHEELER RIDGE ROAD,-118.94519904685079,34.98649286989239,87000.0,9300,105000,Back,Interstate,True,71.42527320301679,103
9497,6,180,,FRE,R,62.893,,CLOVIS AVENUE,-119.70029143364674,36.75257458096237,86000.0,8200,91000,Back,State,True,71.24442050177005,104
9991,6,41,,FRE,R,31.683,,"FRESNO, FRIANT ROAD",-119.7887589727077,36.85455654109684,86000.0,7300,92000,Back,State,True,71.24442050177005,104
10266,6,5,,KER,,5.02,,FORT TEJON/DIGIER ROADS,-118.89481125348209,34.87699567683935,86000.0,9200,105000,Back,Interstate,True,71.24442050177005,104
10536,6,99,,MAD,,11.009,,"MADERA, WEST FOURTH STREET",-120.06469974445487,36.96150143389924,86000.0,6900,90000,Back,State,True,71.24442050177005,104
9495,6,180,,FRE,R,61.895,,PEACH AVENUE,-119.7183316167781,36.753216335767455,86000.0,8200,91000,Ahead,State,True,71.24442050177005,104
10266,6,5,,KER,,5.02,,FORT TEJON/DIGIER ROADS,-118.89481125348209,34.87699567683935,86000.0,9200,105000,Ahead,Interstate,True,71.24442050177005,104
10534,6,99,,MAD,,10.268,,"MADERA, JCT. RTE. 145",-120.05605890812741,36.95343228418796,86000.0,6900,90000,Ahead,State,True,71.24442050177005,104
10246,6,5,,KER,,1.612,,LEBEC ROAD,-118.86336159740614,34.83571718387205,85000.0,9000,111000,Back,Interstate,True,71.08665537940588,111
10436,6,99,,FRE,,28.102,,SHAW AVENUE,-119.88668499197276,36.808103709202484,85000.0,6800,89000,Back,State,True,71.08665537940588,111
9989,6,41,,FRE,R,30.447,,"FRESNO, HERNDON AVENUE",-119.78488235867609,36.83722878686512,85000.0,7200,90000,Ahead,State,True,71.08665537940588,111
10246,6,5,,KER,,1.612,,LEBEC ROAD,-118.86336159740614,34.83571718387205,85000.0,9000,111000,Ahead,Interstate,True,71.08665537940588,111
10434,6,99,,FRE,,26.554,,ASHLAN AVENUE,-119.86532766826369,36.793670616699565,85000.0,6800,89000,Ahead,State,True,71.08665537940588,111
10442,6,99,,FRE,,6.431,,JCT. RTE. 43 SOUTH,-119.62867944330081,36.575825203027904,84000.0,7200,88000,Back,State,True,70.90580267815915,116
10398,6,99,,FRE,R,5.321,,"SELMA, SECOND STREET",-119.6154986014775,36.56385479000223,84000.0,7200,88000,Ahead,State,True,70.90580267815915,116
9491,6,180,,FRE,R,60.071,,JCT. RTE. 168,-119.75113654225859,36.75487578694323,83000.0,8000,88000,Back,State,True,70.62490380175466,118
10398,6,99,,FRE,R,5.321,,"SELMA, SECOND STREET",-119.6154986014775,36.56385479000223,83000.0,7100,88000,Back,State,True,70.62490380175466,118
10438,6,99,,FRE,,30.988,,HERNDON AVENUE,-119.92369832693,36.83734189635498,83000.0,6500,87000,Back,State,True,70.62490380175466,118
10440,6,99,,FRE,,31.609,,FRESNO/MADERA COUNTY LINE,-119.93257334866212,36.843093449832146,83000.0,6400,87000,Back,State,True,70.62490380175466,118
10520,6,99,,MAD,R,0.989,,AVENUE 7  (RIPPERDAN AVENUE),-119.9468652474901,36.85152164504261,83000.0,6400,87000,Back,State,True,70.62490380175466,118
10540,6,99,,MAD,,12.125,,"MADERA, CLEVELAND AVENUE",-120.07616769306749,36.97459811882122,83000.0,6700,89000,Back,State,True,70.62490380175466,118
10239,6,5,,KER,R,0,,LOS ANGELES/KERN COUNTY LINE,-118.8815526660642,34.817830020904154,83000.0,8800,94000,Ahead,Interstate,True,70.62490380175466,118
10396,6,99,,FRE,R,3.742,,MOUNTAIN VIEW AVENUE,-119.5961675132317,36.54703141059281,83000.0,7100,88000,Ahead,State,True,70.62490380175466,118
10436,6,99,,FRE,,28.102,,SHAW AVENUE,-119.88668499197276,36.808103709202484,83000.0,6500,87000,Ahead,State,True,70.62490380175466,118
10438,6,99,,FRE,,30.988,,HERNDON AVENUE,-119.92369832693,36.83734189635498,83000.0,6400,87000,Ahead,State,True,70.62490380175466,118
10532,6,99,,MAD,,0,,FRESNO/MADERA COUNTY LINE,-119.93257334866212,36.843093449832146,83000.0,6400,87000,Ahead,State,True,70.62490380175466,118
10538,6,99,,MAD,,11.18,,"MADERA, SECOND STREET",-120.06669649900716,36.963431801141965,83000.0,6700,89000,Ahead,State,True,70.62490380175466,118
10530,6,99,,MAD,R,7.463,,AVENUE 12,-120.02197806053313,36.92386724207207,82000.0,6300,88000,Back,State,True,70.36709250423272,130
10528,6,99,,MAD,R,3.564,,AVENUE 9,-119.97667639894573,36.8802461931878,82000.0,6300,88000,Ahead,State,True,70.36709250423272,130
10454,6,99,,KER,R,30.532,,SEVENTH STANDARD ROAD,-119.0839712985914,35.44141905923921,81000.0,6800,86000,Back,State,True,70.13236878559334,132
10558,6,99,,MAD,,9.49,,GATEWAY DRIVE,-120.04498129098049,36.946912130418255,81000.0,6300,86000,Back,State,True,70.13236878559334,132
10452,6,99,,KER,R,29.878,,JCT. RTE. 65,-119.07595653950796,35.434911139210925,81000.0,6800,86000,Ahead,State,True,70.13236878559334,132
10530,6,99,,MAD,R,7.463,,AVENUE 12,-120.02197806053313,36.92386724207207,81000.0,6300,86000,Ahead,State,True,70.13236878559334,132
10472,6,99,,KER,,19.541,,PANAMA LANE,-119.03039567263858,35.295895921838614,80000.0,6700,89000,Back,State,True,69.91303678620902,136
10492,6,99,,KER,,36.523,,"CAWELO, LERDO HIGHWAY",-119.1632884733025,35.49970676077198,80000.0,6800,85000,Back,State,True,69.91303678620902,136
10454,6,99,,KER,R,30.532,,SEVENTH STANDARD ROAD,-119.0839712985914,35.44141905923921,80000.0,6800,85000,Ahead,State,True,69.91303678620902,136
10470,6,99,,KER,,18.526,,HOSKING AVE OC,-119.02660264953911,35.2813860580078,80000.0,6700,89000,Ahead,State,True,69.91303678620902,136
10534,6,99,,MAD,,10.268,,"MADERA, JCT. RTE. 145",-120.05605890812741,36.95343228418796,79000.0,6300,85000,Back,State,True,69.72448822533477,140
10558,6,99,,MAD,,9.49,,GATEWAY DRIVE,-120.04498129098049,36.946912130418255,79000.0,6300,85000,Ahead,State,True,69.72448822533477,140
10159,6,58,,KER,R,53.387,,H STREET,-119.0212641261973,35.35244071278909,78000.0,6400,86000,Back,State,True,69.51285208557796,142
10163,6,58,,KER,R,54.419,,SOUTH UNION AVENUE,-119.0030286106956,35.352294976581135,78000.0,6400,86000,Back,State,True,69.51285208557796,142
10157,6,58,,KER,R,52.36,,"BAKERSFIELD, SOUTH JCT. RTE. 99",-119.03950991483252,35.3525573162195,78000.0,6400,86000,Ahead,State,True,69.51285208557796,142
10161,6,58,,KER,R,53.519,,SOUTH CHESTER AVENUE,-119.0189274859724,35.35240196607692,78000.0,6400,86000,Ahead,State,True,69.51285208557796,142
10420,6,99,,FRE,,20.19,,"FRESNO, VENTURA STREET",-119.79259224302685,36.725147884880315,77000.0,6200,79000,Back,State,True,69.22810527935971,146
10528,6,99,,MAD,R,3.564,,AVENUE 9,-119.97667639894573,36.8802461931878,77000.0,5900,81000,Back,State,True,69.22810527935971,146
10538,6,99,,MAD,,11.18,,"MADERA, SECOND STREET",-120.06669649900716,36.963431801141965,77000.0,6200,81000,Back,State,True,69.22810527935971,146
10418,6,99,,FRE,,19.29,,"FRESNO, NORTH JCT. RTE. 41",-119.78201660356234,36.715180732326345,77000.0,6200,79000,Ahead,State,True,69.22810527935971,146
10520,6,99,,MAD,R,0.989,,AVENUE 7  (RIPPERDAN AVENUE),-119.9468652474901,36.85152164504261,77000.0,5900,81000,Ahead,State,True,69.22810527935971,146
10536,6,99,,MAD,,11.009,,"MADERA, WEST FOURTH STREET",-120.06469974445487,36.96150143389924,77000.0,6200,81000,Ahead,State,True,69.22810527935971,146
9675,6,198,,TUL,R,8.753,,"VISALIA, JCT. RTE. 63 SOUTH",-119.31410359184427,36.32689009042736,76000.0,7200,82000,Back,State,True,68.9587501923965,152
10167,6,58,,KER,R,56.41,,MT. VERNON AVENUE,-118.96775939708328,35.35287670799971,76000.0,6200,82000,Back,State,True,68.9587501923965,152
9711,6,198,,TUL,,7.76,,DEMAREE ROAD,-119.33183854361178,36.327040870330286,76000.0,7200,80000,Ahead,State,True,68.9587501923965,152
10165,6,58,,KER,R,55.404,,COTTONWOOD ROAD,-118.98558912650317,35.35226900911763,76000.0,6200,82000,Ahead,State,True,68.9587501923965,152
9713,6,198,,TUL,,8.1,,"VISALIA, WEST MAIN STREET/ WHITNEY DRIVE",-119.32573145944211,36.32707903821554,75000.0,7100,80000,Back,State,True,68.6970909650608,156
10165,6,58,,KER,R,55.404,,COTTONWOOD ROAD,-118.98558912650317,35.35226900911763,75000.0,6200,82000,Back,State,True,68.6970909650608,156
10396,6,99,,FRE,R,3.742,,MOUNTAIN VIEW AVENUE,-119.5961675132317,36.54703141059281,75000.0,6400,79000,Back,State,True,68.6970909650608,156
10522,6,99,,MAD,R,14.222,,AVENUE 17,-120.10209361295297,36.99649182444185,75000.0,6100,78000,Back,State,True,68.6970909650608,156
9713,6,198,,TUL,,8.1,,"VISALIA, WEST MAIN STREET/ WHITNEY DRIVE",-119.32573145944211,36.32707903821554,75000.0,7100,80000,Ahead,State,True,68.6970909650608,156
10163,6,58,,KER,R,54.419,,SOUTH UNION AVENUE,-119.0030286106956,35.352294976581135,75000.0,6200,82000,Ahead,State,True,68.6970909650608,156
10392,6,99,,FRE,R,2.058,,BETHEL AVENUE,-119.57533882830441,36.52949536258871,75000.0,6400,79000,Ahead,State,True,68.6970909650608,156
10542,6,99,,MAD,,12.752,,"MADERA, AVENUE 16",-120.08375349941626,36.981307667309515,75000.0,6100,78000,Ahead,State,True,68.6970909650608,156
10456,6,99,,KER,R,39.119,,MERCED AVENUE,-119.18946561604032,35.52974524308588,74000.0,6400,79000,Back,State,True,68.3969524395875,164
10458,6,99,,KER,R,41.161,,KIMBERLINA ROAD,-119.1972189240536,35.55848962481693,74000.0,6400,79000,Back,State,True,68.3969524395875,164
10456,6,99,,KER,R,39.119,,MERCED AVENUE,-119.18946561604032,35.52974524308588,74000.0,6400,79000,Ahead,State,True,68.3969524395875,164
10492,6,99,,KER,,36.523,,"CAWELO, LERDO HIGHWAY",-119.1632884733025,35.49970676077198,74000.0,6400,79000,Ahead,State,True,68.3969524395875,164
9448,6,178,,KER,R,3.402,,"BAKERSFIELD, BEALE AVENUE",-118.98627865624728,35.385996586533324,73000.0,7000,80000,Back,State,True,68.11605356318302,168
10392,6,99,,FRE,R,2.058,,BETHEL AVENUE,-119.57533882830441,36.52949536258871,73000.0,6200,76000,Back,State,True,68.11605356318302,168
10526,6,99,,MAD,R,18.68,,AVENUE 20,-120.15869673209319,37.04279422249217,73000.0,6000,77000,Back,State,True,68.11605356318302,168
10542,6,99,,MAD,,12.752,,"MADERA, AVENUE 16",-120.08375349941626,36.981307667309515,73000.0,5900,77000,Back,State,True,68.11605356318302,168
10560,6,99,,TUL,R,38.714,,"VISALIA, JCT RTE 198",-119.40631220443183,36.32589258056504,73000.0,6100,75000,Back,State,True,68.11605356318302,168
10566,6,99,,TUL,R,53.822,,MENDOCINO AVENUE,-119.54809206245608,36.50684846576655,73000.0,6100,77000,Back,State,True,68.11605356318302,168
9442,6,178,,KER,R,2.413,,"BAKERSFIELD, UNION AVENUE",-119.00320998414473,35.38343257932581,73000.0,7000,80000,Ahead,State,True,68.11605356318302,168
10388,6,99,,FRE,R,0.951,,"KINGSBURG, JCT. RTE. 201 EAST",-119.56124782421499,36.517921653678385,73000.0,6200,76000,Ahead,State,True,68.11605356318302,168
10524,6,99,,MAD,R,16.331,,AVENUE 18 1/2,-120.12863426436043,37.018268258591476,73000.0,6000,77000,Ahead,State,True,68.11605356318302,168
10540,6,99,,MAD,,12.125,,"MADERA, CLEVELAND AVENUE",-120.07616769306749,36.97459811882122,73000.0,5900,77000,Ahead,State,True,68.11605356318302,168
10604,6,99,,TUL,,36.411,,CALDWELL AVENUE  (AVENUE 280),-119.38452365165716,36.29816952503596,73000.0,6100,75000,Ahead,State,True,68.11605356318302,168
10610,6,99,,TUL,,51.806,,DODGE AVENUE,-119.5185155707156,36.490133958078594,73000.0,6100,77000,Ahead,State,True,68.11605356318302,168
9677,6,198,,TUL,R,9.967,,"VISALIA, JCT. RTE. 63 NORTH",-119.29227390341612,36.32684113744854,72000.0,6800,77000,Back,State,True,67.91211328305373,180
10494,6,99,,KER,,44.307,,JCT. RTE. 46,-119.21111828245863,35.602022437868825,72000.0,6400,78000,Back,State,True,67.91211328305373,180
10524,6,99,,MAD,R,16.331,,AVENUE 18 1/2,-120.12863426436043,37.018268258591476,72000.0,5900,75000,Back,State,True,67.91211328305373,180
9675,6,198,,TUL,R,8.753,,"VISALIA, JCT. RTE. 63 SOUTH",-119.31410359184427,36.32689009042736,72000.0,6800,77000,Ahead,State,True,67.91211328305373,180
10458,6,99,,KER,R,41.161,,KIMBERLINA ROAD,-119.1972189240536,35.55848962481693,72000.0,6300,78000,Ahead,State,True,67.91211328305373,180
10522,6,99,,MAD,R,14.222,,AVENUE 17,-120.10209361295297,36.99649182444185,72000.0,5900,75000,Ahead,State,True,67.91211328305373,180
9403,6,168,,FRE,R,5.628,,BULLARD AVENUE,-119.7170944920031,36.82302335463344,71000.0,7600,74000,Back,State,True,67.58119131907034,186
9450,6,178,,KER,R,4.1,,HALEY STREET,-118.97633849759116,35.39199564911961,71000.0,6800,77000,Back,State,True,67.58119131907034,186
10169,6,58,,KER,R,57.412,,OSWELL STREET,-118.95012216495071,35.35211449293891,71000.0,6000,73000,Back,State,True,67.58119131907034,186
10388,6,99,,FRE,R,0.951,,"KINGSBURG, JCT. RTE. 201 EAST",-119.56124782421499,36.517921653678385,71000.0,6000,74000,Back,State,True,67.58119131907034,186
10508,6,99,,KER,,55.521,,"DELANO, JCT. RTE. 155",-119.24897871435576,35.76140242931132,71000.0,6200,77000,Back,State,True,67.58119131907034,186
10544,6,99,,MAD,,20.874,,AVENUE 21 1/2,-120.18615888250561,37.06549492149537,71000.0,5800,75000,Back,State,True,67.58119131907034,186
10546,6,99,,MAD,,22.727,,"CALIFA, JCT. RTE. 152 WEST",-120.20941868706949,37.084641673162515,71000.0,5800,78000,Back,State,True,67.58119131907034,186
10562,6,99,,TUL,R,38.75,,JCT. RTE. 198 EAST,-119.406672848374,36.32632562250147,71000.0,6100,74000,Back,State,True,67.58119131907034,186
10568,6,99,,TUL,R,53.939,,TULARE/FRESNO COUNTY LINE,-119.54963278366111,36.507937343682336,71000.0,5900,74000,Back,State,True,67.58119131907034,186
10606,6,99,,TUL,,40.79,,GOSHEN,-119.42677515466424,36.350584177669035,71000.0,6100,74000,Back,State,True,67.58119131907034,186
10608,6,99,,TUL,,48.71,,TRAVER,-119.49048555029631,36.45236656928092,71000.0,6100,74000,Back,State,True,67.58119131907034,186
10610,6,99,,TUL,,51.806,,DODGE AVENUE,-119.5185155707156,36.490133958078594,71000.0,6100,74000,Back,State,True,67.58119131907034,186
9401,6,168,,FRE,R,4.258,,SHAW AVENUE,-119.7336761021672,36.80821419052131,71000.0,7600,74000,Ahead,State,True,67.58119131907034,186
9448,6,178,,KER,R,3.402,,"BAKERSFIELD, BEALE AVENUE",-118.98627865624728,35.385996586533324,71000.0,6800,77000,Ahead,State,True,67.58119131907034,186
10167,6,58,,KER,R,56.41,,MT. VERNON AVENUE,-118.96775939708328,35.35287670799971,71000.0,6000,73000,Ahead,State,True,67.58119131907034,186
10390,6,99,,FRE,R,0,,TULARE/FRESNO COUNTY LINE,-119.54963278366111,36.507937343682336,71000.0,6000,74000,Ahead,State,True,67.58119131907034,186
10506,6,99,,KER,,54.475,,WOOLOMES AVENUE,-119.24369685943698,35.74690175211611,71000.0,6200,77000,Ahead,State,True,67.58119131907034,186
10526,6,99,,MAD,R,18.68,,AVENUE 20,-120.15869673209319,37.04279422249217,71000.0,5800,75000,Ahead,State,True,67.58119131907034,186
10544,6,99,,MAD,,20.874,,AVENUE 21 1/2,-120.18615888250561,37.06549492149537,71000.0,5800,78000,Ahead,State,True,67.58119131907034,186
10560,6,99,,TUL,R,38.714,,"VISALIA, JCT RTE 198",-119.40631220443183,36.32589258056504,71000.0,6100,74000,Ahead,State,True,67.58119131907034,186
10564,6,99,,TUL,R,38.98,,JCT. RTE. 198 WEST,-119.40902228779507,36.32910351890582,71000.0,6100,74000,Ahead,State,True,67.58119131907034,186
10566,6,99,,TUL,R,53.822,,MENDOCINO AVENUE,-119.54809206245608,36.50684846576655,71000.0,5900,74000,Ahead,State,True,67.58119131907034,186
10606,6,99,,TUL,,40.79,,GOSHEN,-119.42677515466424,36.350584177669035,71000.0,6100,74000,Ahead,State,True,67.58119131907034,186
10608,6,99,,TUL,,48.71,,TRAVER,-119.49048555029631,36.45236656928092,71000.0,6100,74000,Ahead,State,True,67.58119131907034,186
10504,6,99,,KER,,52.45,,POND ROAD,-119.23717360286417,35.71807613189206,70000.0,6400,77000,Back,State,True,67.16561489918423,210
10506,6,99,,KER,,54.475,,WOOLOMES AVENUE,-119.24369685943698,35.74690175211611,70000.0,6400,77000,Back,State,True,67.16561489918423,210
10604,6,99,,TUL,,36.411,,CALDWELL AVENUE  (AVENUE 280),-119.38452365165716,36.29816952503596,70000.0,5900,74000,Back,State,True,67.16561489918423,210
10502,6,99,,KER,,50.41,,"MC FARLAND, ELMO HIGHWAY",-119.22962865908107,35.68915798479801,70000.0,6400,77000,Ahead,State,True,67.16561489918423,210
10504,6,99,,KER,,52.45,,POND ROAD,-119.23717360286417,35.71807613189206,70000.0,6400,77000,Ahead,State,True,67.16561489918423,210
10602,6,99,,TUL,,33.942,,TAGUS  (AVENUE 264),-119.36380098320473,36.26675341580132,70000.0,5900,74000,Ahead,State,True,67.16561489918423,210
9711,6,198,,TUL,,7.76,,DEMAREE ROAD,-119.33183854361178,36.327040870330286,69000.0,6600,74000,Back,State,True,66.7538864091119,216
10161,6,58,,KER,R,53.519,,SOUTH CHESTER AVENUE,-119.0189274859724,35.35240196607692,69000.0,5700,75000,Back,State,True,66.7538864091119,216
10460,6,99,,KER,R,47.37,,WHISLER ROAD,-119.22016938835948,35.64568493480266,69000.0,6200,76000,Back,State,True,66.7538864091119,216
10470,6,99,,KER,,18.526,,HOSKING AVE OC,-119.02660264953911,35.2813860580078,69000.0,5800,77000,Back,State,True,66.7538864091119,216
9709,6,198,,TUL,,6.76,,"ROAD 100, AKERS RD",-119.34974379619419,36.327155631576254,69000.0,6600,74000,Ahead,State,True,66.7538864091119,216
10159,6,58,,KER,R,53.387,,H STREET,-119.0212641261973,35.35244071278909,69000.0,5700,75000,Ahead,State,True,66.7538864091119,216
10468,6,99,,KER,,17.5,,JCT. RTE. 119 WEST,-119.02280591460088,35.26687681728486,69000.0,5800,77000,Ahead,State,True,66.7538864091119,216
10494,6,99,,KER,,44.307,,JCT. RTE. 46,-119.21111828245863,35.602022437868825,69000.0,6200,76000,Ahead,State,True,66.7538864091119,216
10496,6,99,,KER,,49.295,,"MC FARLAND, SHERWOOD AVENUE",-119.2262435905965,35.67326075918044,68000.0,6100,75000,Back,State,True,66.34985377866708,224
10502,6,99,,KER,,50.41,,"MC FARLAND, ELMO HIGHWAY",-119.22962865908107,35.68915798479801,68000.0,6100,75000,Back,State,True,66.34985377866708,224
10600,6,99,,TUL,,33.222,,SOUTH TAGUS,-119.35817734716815,36.25748655385889,68000.0,5600,71000,Back,State,True,66.34985377866708,224
10602,6,99,,TUL,,33.942,,TAGUS  (AVENUE 264),-119.36380098320473,36.26675341580132,68000.0,5700,72000,Back,State,True,66.34985377866708,224
10460,6,99,,KER,R,47.37,,WHISLER ROAD,-119.22016938835948,35.64568493480266,68000.0,6100,75000,Ahead,State,True,66.34985377866708,224
10598,6,99,,TUL,,31.849,,CARTMILL RD OC,-119.34551760456641,36.24024629541298,68000.0,5600,71000,Ahead,State,True,66.34985377866708,224
10600,6,99,,TUL,,33.222,,SOUTH TAGUS,-119.35817734716815,36.25748655385889,68000.0,5700,72000,Ahead,State,True,66.34985377866708,224
10596,6,99,,TUL,,30.578,,PROSPERITY AVENUE,-119.33393793607517,36.22449735129689,67000.0,5600,70000,Back,State,True,66.06125904263507,231
10592,6,99,,TUL,,29.568,,"TULARE, JCT. RTE. 137",-119.32846188425661,36.210624235901726,67000.0,5600,70000,Ahead,State,True,66.06125904263507,231
9707,6,198,,TUL,,5.76,,"ROAD 92, SHIRK RD",-119.36768539191809,36.327103657931815,66000.0,6200,70000,Back,State,True,65.77266430660305,233
9709,6,198,,TUL,,6.76,,"ROAD 100, AKERS RD",-119.34974379619419,36.327155631576254,66000.0,6200,71000,Back,State,True,65.77266430660305,233
9673,6,198,,TUL,R,4.796,,ALTA AVENUE; COUNTY ROAD 80,-119.39001601418633,36.327198973316555,66000.0,6200,70000,Ahead,State,True,65.77266430660305,233
9707,6,198,,TUL,,5.76,,"ROAD 92, SHIRK RD",-119.36768539191809,36.327103657931815,66000.0,6200,71000,Ahead,State,True,65.77266430660305,233
10496,6,99,,KER,,49.295,,"MC FARLAND, SHERWOOD AVENUE",-119.2262435905965,35.67326075918044,66000.0,5900,73000,Ahead,State,True,65.77266430660305,233
10508,6,99,,KER,,55.521,,"DELANO, JCT. RTE. 155",-119.24897871435576,35.76140242931132,66000.0,5700,71000,Ahead,State,True,65.77266430660305,233
10498,6,99,,KER,,49.954,,"MC FARLAND, PERKINS AVENUE",-119.22845294493551,35.682736461956985,65000.0,5800,72000,Back,State,True,65.44174234261966,239
10498,6,99,,KER,,49.954,,"MC FARLAND, PERKINS AVENUE",-119.22845294493551,35.682736461956985,65000.0,5800,72000,Ahead,State,True,65.44174234261966,239
10510,6,99,,KER,,56.279,,"DELANO, 13TH AVENUE",-119.25151523242629,35.772230042710966,64000.0,5600,69000,Back,State,True,65.1300600277051,241
10592,6,99,,TUL,,29.568,,"TULARE, JCT. RTE. 137",-119.32846188425661,36.210624235901726,64000.0,5300,68000,Back,State,True,65.1300600277051,241
10590,6,99,,TUL,,28.605,,"TULARE, BARDSLEY AVENUE",-119.32846182856109,36.196674812183616,64000.0,5300,68000,Ahead,State,True,65.1300600277051,241
9442,6,178,,KER,R,2.413,,"BAKERSFIELD, UNION AVENUE",-119.00320998414473,35.38343257932581,63000.0,6000,68000,Back,State,True,64.81837771279052,244
9452,6,178,,KER,R,4.626,,MOUNT VERNON AVENUE,-118.9675164468164,35.39440600779613,63000.0,6000,68000,Back,State,True,64.81837771279052,244
10468,6,99,,KER,,17.5,,JCT. RTE. 119 WEST,-119.02280591460088,35.26687681728486,63000.0,5300,70000,Back,State,True,64.81837771279052,244
10564,6,99,,TUL,R,38.98,,JCT. RTE. 198 WEST,-119.40902228779507,36.32910351890582,63000.0,5400,66000,Back,State,True,64.81837771279052,244
9440,6,178,,KER,R,2.009,,"BAKERSFIELD, JCT. RTE. 204",-119.00986649051858,35.38205727274672,63000.0,6000,68000,Ahead,State,True,64.81837771279052,244
9450,6,178,,KER,R,4.1,,HALEY STREET,-118.97633849759116,35.39199564911961,63000.0,6000,68000,Ahead,State,True,64.81837771279052,244
10466,6,99,,KER,,15.432,,HOUGHTON ROAD,-119.0150841733867,35.237584547094016,63000.0,5300,70000,Ahead,State,True,64.81837771279052,244
10562,6,99,,TUL,R,38.75,,JCT. RTE. 198 EAST,-119.406672848374,36.32632562250147,63000.0,5400,66000,Ahead,State,True,64.81837771279052,244
9673,6,198,,TUL,R,4.796,,ALTA AVENUE; COUNTY ROAD 80,-119.39001601418633,36.327198973316555,62000.0,5900,66000,Back,State,True,64.39895336309065,252
10466,6,99,,KER,,15.432,,HOUGHTON ROAD,-119.0150841733867,35.237584547094016,61000.0,5100,68000,Back,State,True,64.02185624134216,253
10514,6,99,,KER,,57.581,,"KERN/TULARE COUNTY LINE (DELANO,   NORTH CITY LIMITS)",-119.25070388034987,35.79046499330009,61000.0,5400,65000,Back,State,True,64.02185624134216,253
10598,6,99,,TUL,,31.849,,CARTMILL RD OC,-119.34551760456641,36.24024629541298,61000.0,5100,64000,Back,State,True,64.02185624134216,253
10464,6,99,,KER,,13.411,,JCT. RTE. 223 EAST,-119.01013862525244,35.20852978828839,61000.0,5100,68000,Ahead,State,True,64.02185624134216,253
10512,6,99,,KER,,56.54,,"DELANO, CECIL AVENUE",-119.25236407209782,35.7759667019807,61000.0,5400,65000,Ahead,State,True,64.02185624134216,253
10596,6,99,,TUL,,30.578,,PROSPERITY AVENUE,-119.33393793607517,36.22449735129689,61000.0,5100,64000,Ahead,State,True,64.02185624134216,253
9499,6,180,,FRE,R,63.8,,FOWLER AVENUE,-119.68413417055484,36.75327691120616,60000.0,5800,64000,Back,State,True,63.756349084192706,259
9655,6,198,,TUL,R,10.734,,BEN MADDOX WAY,-119.27847691342761,36.32657281248241,60000.0,5700,63000,Back,State,True,63.756349084192706,259
10590,6,99,,TUL,,28.605,,"TULARE, BARDSLEY AVENUE",-119.32846182856109,36.196674812183616,60000.0,5000,63000,Back,State,True,63.756349084192706,259
9497,6,180,,FRE,R,62.893,,CLOVIS AVENUE,-119.70029143364674,36.75257458096237,60000.0,5800,63000,Ahead,State,True,63.756349084192706,259
9677,6,198,,TUL,R,9.967,,"VISALIA, JCT. RTE. 63 NORTH",-119.29227390341612,36.32684113744854,60000.0,5700,63000,Ahead,State,True,63.756349084192706,259
10588,6,99,,TUL,,27.6,,PAIGE ROAD  (AVENUE 216),-119.3284889082753,36.1821870236518,60000.0,5000,63000,Ahead,State,True,63.756349084192706,259
9991,6,41,,FRE,R,31.683,,"FRESNO, FRIANT ROAD",-119.7887589727077,36.85455654109684,59000.0,5600,63000,Ahead,State,True,63.54086501462214,265
10171,6,58,,KER,R,58.436,,FAIRFAX ROAD,-118.93197450558216,35.35217031333739,57000.0,4850,59000,Back,State,True,63.0021548406957,266
10462,6,99,,KER,,10.93,,OLD U. S. 99  (SOUTH END BAKERSFIELD BYPASS),-119.0042627809116,35.173008929758645,57000.0,5300,63000,Back,State,True,63.0021548406957,266
10512,6,99,,KER,,56.54,,"DELANO, CECIL AVENUE",-119.25236407209782,35.7759667019807,57000.0,5000,61000,Back,State,True,63.0021548406957,266
10518,6,99,,KER,,9.299,,HERRING ROAD OC,-118.99691412530629,35.15005701134826,57000.0,5300,63000,Back,State,True,63.0021548406957,266
10584,6,99,,TUL,,23.489,,AVENUE 184,-119.3246393299405,36.12349293734146,57000.0,5200,60000,Back,State,True,63.0021548406957,266
10586,6,99,,TUL,,25.433,,AVENUE 200,-119.33094849731987,36.15114461817847,57000.0,5100,60000,Back,State,True,63.0021548406957,266
10588,6,99,,TUL,,27.6,,PAIGE ROAD  (AVENUE 216),-119.3284889082753,36.1821870236518,57000.0,5100,60000,Back,State,True,63.0021548406957,266
10169,6,58,,KER,R,57.412,,OSWELL STREET,-118.95012216495071,35.35211449293891,57000.0,4850,59000,Ahead,State,True,63.0021548406957,266
10510,6,99,,KER,,56.279,,"DELANO, 13TH AVENUE",-119.25151523242629,35.772230042710966,57000.0,5000,61000,Ahead,State,True,63.0021548406957,266
10516,6,99,,KER,,7.295,,SANDRINI ROAD OC,-118.98808399418552,35.12196597345336,57000.0,5300,63000,Ahead,State,True,63.0021548406957,266
10518,6,99,,KER,,9.299,,HERRING ROAD OC,-118.99691412530629,35.15005701134826,57000.0,5300,63000,Ahead,State,True,63.0021548406957,266
10582,6,99,,TUL,,19.463,,"TIPTON, AVENUE 152  (OLIVE AVENUE)",-119.31413033109705,36.06595412278724,57000.0,5200,60000,Ahead,State,True,63.0021548406957,266
10584,6,99,,TUL,,23.489,,AVENUE 184,-119.3246393299405,36.12349293734146,57000.0,5100,60000,Ahead,State,True,63.0021548406957,266
10586,6,99,,TUL,,25.433,,AVENUE 200,-119.33094849731987,36.15114461817847,57000.0,5100,60000,Ahead,State,True,63.0021548406957,266
9405,6,168,,FRE,R,6.866,,HERNDON AVENUE,-119.70340417605625,36.83701675465069,56000.0,5800,59000,Back,State,True,62.74434354317378,280
9440,6,178,,KER,R,2.009,,"BAKERSFIELD, JCT. RTE. 204",-119.00986649051858,35.38205727274672,56000.0,5300,61000,Back,State,True,62.74434354317378,280
10516,6,99,,KER,,7.295,,SANDRINI ROAD OC,-118.98808399418552,35.12196597345336,56000.0,5200,62000,Back,State,True,62.74434354317378,280
9403,6,168,,FRE,R,5.628,,BULLARD AVENUE,-119.7170944920031,36.82302335463344,56000.0,5800,59000,Ahead,State,True,62.74434354317378,280
10500,6,99,,KER,,5.343,,DAVID ROAD,-118.97933928476347,35.09445682862718,56000.0,5200,62000,Ahead,State,True,62.74434354317378,280
10570,6,99,,TUL,,0,,"KERN/TULARE COUNTY LINE (DELANO,   NORTH CITY LIMITS)",-119.25070388034987,35.79046499330009,56000.0,5500,61000,Ahead,State,True,62.74434354317378,280
9458,6,178,,KER,R,5.641,,"BAKERSFIELD, OSWELL STREET",-118.94979904902789,35.39624134127316,55000.0,5200,59000,Back,State,True,62.56349084192704,286
10464,6,99,,KER,,13.411,,JCT. RTE. 223 EAST,-119.01013862525244,35.20852978828839,55000.0,5100,61000,Back,State,True,62.56349084192704,286
10582,6,99,,TUL,,19.463,,"TIPTON, AVENUE 152  (OLIVE AVENUE)",-119.31413033109705,36.06595412278724,55000.0,4650,59000,Back,State,True,62.56349084192704,286
10594,6,99,,TUL,,3.055,,"RADNOR, AVENUE 24",-119.26027740689409,35.83369867401377,55000.0,5400,61000,Back,State,True,62.56349084192704,286
10612,6,99,,TUL,,6.148,,AVENUE 48,-119.27040033587956,35.87742478785215,55000.0,4800,61000,Back,State,True,62.56349084192704,286
9452,6,178,,KER,R,4.626,,MOUNT VERNON AVENUE,-118.9675164468164,35.39440600779613,55000.0,5200,59000,Ahead,State,True,62.56349084192704,286
9464,6,178,,KER,,0,,JCT. RTES. 99/58,-119.04452355975693,35.38304218770652,55000.0,5300,57000,Ahead,State,True,62.56349084192704,286
10462,6,99,,KER,,10.93,,OLD U. S. 99  (SOUTH END BAKERSFIELD BYPASS),-119.0042627809116,35.173008929758645,55000.0,5100,61000,Ahead,State,True,62.56349084192704,286
10580,6,99,,TUL,,18.429,,"TIPTON, JCT. RTE. 190 EAST",-119.310927446342,36.05128186050939,55000.0,4650,59000,Ahead,State,True,62.56349084192704,286
10594,6,99,,TUL,,3.055,,"RADNOR, AVENUE 24",-119.26027740689409,35.83369867401377,55000.0,4800,61000,Ahead,State,True,62.56349084192704,286
10580,6,99,,TUL,,18.429,,"TIPTON, JCT. RTE. 190 EAST",-119.310927446342,36.05128186050939,54000.0,4500,58000,Back,State,True,62.32491919347392,296
10500,6,99,,KER,,5.343,,DAVID ROAD,-118.97933928476347,35.09445682862718,53000.0,4950,59000,Back,State,True,62.08634754502078,297
10474,6,99,,KER,,2.732,,"METTLER, JCT. RTE. 166 WEST",-118.96777997119825,35.057822247458205,53000.0,4950,59000,Ahead,State,True,62.08634754502078,297
10578,6,99,,TUL,,15.367,,AVENUE 120,-119.30177371061487,36.007659045669726,52000.0,4350,56000,Back,State,True,61.851623826381406,299
10614,6,99,,TUL,,9.712,,AVENUE 76,-119.28190188328044,35.92787878188372,52000.0,4600,56000,Back,State,True,61.851623826381406,299
10576,6,99,,TUL,,13.33,,AVENUE 104,-119.29573247475216,35.97857986105472,52000.0,4350,56000,Ahead,State,True,61.851623826381406,299
10578,6,99,,TUL,,15.367,,AVENUE 120,-119.30177371061487,36.007659045669726,52000.0,4350,56000,Ahead,State,True,61.851623826381406,299
10612,6,99,,TUL,,6.148,,AVENUE 48,-119.27040033587956,35.87742478785215,52000.0,4600,57000,Ahead,State,True,61.851623826381406,299
10572,6,99,,TUL,,12.297,,AVENUE 96/PARK DRIVE,-119.29051066502362,35.96434642828285,51000.0,4350,55000,Back,State,True,61.62074803755579,304
10614,6,99,,TUL,,9.712,,AVENUE 76,-119.28190188328044,35.92787878188372,51000.0,4350,55000,Ahead,State,True,61.62074803755579,304
9971,6,41,,FRE,R,21.859,,JCT RTE 99,-119.78457591009501,36.71769812144129,50000.0,4500,52000,Back,State,True,61.347545020778824,306
10548,6,99,,MAD,,23.77,,AVENUE 24,-120.21608266203661,37.09825380928438,50000.0,3900,53000,Back,State,True,61.347545020778824,306
10550,6,99,,MAD,,24.43,,AVENUE 24 1/2,-120.2242956981679,37.105502732654045,50000.0,4100,53000,Back,State,True,61.347545020778824,306
10552,6,99,,MAD,,26.576,,JCT. RTE. 233 WEST,-120.25221699459001,37.1269151375336,50000.0,4100,53000,Back,State,True,61.347545020778824,306
9969,6,41,,FRE,R,21.113,,"FRESNO, EAST JENSEN AVENUE",-119.78476247311153,36.70690987637583,50000.0,4500,52000,Ahead,State,True,61.347545020778824,306
10546,6,99,,MAD,,22.727,,"CALIFA, JCT. RTE. 152 WEST",-120.20941868706949,37.084641673162515,50000.0,3900,53000,Ahead,State,True,61.347545020778824,306
10548,6,99,,MAD,,23.77,,AVENUE 24,-120.21608266203661,37.09825380928438,50000.0,4100,53000,Ahead,State,True,61.347545020778824,306
10550,6,99,,MAD,,24.43,,AVENUE 24 1/2,-120.2242956981679,37.105502732654045,50000.0,4100,53000,Ahead,State,True,61.347545020778824,306
9657,6,198,,TUL,R,11.719,,LOVERS LANE,-119.26101289265152,36.32752281866189,49500.0,4700,52000,Back,State,True,61.09742958288441,314
10157,6,58,,KER,R,52.36,,"BAKERSFIELD, SOUTH JCT. RTE. 99",-119.03950991483252,35.3525573162195,49500.0,4050,54000,Back,State,True,61.09742958288441,314
9655,6,198,,TUL,R,10.734,,BEN MADDOX WAY,-119.27847691342761,36.32657281248241,49500.0,4700,52000,Ahead,State,True,61.09742958288441,314
10201,6,58,,KER,,51.807,,"BAKERSFIELD, REAL ROAD",-119.04452355975693,35.38304218770652,49500.0,4050,54000,Ahead,State,True,61.09742958288441,314
10574,6,99,,TUL,,12.804,,"PIXLEY, AVENUE 100",-119.29228588784032,35.97156398105955,49000.0,4150,53000,Back,State,True,60.9242727412652,318
10576,6,99,,TUL,,13.33,,AVENUE 104,-119.29573247475216,35.97857986105472,49000.0,4150,53000,Back,State,True,60.9242727412652,318
10572,6,99,,TUL,,12.297,,AVENUE 96/PARK DRIVE,-119.29051066502362,35.96434642828285,49000.0,4150,53000,Ahead,State,True,60.9242727412652,318
10574,6,99,,TUL,,12.804,,"PIXLEY, AVENUE 100",-119.29228588784032,35.97156398105955,49000.0,4150,53000,Ahead,State,True,60.9242727412652,318
10201,6,58,,KER,,51.807,,"BAKERSFIELD, REAL ROAD",-119.04452355975693,35.38304218770652,48500.0,4000,54000,Back,State,True,60.735724180390946,322
10446,6,99,,KER,L,0.748,,JCT. RTE. 5,-118.95532251302882,35.01842770032936,48500.0,4650,54000,Back,State,True,60.735724180390946,322
10474,6,99,,KER,,2.732,,"METTLER, JCT. RTE. 166 WEST",-118.96777997119825,35.057822247458205,48500.0,4650,54000,Back,State,True,60.735724180390946,322
10446,6,99,,KER,L,0.748,,JCT. RTE. 5,-118.95532251302882,35.01842770032936,48500.0,4650,54000,Ahead,State,True,60.735724180390946,322
10448,6,99,,KER,L,0,,BEGIN RTE,-118.95166120271294,35.00687530641457,48500.0,4650,54000,Ahead,State,True,60.735724180390946,322
10556,6,99,,MAD,,29.359,,MADERA/MERCED COUNTY LINE,-120.29071526627148,37.1527092427622,48000.0,3900,50000,Back,State,True,60.48560874249653,327
10554,6,99,,MAD,,28.167,,MINTURN ROAD,-120.27437890875636,37.141794619769065,48000.0,3900,50000,Ahead,State,True,60.48560874249653,327
10554,6,99,,MAD,,28.167,,MINTURN ROAD,-120.27437890875636,37.141794619769065,47000.0,3850,49000,Back,State,True,60.15468677851315,329
10552,6,99,,MAD,,26.576,,JCT. RTE. 233 WEST,-120.25221699459001,37.1269151375336,47000.0,3850,49000,Ahead,State,True,60.15468677851315,329
10173,6,58,,KER,R,59.44,,JCT. RTE. 184,-118.91419713626527,35.35214694023996,46500.0,3950,51000,Back,State,True,59.97768200708019,331
10171,6,58,,KER,R,58.436,,FAIRFAX ROAD,-118.93197450558216,35.35217031333739,46500.0,3950,51000,Ahead,State,True,59.97768200708019,331
9460,6,178,,KER,R,6.77,,FAIRFAX ROAD,-118.92985370536722,35.39644639949852,46000.0,4400,49500,Back,State,True,59.80452516546099,333
9458,6,178,,KER,R,5.641,,"BAKERSFIELD, OSWELL STREET",-118.94979904902789,35.39624134127316,46000.0,4400,49500,Ahead,State,True,59.80452516546099,333
10276,6,5,,KER,,62.605,,LERDO AVENUE,-119.53496024349442,35.50034119583898,45500.0,5600,52000,Back,Interstate,True,59.61597660458673,335
10274,6,5,,KER,,58.006,,ROWLEE ROAD,-119.47489337602718,35.45564282246034,45500.0,5600,52000,Ahead,Interstate,True,59.61597660458673,335
10221,6,5,,FRE,,29.955,,JCT. RTE. 33 NORTH,-120.39410800565592,36.435917882600805,45000.0,5600,45500,Back,Interstate,True,59.30429428967216,337
10270,6,5,,KER,,52.145,,JCT. RTE. 58,-119.39709398314203,35.39892160224052,45000.0,5600,50000,Back,Interstate,True,59.30429428967216,337
10278,6,5,,KER,,73.017,,JCT. RTE. 46,-119.65305373553541,35.6162654101231,45000.0,5600,51000,Back,Interstate,True,59.30429428967216,337
10219,6,5,,FRE,,17.964,,"JCT. RTE. 33 SOUTH, JCT. RTE. 145 NORTH",-120.26905311094886,36.294422785737794,45000.0,5600,45500,Ahead,Interstate,True,59.30429428967216,337
10264,6,5,,KER,,47.546,,STOCKDALE ROAD,-119.33573144859108,35.35496644852673,45000.0,5600,50000,Ahead,Interstate,True,59.30429428967216,337
10276,6,5,,KER,,62.605,,LERDO AVENUE,-119.53496024349442,35.50034119583898,45000.0,5600,51000,Ahead,Interstate,True,59.30429428967216,337
9407,6,168,,FRE,R,8.042,,FOWLER AVENUE,-119.68414630589602,36.840733172232255,44500.0,4550,47500,Back,State,True,59.03878713252271,343
10237,6,5,,FRE,,66.159,,FRESNO/MERCED COUNTY LINE,-120.77706806948851,36.855119540708436,44500.0,5300,45500,Back,Interstate,True,59.03878713252271,343
9405,6,168,,FRE,R,6.866,,HERNDON AVENUE,-119.70340417605625,36.83701675465069,44500.0,4550,47500,Ahead,State,True,59.03878713252271,343
10235,6,5,,FRE,,65.782,,NEES AVENUE,-120.77374683259308,36.8503150014045,44500.0,5300,45500,Ahead,Interstate,True,59.03878713252271,343
10219,6,5,,FRE,,17.964,,"JCT. RTE. 33 SOUTH, JCT. RTE. 145 NORTH",-120.26905311094886,36.294422785737794,44000.0,5500,45500,Back,Interstate,True,58.86178236108973,347
10217,6,5,,FRE,,14.873,,JCT. RTE. 198,-120.24379744924968,36.2543624251924,44000.0,5500,45500,Ahead,Interstate,True,58.86178236108973,347
10227,6,5,,FRE,,48.99,,PANOCHE ROAD,-120.62259843548762,36.63951671696332,43500.0,5400,45500,Back,Interstate,True,58.68862551947053,349
10225,6,5,,FRE,,45.798,,MANNING AVENUE,-120.58538880516608,36.60458643709323,43500.0,5400,45500,Ahead,Interstate,True,58.68862551947053,349
10223,6,5,,FRE,,38.359,,KAMM AVENUE,-120.48783866077882,36.53088910226638,43000.0,5400,45500,Back,Interstate,True,58.546252116361394,351
10225,6,5,,FRE,,45.798,,MANNING AVENUE,-120.58538880516608,36.60458643709323,43000.0,5400,45500,Back,Interstate,True,58.546252116361394,351
10248,6,5,,KER,,10.153,L,GRAPEVINE,-118.93073282545038,34.9388077436194,43000.0,4600,50000,Back,Interstate,True,58.546252116361394,351
10249,6,5,,KER,,10.153,R,GRAPEVINE,-118.92952738695037,34.93911844037093,43000.0,4600,50000,Back,Interstate,True,58.546252116361394,351
10250,6,5,,KER,,10.408,L,END LEFT ALIGN,-118.93158637768386,34.942566780836195,43000.0,4600,50000,Back,Interstate,True,58.546252116361394,351
10251,6,5,,KER,,10.408,R,END RIGHT ALIGN,-118.93132804556436,34.94263455288986,43000.0,4600,50000,Back,Interstate,True,58.546252116361394,351
10272,6,5,,KER,,56.642,,7TH STANDARD ROAD,-119.45653812677622,35.4423004428259,43000.0,5300,49500,Back,Interstate,True,58.546252116361394,351
10221,6,5,,FRE,,29.955,,JCT. RTE. 33 NORTH,-120.39410800565592,36.435917882600805,43000.0,5400,45500,Ahead,Interstate,True,58.546252116361394,351
10223,6,5,,FRE,,38.359,,KAMM AVENUE,-120.48783866077882,36.53088910226638,43000.0,5400,45500,Ahead,Interstate,True,58.546252116361394,351
10248,6,5,,KER,,10.153,L,GRAPEVINE,-118.93073282545038,34.9388077436194,43000.0,4600,50000,Ahead,Interstate,True,58.546252116361394,351
10249,6,5,,KER,,10.153,R,GRAPEVINE,-118.92952738695037,34.93911844037093,43000.0,4600,50000,Ahead,Interstate,True,58.546252116361394,351
10268,6,5,,KER,,5.152,L,BEGIN LEFT ALIGN,-118.89661642702869,34.87804826229377,43000.0,4600,50000,Ahead,Interstate,True,58.546252116361394,351
10269,6,5,,KER,,5.152,R,BEGIN RIGHT ALIGN,-118.89648911149843,34.878168198168424,43000.0,4600,50000,Ahead,Interstate,True,58.546252116361394,351
10270,6,5,,KER,,52.145,,JCT. RTE. 58,-119.39709398314203,35.39892160224052,43000.0,5300,49500,Ahead,Interstate,True,58.546252116361394,351
9501,6,180,,FRE,R,65.275,,TEMPERANCE AVENUE,-119.6643681180485,36.73961860560437,42500.0,4100,45500,Back,State,True,58.257657380329384,365
10274,6,5,,KER,,58.006,,ROWLEE ROAD,-119.47489337602718,35.45564282246034,42500.0,5300,49000,Back,Interstate,True,58.257657380329384,365
9499,6,180,,FRE,R,63.8,,FOWLER AVENUE,-119.68413417055484,36.75327691120616,42500.0,4100,45500,Ahead,State,True,58.257657380329384,365
10272,6,5,,KER,,56.642,,7TH STANDARD ROAD,-119.45653812677622,35.4423004428259,42500.0,5300,49000,Ahead,Interstate,True,58.257657380329384,365
9631,6,198,,KIN,R,15.745,,HANFORD/ARMONA ROAD,-119.69296159594995,36.3139556101839,42000.0,3950,44000,Back,State,True,57.99984608280745,369
10231,6,5,,FRE,,52.746,,RUSSELL AVENUE,-120.65822362449755,36.68594886346636,42000.0,5200,45500,Back,Interstate,True,57.99984608280745,369
10235,6,5,,FRE,,65.782,,NEES AVENUE,-120.77374683259308,36.8503150014045,42000.0,5000,45500,Back,Interstate,True,57.99984608280745,369
9629,6,198,,KIN,R,14.767,,14TH AVENUE,-119.70935446108972,36.30877753028331,42000.0,3950,44000,Ahead,State,True,57.99984608280745,369
10227,6,5,,FRE,,48.99,,PANOCHE ROAD,-120.62259843548762,36.63951671696332,42000.0,5200,45500,Ahead,Interstate,True,57.99984608280745,369
10233,6,5,,FRE,,60.077,,SHIELDS AVENUE,-120.72395203331313,36.777914560382676,42000.0,5000,45500,Ahead,Interstate,True,57.99984608280745,369
10217,6,5,,FRE,,14.873,,JCT. RTE. 198,-120.24379744924968,36.2543624251924,41500.0,5300,45500,Back,Interstate,True,57.753578574726795,375
10229,6,5,,FRE,,5.501,,JAYNE AVENUE,-120.15866129086031,36.13775642123382,41500.0,5300,45500,Back,Interstate,True,57.753578574726795,375
10233,6,5,,FRE,,60.077,,SHIELDS AVENUE,-120.72395203331313,36.777914560382676,41500.0,5000,45500,Back,Interstate,True,57.753578574726795,375
10213,6,5,,FRE,,0.228,,JCT. RTE. 269,-120.10204929456845,36.076974719243324,41500.0,5300,45500,Ahead,Interstate,True,57.753578574726795,375
10229,6,5,,FRE,,5.501,,JAYNE AVENUE,-120.15866129086031,36.13775642123382,41500.0,5300,45500,Ahead,Interstate,True,57.753578574726795,375
10231,6,5,,FRE,,52.746,,RUSSELL AVENUE,-120.65822362449755,36.68594886346636,41500.0,5000,45500,Ahead,Interstate,True,57.753578574726795,375
9969,6,41,,FRE,R,21.113,,"FRESNO, EAST JENSEN AVENUE",-119.78476247311153,36.70690987637583,41000.0,3700,42500,Back,State,True,57.576573803293826,381
10213,6,5,,FRE,,0.228,,JCT. RTE. 269,-120.10204929456845,36.076974719243324,41000.0,5300,45500,Back,Interstate,True,57.576573803293826,381
9967,6,41,,FRE,R,20.084,,NORTH AVENUE,-119.78576468754142,36.69204733832875,41000.0,3700,42500,Ahead,State,True,57.576573803293826,381
10215,6,5,,FRE,,0,,KINGS/FRESNO COUNTY LINE,-120.0981837163401,36.07463198251882,41000.0,5300,45500,Ahead,Interstate,True,57.576573803293826,381
9633,6,198,,KIN,R,16.91,,12TH AVENUE,-119.67295440058706,36.31856634086126,40500.0,3850,43500,Back,State,True,57.391873172233346,385
9635,6,198,,KIN,R,17.912,,"HANFORD, 11TH AVENUE",-119.65539933196364,36.32126215277233,40500.0,3800,42500,Back,State,True,57.391873172233346,385
9631,6,198,,KIN,R,15.745,,HANFORD/ARMONA ROAD,-119.69296159594995,36.3139556101839,40500.0,3850,43500,Ahead,State,True,57.391873172233346,385
9633,6,198,,KIN,R,16.91,,12TH AVENUE,-119.67295440058706,36.31856634086126,40500.0,3800,42500,Ahead,State,True,57.391873172233346,385
10264,6,5,,KER,,47.546,,STOCKDALE ROAD,-119.33573144859108,35.35496644852673,40000.0,4850,46500,Back,Interstate,True,57.16099738340773,389
10286,6,5,,KIN,,12.362,,UTICA AVENUE,-119.91181097108088,35.93453302780886,40000.0,5100,45000,Back,Interstate,True,57.16099738340773,389
10288,6,5,,KIN,,16.595,,JCT. RTE. 41,-119.9602522742307,35.98183505423454,40000.0,5100,46500,Back,Interstate,True,57.16099738340773,389
10290,6,5,,KIN,,26.724,,KINGS/FRESNO COUNTY LINE,-120.0981837163401,36.07463198251882,40000.0,4800,45500,Back,Interstate,True,57.16099738340773,389
10262,6,5,,KER,,41.193,,JCT. RTE. 43,-119.2525114712629,35.29356912025704,40000.0,4850,46500,Ahead,Interstate,True,57.16099738340773,389
10284,6,5,,KIN,,0,,KERN/KINGS COUNTY LINE,-119.78253896761184,35.790092856337665,40000.0,5100,44500,Ahead,Interstate,True,57.16099738340773,389
10286,6,5,,KIN,,12.362,,UTICA AVENUE,-119.91181097108088,35.93453302780886,40000.0,5100,46500,Ahead,Interstate,True,57.16099738340773,389
10288,6,5,,KIN,,16.595,,JCT. RTE. 41,-119.9602522742307,35.98183505423454,40000.0,4800,47500,Ahead,Interstate,True,57.16099738340773,389
9629,6,198,,KIN,R,14.767,,14TH AVENUE,-119.70935446108972,36.30877753028331,39500.0,3750,41500,Back,State,True,56.97244882253347,397
10254,6,5,,KER,,19.612,,JCT. RTE. 166,-118.99894358482314,35.05934946445718,39500.0,5000,45000,Back,Interstate,True,56.97244882253347,397
9627,6,198,,KIN,R,12.106,,HOUSTON AVENUE,-119.75493630182436,36.297574628643716,39500.0,3750,41500,Ahead,State,True,56.97244882253347,397
9477,6,180,,FRE,R,56.52,,JCT RTE 99,-119.81128884669585,36.742593456074275,39000.0,4000,41500,Back,State,True,56.73387717408035,400
10256,6,5,,KER,,29.073,,OLD RIVER ROAD,-119.11063743296597,35.1616975888891,39000.0,4950,44500,Back,Interstate,True,56.73387717408035,400
10260,6,5,,KER,,38.793,,JCT. RTE. 119,-119.22430908749675,35.26710121418094,39000.0,4950,44500,Back,Interstate,True,56.73387717408035,400
10262,6,5,,KER,,41.193,,JCT. RTE. 43,-119.2525114712629,35.29356912025704,39000.0,4950,46000,Back,Interstate,True,56.73387717408035,400
10280,6,5,,KER,,82.347,,TWISSELMAN ROAD,-119.73911889026908,35.73191273335829,39000.0,4950,44500,Back,Interstate,True,56.73387717408035,400
10282,6,5,,KER,,87.025,,KERN/KINGS COUNTY LINE,-119.78253896761184,35.790092856337665,39000.0,4950,44500,Back,Interstate,True,56.73387717408035,400
9475,6,180,,FRE,R,54.616,,MARKS AVENUE,-119.84524577888321,36.73817750990372,39000.0,4000,41500,Ahead,State,True,56.73387717408035,400
10254,6,5,,KER,,19.612,,JCT. RTE. 166,-118.99894358482314,35.05934946445718,39000.0,4950,44000,Ahead,Interstate,True,56.73387717408035,400
10258,6,5,,KER,,33.489,,JCT. RTE. 223,-119.1626480436752,35.209136006703176,39000.0,4950,44500,Ahead,Interstate,True,56.73387717408035,400
10260,6,5,,KER,,38.793,,JCT. RTE. 119,-119.22430908749675,35.26710121418094,39000.0,4950,46000,Ahead,Interstate,True,56.73387717408035,400
10278,6,5,,KER,,73.017,,JCT. RTE. 46,-119.65305373553541,35.6162654101231,39000.0,4950,45500,Ahead,Interstate,True,56.73387717408035,400
10280,6,5,,KER,,82.347,,TWISSELMAN ROAD,-119.73911889026908,35.73191273335829,39000.0,4950,44500,Ahead,Interstate,True,56.73387717408035,400
10027,6,41,,MAD,,3.23,,AVENUE 12,-119.79405829087555,36.92379673751361,38500.0,3450,40500,Back,State,True,56.418346929352005,412
10258,6,5,,KER,,33.489,,JCT. RTE. 223,-119.1626480436752,35.209136006703176,38000.0,4900,42500,Back,Interstate,True,56.148991842388796,413
10256,6,5,,KER,,29.073,,OLD RIVER ROAD,-119.11063743296597,35.1616975888891,38000.0,4900,43500,Ahead,Interstate,True,56.148991842388796,413
9503,6,180,,FRE,R,71.334,,ACADEMY AVE,-119.55630569776363,36.73592360881367,37500.0,3550,39000,Back,State,True,55.85654917654303,415
9761,6,204,,KER,,6.46,,PIERCE ROAD,-119.04085268148496,35.40186831755438,37500.0,3650,40000,Back,State,True,55.85654917654303,415
9501,6,180,,FRE,R,65.275,,TEMPERANCE AVENUE,-119.6643681180485,36.73961860560437,37500.0,3550,39000,Ahead,State,True,55.85654917654303,415
9761,6,204,,KER,,6.46,,PIERCE ROAD,-119.04085268148496,35.40186831755438,37500.0,3650,40000,Ahead,State,True,55.85654917654303,415
9659,6,198,,TUL,R,13.737,,COUNTY ROAD 156,-119.22491407139961,36.32646380187638,37000.0,3500,39000,Back,State,True,55.641065106972455,419
9657,6,198,,TUL,R,11.719,,LOVERS LANE,-119.26101289265152,36.32752281866189,37000.0,3500,39000,Ahead,State,True,55.641065106972455,419
9759,6,204,,KER,,5.137,,"BAKERSFIELD, F STREET",-119.0230229394887,35.38966669370601,36500.0,3600,38500,Back,State,True,55.46406033553948,421
9409,6,168,,FRE,R,9.15,,TEMPERANCE AVENUE,-119.66448760206612,36.8426920564711,35500.0,3550,37500,Back,State,True,54.98306910881946,422
9407,6,168,,FRE,R,8.042,,FOWLER AVENUE,-119.68414630589602,36.840733172232255,35500.0,3550,37500,Ahead,State,True,54.98306910881946,422
9759,6,204,,KER,,5.137,,"BAKERSFIELD, F STREET",-119.0230229394887,35.38966669370601,35000.0,3450,38000,Ahead,State,True,54.71371402185624,424
119,6,155,,KER,,0.22,,HIGH ST,-119.2502802887608,35.76378516636427,34500.0,3000,36000,Ahead,State,True,54.49822995228567,425
9647,6,198,,KIN,,23.32,,SIXTH AVENUE,-119.56513586032543,36.328212657425595,34000.0,3100,35500,Back,State,True,54.14422040941973,426
9649,6,198,,KIN,,28.325,,KINGS/TULARE COUNTY LINE,-119.47533393140209,36.327619971062205,34000.0,3100,35500,Back,State,True,54.14422040941973,426
9639,6,198,,KIN,R,20.975,,JCT. RTE. 43,-119.60094016262323,36.32516246662692,34000.0,3100,35500,Ahead,State,True,54.14422040941973,426
9647,6,198,,KIN,,23.32,,SIXTH AVENUE,-119.56513586032543,36.328212657425595,34000.0,3100,35500,Ahead,State,True,54.14422040941973,426
9639,6,198,,KIN,R,20.975,,JCT. RTE. 43,-119.60094016262323,36.32516246662692,33000.0,3050,34000,Back,State,True,53.44389718331538,430
10175,6,58,,KER,R,61.512,,EDISON ROAD,-118.87866301396728,35.34544930387681,33000.0,2850,34000,Back,State,True,53.44389718331538,430
9637,6,198,,KIN,R,18.959,,"HANFORD, 10TH AVENUE",-119.63696351281486,36.324091136382116,33000.0,3050,34000,Ahead,State,True,53.44389718331538,430
9679,6,198,,TUL,,0,,KINGS/TULARE COUNTY LINE,-119.47533393140209,36.327619971062205,33000.0,3050,36000,Ahead,State,True,53.44389718331538,430
10173,6,58,,KER,R,59.44,,JCT. RTE. 184,-118.91419713626527,35.35214694023996,33000.0,2850,34000,Ahead,State,True,53.44389718331538,430
9661,6,198,,TUL,R,14.653,,COUNTY ROAD 164,-119.20847927200407,36.32667945995762,32500.0,3100,34000,Back,State,True,53.05140834231183,435
9967,6,41,,FRE,R,20.084,,NORTH AVENUE,-119.78576468754142,36.69204733832875,32500.0,2950,35000,Back,State,True,53.05140834231183,435
10298,6,63,,TUL,L,7.97,,"VISALIA, NOBLE AVENUE/MINERAL KING BOULEVARD.  WEST JCT. RTE. 198",-119.31406673217155,36.327006297901846,32500.0,2700,34500,Back,State,True,53.05140834231183,435
9659,6,198,,TUL,R,13.737,,COUNTY ROAD 156,-119.22491407139961,36.32646380187638,32500.0,3100,34000,Ahead,State,True,53.05140834231183,435
9963,6,41,,FRE,R,19.113,,CENTRAL AVENUE,-119.78579271497827,36.677951368954204,32500.0,2950,35000,Ahead,State,True,53.05140834231183,435
10334,6,63,,TUL,,7.49,,"VISALIA, TULARE AVENUE (AVENUE 292)",-119.3138785099667,36.319896763312116,32500.0,2700,33500,Ahead,State,True,53.05140834231183,435
9635,6,198,,KIN,R,17.912,,"HANFORD, 11TH AVENUE",-119.65539933196364,36.32126215277233,32000.0,3000,34000,Ahead,State,True,52.70509465907342,441
10330,6,63,,TUL,,6.01,,CALDWELL AVENUE (AVENUE 280),-119.31359051996807,36.298497467874505,31500.0,3100,33000,Ahead,State,True,52.3780206249038,442
9627,6,198,,KIN,R,12.106,,HOUSTON AVENUE,-119.75493630182436,36.297574628643716,31000.0,2950,32500,Back,State,True,52.15099276589194,443
10177,6,58,,KER,R,63.581,,COMANCHE DRIVE,-118.84319846708632,35.3381936703879,31000.0,2750,32000,Back,State,True,52.15099276589194,443
9625,6,198,,KIN,R,10.561,,18TH AVENUE,-119.78088522756427,36.29159181322545,31000.0,2950,32500,Ahead,State,True,52.15099276589194,443
10175,6,58,,KER,R,61.512,,EDISON ROAD,-118.87866301396728,35.34544930387681,31000.0,2750,32000,Ahead,State,True,52.15099276589194,443
9460,6,178,,KER,R,6.77,,FAIRFAX ROAD,-118.92985370536722,35.39644639949852,30500.0,2950,33500,Ahead,State,True,51.88163767892874,447
10368,6,65,,TUL,,19.142,,OLIVE STREET,-119.03923361461074,36.06582254465074,30000.0,2800,32500,Back,State,True,51.56995536401416,448
10366,6,65,,TUL,,18.163,,JCT. RTE. 190,-119.0388817534971,36.05163031118545,30000.0,2800,32500,Ahead,State,True,51.56995536401416,448
9749,6,204,,KER,,3.087,,"BAKERSFIELD, CALIFORNIA AVENUE",-119.00288465746796,35.368446362055415,29500.0,2650,32000,Back,State,True,51.1697706633831,450
9745,6,204,,KER,R,0.098,,BRUNDAGE LANE,-119.00294404329475,35.353852337997445,29500.0,2650,32000,Ahead,State,True,51.1697706633831,450
9757,6,204,,KER,,4.235,,"BAKERSFIELD, JCT. RTE. 178",-119.00993497897416,35.382142545114064,29500.0,2900,31000,Ahead,State,True,51.1697706633831,450
9637,6,198,,KIN,R,18.959,,"HANFORD, 10TH AVENUE",-119.63696351281486,36.324091136382116,29000.0,2750,31000,Back,State,True,50.83500076958596,453
9963,6,41,,FRE,R,19.113,,CENTRAL AVENUE,-119.78579271497827,36.677951368954204,29000.0,2650,31500,Back,State,True,50.83500076958596,453
9749,6,204,,KER,,3.087,,"BAKERSFIELD, CALIFORNIA AVENUE",-119.00288465746796,35.368446362055415,29000.0,2600,30500,Ahead,State,True,50.83500076958596,453
9625,6,198,,KIN,R,10.561,,18TH AVENUE,-119.78088522756427,36.29159181322545,28500.0,2700,29500,Back,State,True,50.49253501616131,456
10332,6,63,,TUL,,6.99,,"VISALIA, WALNUT AVENUE (AVENUE 288)",-119.31379217378309,36.312709161232895,28500.0,2350,29500,Back,State,True,50.49253501616131,456
10360,6,65,,TUL,R,20.14,,HENDERSON AVE,-119.03913321440301,36.08035681729992,28500.0,2650,31000,Back,State,True,50.49253501616131,456
9643,6,198,,KIN,R,9.47,,19TH AVE,-119.79895356748989,36.28618718212822,28500.0,2850,29500,Ahead,State,True,50.49253501616131,456
10368,6,65,,TUL,,19.142,,OLIVE STREET,-119.03923361461074,36.06582254465074,28500.0,2650,31000,Ahead,State,True,50.49253501616131,456
9437,6,178,,KER,R,1.821,R,"BAKERSFIELD, NEAR O STREET, END RIGHT ALIGN",-119.01284881102357,35.38068448640691,28000.0,2650,31000,Back,State,True,50.09235031553024,461
9475,6,180,,FRE,R,54.616,,MARKS AVENUE,-119.84524577888321,36.73817750990372,28000.0,2750,29000,Back,State,True,50.09235031553024,461
9466,6,178,,KER,,1.705,R,"BAKERSFIELD/M STREET, BEGIN RIGHT ALIGN",-119.01529183962589,35.38004427730805,28000.0,2600,31000,Ahead,State,True,50.09235031553024,461
10179,6,58,,KER,R,65.68,,TOWER LINE ROAD,-118.80753668789822,35.329597653316895,27500.0,2500,28500,Back,State,True,49.638294597506544,464
9571,6,190,,TUL,R,15.241,,"PORTERVILLE, JCT. RTE. 65",-119.03899191030712,36.05157032510359,27500.0,2750,31500,Ahead,State,True,49.638294597506544,464
10177,6,58,,KER,R,63.581,,COMANCHE DRIVE,-118.84319846708632,35.3381936703879,27500.0,2500,28500,Ahead,State,True,49.638294597506544,464
9581,6,190,,TUL,,15.95,,"ROAD 244, JAYE ST",-119.02632741651583,36.05148008007749,27000.0,2650,30500,Back,State,True,49.19963059873788,467
9661,6,198,,TUL,R,14.653,,COUNTY ROAD 164,-119.20847927200407,36.32667945995762,27000.0,2550,28000,Ahead,State,True,49.19963059873788,467
10205,6,58,,KER,,75.63,,JCT RTE 223,-118.65826219893333,35.264159774297,27000.0,2650,28500,Ahead,State,True,49.19963059873788,467
9751,6,204,,KER,,3.76,,"BAKERSFIELD, 21ST STREET",-119.00308701376548,35.378087159372775,26500.0,2450,28000,Back,State,True,48.872556564568264,470
9753,6,204,,KER,,3.827,,"BAKERSFIELD, 22ND STREET",-119.0046023072581,35.37995641799959,26500.0,2450,28000,Back,State,True,48.872556564568264,470
10203,6,58,,KER,,69.747,,GENERAL BEALE ROAD,-118.75300191454687,35.292528894287166,26500.0,2600,27500,Back,State,True,48.872556564568264,470
9751,6,204,,KER,,3.76,,"BAKERSFIELD, 21ST STREET",-119.00308701376548,35.378087159372775,26500.0,2450,28000,Ahead,State,True,48.872556564568264,470
10179,6,58,,KER,R,65.68,,TOWER LINE ROAD,-118.80753668789822,35.329597653316895,26500.0,2600,27500,Ahead,State,True,48.872556564568264,470
10205,6,58,,KER,,75.63,,JCT RTE 223,-118.65826219893333,35.264159774297,26000.0,2550,27000,Back,State,True,48.472371863937205,475
10372,6,65,,TUL,,23.333,,AVENUE 184,-119.05546719138262,36.12358429046082,26000.0,2550,27000,Back,State,True,48.472371863937205,475
10203,6,58,,KER,,69.747,,GENERAL BEALE ROAD,-118.75300191454687,35.292528894287166,26000.0,2550,27000,Ahead,State,True,48.472371863937205,475
10370,6,65,,TUL,,21.83,,LINDA VISTA AVENUE,-119.0429477755097,36.10434639722818,26000.0,2550,27000,Ahead,State,True,48.472371863937205,475
10334,6,63,,TUL,,7.49,,"VISALIA, TULARE AVENUE (AVENUE 292)",-119.3138785099667,36.319896763312116,25500.0,2100,26000,Back,State,True,48.06449130367862,479
9581,6,190,,TUL,,15.95,,"ROAD 244, JAYE ST",-119.02632741651583,36.05148008007749,25500.0,2500,28500,Ahead,State,True,48.06449130367862,479
10332,6,63,,TUL,,6.99,,"VISALIA, WALNUT AVENUE (AVENUE 288)",-119.31379217378309,36.312709161232895,25500.0,2100,26000,Ahead,State,True,48.06449130367862,479
9436,6,178,,KER,R,1.821,L,"BAKERSFIELD, NEAR O STREET, END LEFT ALIGN",-119.01320336977803,35.3808920180029,25000.0,2400,27500,Back,State,True,47.6796983223026,482
9643,6,198,,KIN,R,9.47,,19TH AVE,-119.79895356748989,36.28618718212822,25000.0,2500,27000,Back,State,True,47.6796983223026,482
9755,6,204,,KER,,4.057,,"BAKERSFIELD, 24TH STREET",-119.00757913905672,35.381248509357334,25000.0,2350,27000,Back,State,True,47.6796983223026,482
9757,6,204,,KER,,4.235,,"BAKERSFIELD, JCT. RTE. 178",-119.00993497897416,35.382142545114064,25000.0,2350,27000,Back,State,True,47.6796983223026,482
9763,6,204,,KER,,6.752,,"BAKERSFIELD, JCT. RTE. 99",-119.04532212341694,35.40418066564916,25000.0,2500,26500,Back,State,True,47.6796983223026,482
9435,6,178,,KER,R,1.821,L,"BAKERSFIELD, NEAR O STREET, BEGIN LEFT ALIGN",-119.01320336977803,35.3808920180029,25000.0,2400,27500,Ahead,State,True,47.6796983223026,482
9641,6,198,,KIN,R,8.897,,JCT. RTE. 41,-119.80807012823561,36.282156738023325,25000.0,2500,27000,Ahead,State,True,47.6796983223026,482
9753,6,204,,KER,,3.827,,"BAKERSFIELD, 22ND STREET",-119.0046023072581,35.37995641799959,25000.0,2350,27000,Ahead,State,True,47.6796983223026,482
9755,6,204,,KER,,4.057,,"BAKERSFIELD, 24TH STREET",-119.00757913905672,35.381248509357334,25000.0,2350,27000,Ahead,State,True,47.6796983223026,482
10316,6,63,,TUL,,0,,"TULARE, JCT. RTE. 137",-119.31306222434274,36.21128927048205,25000.0,2400,25500,Ahead,State,True,47.6796983223026,482
10360,6,65,,TUL,R,20.14,,HENDERSON AVE,-119.03913321440301,36.08035681729992,24700.0,2350,26000,Ahead,State,True,47.310297060181625,492
9745,6,204,,KER,R,0.098,,BRUNDAGE LANE,-119.00294404329475,35.353852337997445,24400.0,2150,26000,Back,State,True,47.06787748191473,493
9747,6,204,,KER,R,0,,"BAKERSFIELD, JCT. RTE. 58",-119.00294610403002,35.352463605900546,24400.0,2150,26000,Ahead,State,True,47.06787748191473,493
10378,6,65,,TUL,,30.54,,"RD 204, SPRUCE AVE",-119.11816090701379,36.21077998939206,24200.0,2250,24800,Back,State,True,46.83700169308912,495
10374,6,65,,TUL,,29.489,,"LINDSAY, HERMOSA STREET (AVENUE 228)",-119.10432707172558,36.20325339785543,24100.0,2350,25500,Back,State,True,46.76004309681392,496
10372,6,65,,TUL,,23.333,,AVENUE 184,-119.05546719138262,36.12358429046082,24100.0,2350,25500,Ahead,State,True,46.76004309681392,496
10370,6,65,,TUL,,21.83,,LINDA VISTA AVENUE,-119.0429477755097,36.10434639722818,23600.0,2300,25500,Back,State,True,46.27135601046637,498
10376,6,65,,TUL,,30.09,,OAK AVENUE(ROAD 207),-119.11021620933597,36.21049760052586,23600.0,2250,24900,Ahead,State,True,46.27135601046637,498
9961,6,41,,FRE,R,16.1,,ADAMS AVENUE,-119.78582769357881,36.634281375603365,23500.0,2150,24600,Back,State,True,46.175157765122364,500
9961,6,41,,FRE,R,16.1,,ADAMS AVENUE,-119.78582769357881,36.634281375603365,23500.0,2150,24600,Ahead,State,True,46.175157765122364,500
10027,6,41,,MAD,,3.23,,AVENUE 12,-119.79405829087555,36.92379673751361,23400.0,2000,26000,Ahead,State,True,46.03278436201323,502
9663,6,198,,TUL,R,18.761,,JCT. RTE. 65 SOUTH,-119.13489645338328,36.326137500839245,22900.0,2200,24000,Back,State,True,45.39787594274281,503
9959,6,41,,FRE,R,14.101,,MANNING AVENUE,-119.7858829534435,36.60527706721305,22900.0,2100,24400,Ahead,State,True,45.39787594274281,503
10328,6,63,,TUL,,5.011,,PARK AVENUE (AVENUE 272),-119.31346526337646,36.28396611865241,22700.0,2250,23500,Back,State,True,45.25935046944743,505
10374,6,65,,TUL,,29.489,,"LINDSAY, HERMOSA STREET (AVENUE 228)",-119.10432707172558,36.20325339785543,22300.0,2050,23400,Ahead,State,True,44.91688471602278,506
10330,6,63,,TUL,,6.01,,CALDWELL AVENUE (AVENUE 280),-119.31359051996807,36.298497467874505,22200.0,2200,23000,Back,State,True,44.832230260120056,507
10376,6,65,,TUL,,30.09,,OAK AVENUE(ROAD 207),-119.11021620933597,36.21049760052586,22200.0,2050,23300,Back,State,True,44.832230260120056,507
10328,6,63,,TUL,,5.011,,PARK AVENUE (AVENUE 272),-119.31346526337646,36.28396611865241,22200.0,2200,23000,Ahead,State,True,44.832230260120056,507
10041,6,41,,MAD,,6.228,,AVE 15 (WEST) - LT,-119.79395278554207,36.96693705173449,22100.0,1900,24600,Back,State,True,44.75527166384485,510
9473,6,180,,FRE,R,53.601,,BRAWLEY AVENUE,-119.86236798081227,36.7354483994127,22000.0,2050,23100,Ahead,State,True,44.662921348314605,511
9959,6,41,,FRE,R,14.101,,MANNING AVENUE,-119.7858829534435,36.60527706721305,21700.0,1950,24000,Back,State,True,44.38971833153763,512
10326,6,63,,TUL,,4.01,,LIBERTY AVENUE; AVENUE 264,-119.31323734012761,36.26943603513876,21700.0,2150,22500,Ahead,State,True,44.38971833153763,512
10326,6,63,,TUL,,4.01,,LIBERTY AVENUE; AVENUE 264,-119.31323734012761,36.26943603513876,21500.0,2150,22200,Back,State,True,44.10112359550562,514
10013,6,41,,KIN,,16.72,,BERNARD DRIVE,-119.95962179254687,35.98815209044403,21400.0,2750,25500,Back,State,True,43.981837771279054,515
10011,6,41,,KIN,,16.275,,JCT. RTE. 5,-119.96019325491656,35.9816571855075,21400.0,2700,25500,Ahead,State,True,43.981837771279054,515
9957,6,41,,FRE,R,10.108,,MOUNTAIN VIEW AVENUE,-119.78603078649486,36.54735525788657,21300.0,1950,23500,Ahead,State,True,43.88179159612129,517
9565,6,184,,KER,,8.082,,BRUNDAGE LANE,-118.91411311504014,35.35440138689095,21200.0,2000,23300,Back,State,True,43.78174542096352,518
9563,6,184,,KER,,7.937,,JCT. RTE. 58,-118.91410513440714,35.35230769434891,21200.0,2000,23300,Ahead,State,True,43.78174542096352,518
9641,6,198,,KIN,R,8.897,,JCT. RTE. 41,-119.80807012823561,36.282156738023325,21000.0,2450,21700,Back,State,True,43.55471756195167,520
9583,6,190,,TUL,,16.452,,SOUTH PORTERVILLE,-119.01743336666935,36.05095570807044,20800.0,2050,22900,Back,State,True,43.31614591349854,521
9653,6,198,,KIN,,4.992,,AVENAL CUTOFF ROAD,-119.86957763650042,36.25557797087037,20400.0,2350,21400,Ahead,State,True,42.904417423426196,522
48,6,63,,TUL,R,9.095,,"VISALIA, ON NORTH WEST THIRD AVENUE AT HOUSTON AVENUE",-119.29662557531606,36.341825725495205,20300.0,1850,21700,Ahead,State,True,42.79282745882715,523
10241,6,5,,KER,R,15.076,L,BEGIN LEFT ALIGN AND END LEFT ALIGN,-118.95230309928911,35.00805189370559,19800.0,2200,22200,Back,Interstate,True,42.28105279359705,524
10245,6,5,,KER,R,15.858,R,"JCT. RTE. 99 NORTH, RIGHT ALIGN",-118.95546896986117,35.018538133366256,19800.0,2200,22200,Back,Interstate,True,42.28105279359705,524
10241,6,5,,KER,R,15.076,L,BEGIN LEFT ALIGN AND END LEFT ALIGN,-118.95230309928911,35.00805189370559,19800.0,2200,22100,Ahead,Interstate,True,42.28105279359705,524
10243,6,5,,KER,R,15.076,R,BEGIN RTE 5 CONNECTOR RIGHT ALIGN,-118.95184974471803,35.00816117306519,19800.0,2200,22200,Ahead,Interstate,True,42.28105279359705,524
10245,6,5,,KER,R,15.858,R,"JCT. RTE. 99 NORTH, RIGHT ALIGN",-118.95546896986117,35.018538133366256,19800.0,2200,22100,Ahead,Interstate,True,42.28105279359705,524
9563,6,184,,KER,,7.937,,JCT. RTE. 58,-118.91410513440714,35.35230769434891,19300.0,1800,21400,Back,State,True,41.65384023395413,529
9561,6,184,,KER,,7.83,,KIMBER AVENUE,-118.9141140079655,35.3507504965772,19300.0,1800,21400,Ahead,State,True,41.65384023395413,529
9773,6,216,,TUL,R,0,,"VISALIA, JCT. RTE. 198",-119.26069747169737,36.32757850037648,18600.0,2050,19700,Ahead,State,True,40.738032938279204,531
10001,6,41,,KIN,R,40.95,,BUSH STREET,-119.8103114958364,36.29635829809199,18300.0,2000,19900,Back,State,True,40.384023395413266,532
10005,6,41,,KIN,R,44.153,,GRANGEVILLE BOULEVARD,-119.80792656847008,36.34248166726737,18300.0,1650,19400,Back,State,True,40.384023395413266,532
10055,6,43,,FRE,,9.308,,"JCT. RTE. 99; SELMA, WEST",-119.62858829304557,36.575545095226126,18300.0,1800,19400,Back,State,True,40.384023395413266,532
9999,6,41,,KIN,R,39.962,,JCT RTE 198,-119.807948786502,36.28231484730658,18300.0,1850,19900,Ahead,State,True,40.384023395413266,532
10003,6,41,,KIN,R,42.148,,HANFORD-ARMONA ROAD,-119.80775465877247,36.313390607748836,18300.0,1750,19400,Ahead,State,True,40.384023395413266,532
9473,6,180,,FRE,R,53.601,,BRAWLEY AVENUE,-119.86236798081227,36.7354483994127,18200.0,1650,19300,Back,State,True,40.25319378174542,537
9261,6,137,,TUL,,17.01,,"TULARE, LASPINA STREET (ROAD 112)",-119.32206650376283,36.21112680924081,18100.0,1850,19100,Back,State,True,40.168539325842694,538
9259,6,137,,TUL,,16.628,,"TULARE, JCT. RTE. 99",-119.32878235643759,36.21041478034576,18100.0,1850,19100,Ahead,State,True,40.168539325842694,538
9993,6,41,,FRE,R,8.107,,CONEJO AVENUE,-119.78606885979156,36.518335960027855,18000.0,1650,19500,Back,State,True,40.01847006310605,540
9953,6,41,,FRE,M,6.069,,ELKHORN AVENUE,-119.78965634925233,36.48928237015726,18000.0,1600,19500,Ahead,State,True,40.01847006310605,540
10344,6,65,,KER,R,0,,JCT. RTE. 99,-119.07461634742715,35.434621922365885,18000.0,1700,20000,Ahead,State,True,40.01847006310605,540
10007,6,41,,KIN,R,48.283,,EXCELSIOR AVE; KINGS/FRESNO COUNTY LINE,-119.8068762645281,36.40214839313987,17900.0,1600,18900,Back,State,True,39.872248730183166,543
9503,6,180,,FRE,R,71.334,,ACADEMY AVE,-119.55630569776363,36.73592360881367,17900.0,1800,19300,Ahead,State,True,39.872248730183166,543
10005,6,41,,KIN,R,44.153,,GRANGEVILLE BOULEVARD,-119.80792656847008,36.34248166726737,17900.0,1600,18900,Ahead,State,True,39.872248730183166,543
10043,6,41,,MAD,,9.25,,JCT. RTE. 145 WEST,-119.79386672783617,37.01049123989028,17800.0,1600,20300,Ahead,State,True,39.76065876558412,546
9557,6,184,,KER,,2.035,,LAMONT; PANAMA ROAD,-118.91432900535573,35.26695597031198,17700.0,1650,19000,Back,State,True,39.59134985377867,547
9555,6,184,,KER,,1.26,,"LAMONT, SEGRUE ROAD",-118.91436927682992,35.25609508927015,17700.0,1650,19000,Ahead,State,True,39.59134985377867,547
9541,6,180,,FRE,,52.59,,CORNELIA AVENUE,-119.88075822124019,36.73545624720607,17600.0,1550,18600,Back,State,True,39.4335847314145,549
9765,6,216,,TUL,R,0.349,,MILL CREEK PARKWAY,-119.26063776696863,36.33268187414497,17600.0,1950,19100,Back,State,True,39.4335847314145,549
10031,6,41,,MAD,,35.48,,JCT. RTE. 49 NORTH,-119.65528173530643,37.33128893004521,17500.0,1600,19900,Back,State,True,39.310450977374174,551
10366,6,65,,TUL,,18.163,,JCT. RTE. 190,-119.0388817534971,36.05163031118545,17500.0,1650,18600,Back,State,True,39.310450977374174,551
10029,6,41,,MAD,,35.32,,SOUTH LIMITS OAKHURST,-119.65714670700655,37.32952012992827,17500.0,1600,19900,Ahead,State,True,39.310450977374174,551
9953,6,41,,FRE,M,6.069,,ELKHORN AVENUE,-119.78965634925233,36.48928237015726,17400.0,1550,18800,Back,State,True,39.19116515314761,554
9965,6,41,,FRE,R,2.03,,MOUNT WHITNEY AVENUE,-119.80119900445892,36.43106262645068,17400.0,1550,18800,Ahead,State,True,39.19116515314761,554
9585,6,190,,TUL,,16.967,,PLANO STREET (COUNTY ROAD 252),-119.00825342978032,36.05101566920082,17300.0,1650,18900,Back,State,True,39.0757272587348,556
9957,6,41,,FRE,R,10.108,,MOUNTAIN VIEW AVENUE,-119.78603078649486,36.54735525788657,17300.0,1550,19500,Back,State,True,39.0757272587348,556
9409,6,168,,FRE,R,9.15,,TEMPERANCE AVENUE,-119.66448760206612,36.8426920564711,17300.0,1700,18500,Ahead,State,True,39.0757272587348,556
9583,6,190,,TUL,,16.452,,SOUTH PORTERVILLE,-119.01743336666935,36.05095570807044,17300.0,1650,18900,Ahead,State,True,39.0757272587348,556
9993,6,41,,FRE,R,8.107,,CONEJO AVENUE,-119.78606885979156,36.518335960027855,17300.0,1550,19500,Ahead,State,True,39.0757272587348,556
9541,6,180,,FRE,,52.59,,CORNELIA AVENUE,-119.88075822124019,36.73545624720607,17000.0,1550,18200,Ahead,State,True,38.71017392642758,561
10023,6,41,,MAD,,17.91,,COUNTY ROAD 200,-119.73696346359323,37.12444011880502,16900.0,1500,18900,Back,State,True,38.544712944435894,562
10077,6,43,,KER,,17.95,,FRESNO AVENUE,-119.28779205754667,35.514223609259076,16900.0,1700,18800,Back,State,True,38.544712944435894,562
10075,6,43,,KER,,17.17,,"SHAFTER, SHAFTER AVENUE",-119.27822137057706,35.50621504144616,16900.0,1700,18800,Ahead,State,True,38.544712944435894,562
9965,6,41,,FRE,R,2.03,,MOUNT WHITNEY AVENUE,-119.80119900445892,36.43106262645068,16600.0,1500,18100,Back,State,True,38.209943050638756,565
9668,6,198,,TUL,R,3.257,R,BEGIN RIGHT ALIGN,-119.41699303751443,36.327338070995786,16500.0,1550,17600,Ahead,State,True,38.07911343697091,566
10033,6,41,,MAD,,35.77,,"OAKHURST, ROAD 426",-119.6507745632342,37.333006567354566,16400.0,1650,18900,Back,State,True,37.944435893489306,567
10031,6,41,,MAD,,35.48,,JCT. RTE. 49 NORTH,-119.65528173530643,37.33128893004521,16400.0,1650,18900,Ahead,State,True,37.944435893489306,567
9341,6,152,,MAD,,15.634,,"CALIFA, JCT. RTE. 99",-120.21020203057367,37.083731172951225,16300.0,1350,18000,Back,State,True,37.83669385870402,569
9533,6,180,,FRE,,42.639,,"KERMAN, JCT. RTE. 145",-120.06015751922193,36.734904590231146,16300.0,1450,17200,Back,State,True,37.83669385870402,569
9665,6,198,,TUL,R,19.762,,JCT. RTE. 245 NORTH,-119.11694855867266,36.32574523113274,16200.0,1550,17000,Back,State,True,37.74819147298753,571
9663,6,198,,TUL,R,18.761,,JCT. RTE. 65 SOUTH,-119.13489645338328,36.326137500839245,16200.0,1550,17000,Ahead,State,True,37.74819147298753,571
9535,6,180,,FRE,,43.63,,GOLDENROD AVENUE,-120.04233034281411,36.734964500521116,16000.0,1450,16800,Back,State,True,37.46729259658304,573
10003,6,41,,KIN,R,42.148,,HANFORD-ARMONA ROAD,-119.80775465877247,36.313390607748836,16000.0,1500,17000,Back,State,True,37.46729259658304,573
9339,6,152,,MAD,,10.799,,JCT. RTE. 233 NORTHWEST,-120.29752343701139,37.08341338879861,16000.0,1300,17700,Ahead,State,True,37.46729259658304,573
9533,6,180,,FRE,,42.639,,"KERMAN, JCT. RTE. 145",-120.06015751922193,36.734904590231146,16000.0,1450,16800,Ahead,State,True,37.46729259658304,573
9955,6,41,,FRE,R,0,,EXCELSIOR AVE; KINGS/FRESNO COUNTY LINE,-119.8068762645281,36.40214839313987,16000.0,1400,18100,Ahead,State,True,37.46729259658304,573
10001,6,41,,KIN,R,40.95,,BUSH STREET,-119.8103114958364,36.29635829809199,16000.0,1750,17000,Ahead,State,True,37.46729259658304,573
10043,6,41,,MAD,,9.25,,JCT. RTE. 145 WEST,-119.79386672783617,37.01049123989028,15900.0,1400,17700,Back,State,True,37.24411266738495,579
9313,6,145,,MAD,,10.15,,"MADERA, LAKE STREET",-120.05426142056642,36.96545616658387,15900.0,1400,17000,Ahead,State,True,37.24411266738495,579
9337,6,152,,MAD,R,0,,MERCED/MADERA COUNTY LINE,-120.4936991735727,37.082941673542294,15900.0,1450,18100,Ahead,State,True,37.24411266738495,579
10041,6,41,,MAD,,6.228,,AVE 15 (WEST) - LT,-119.79395278554207,36.96693705173449,15900.0,1400,17700,Ahead,State,True,37.24411266738495,579
9327,6,145,,MAD,,9.077,,"MADERA, JCT. RTE. 99",-120.05609360016538,36.95302205158333,15800.0,1650,17500,Back,State,True,37.10558719408958,583
9325,6,145,,MAD,,8.56,,AVENUE 13 1/2 (ALMOND AVENUE),-120.05602858280007,36.94544763553182,15800.0,1650,17500,Ahead,State,True,37.10558719408958,583
9565,6,184,,KER,,8.082,,BRUNDAGE LANE,-118.91411311504014,35.35440138689095,15800.0,1450,17200,Ahead,State,True,37.10558719408958,583
9339,6,152,,MAD,,10.799,,JCT. RTE. 233 NORTHWEST,-120.29752343701139,37.08341338879861,15700.0,1350,17300,Back,State,True,36.9786055102355,586
9669,6,198,,TUL,R,3.711,L,"JCT. RTE. 99, LEFT ALIGN",-119.40925220081225,36.32898823439267,15700.0,1500,17000,Back,State,True,36.9786055102355,586
9670,6,198,,TUL,R,3.835,R,"JCT. RTE. 99, RIGHT ALIGN",-119.40691208949713,36.32619845522564,15700.0,1500,17000,Back,State,True,36.9786055102355,586
9671,6,198,,TUL,R,4.23,R,END RIGHT ALIGN,-119.39992281570098,36.3271800956674,15700.0,1500,17000,Back,State,True,36.9786055102355,586
9672,6,198,,TUL,R,4.248,L,END LEFT ALIGN,-119.39987221988923,36.32732806623649,15700.0,1500,17000,Back,State,True,36.9786055102355,586
9667,6,198,,TUL,R,3.257,L,BEGIN LEFT ALIGN,-119.41703010918955,36.32749595915726,15700.0,1500,17000,Ahead,State,True,36.9786055102355,586
9669,6,198,,TUL,R,3.711,L,"JCT. RTE. 99, LEFT ALIGN",-119.40925220081225,36.32898823439267,15700.0,1500,17000,Ahead,State,True,36.9786055102355,586
9670,6,198,,TUL,R,3.835,R,"JCT. RTE. 99, RIGHT ALIGN",-119.40691208949713,36.32619845522564,15700.0,1500,17000,Ahead,State,True,36.9786055102355,586
9313,6,145,,MAD,,10.15,,"MADERA, LAKE STREET",-120.05426142056642,36.96545616658387,15500.0,1400,16500,Back,State,True,36.68616284438972,594
9539,6,180,,FRE,,50.6,,GRANTLAND AVENUE,-119.91657775447362,36.73525781319063,15400.0,1350,16000,Ahead,State,True,36.54378944128059,595
48,6,63,,TUL,R,9.095,,"VISALIA, ON NORTH WEST THIRD AVENUE AT HOUSTON AVENUE",-119.29662557531606,36.341825725495205,15300.0,1550,16300,Back,State,True,36.40526396798522,596
9263,6,137,,TUL,,17.511,,"TULARE, JCT. RTE. 63 NORTH",-119.31304648406234,36.21120881761503,15300.0,1500,16300,Back,State,True,36.40526396798522,596
9539,6,180,,FRE,,50.6,,GRANTLAND AVENUE,-119.91657775447362,36.73525781319063,15300.0,1300,15800,Back,State,True,36.40526396798522,596
10314,6,63,,TUL,R,9.095,L,"VISALIA, ON NORTH WEST THIRD AVENUE AT HOUSTON AVENUE, END LEFT ALIGN",-119.2967485699498,36.3418269700688,15300.0,1550,16300,Ahead,State,True,36.40526396798522,596
9567,6,184,,KER,,8.35,,TEHACHAPI ROAD/ EDISON HIGHWAY,-118.91422409650356,35.358308097403004,15200.0,1400,16700,Back,State,True,36.266738494689854,600
9335,6,145,,MAD,,9.91,,"MADERA, C STREET",-120.05741066511919,36.963311555678544,15200.0,1400,16700,Ahead,State,True,36.266738494689854,600
9335,6,145,,MAD,,9.91,,"MADERA, C STREET",-120.05741066511919,36.963311555678544,15000.0,1450,16700,Back,State,True,36.02816684623672,602
9261,6,137,,TUL,,17.01,,"TULARE, LASPINA STREET (ROAD 112)",-119.32206650376283,36.21112680924081,15000.0,1500,16000,Ahead,State,True,36.02816684623672,602
9462,6,178,,KER,T,9.614,,JCT. RTE. 184,-118.87980279639976,35.398282442224236,14900.0,1400,16000,Ahead,State,True,35.801138987224874,604
9557,6,184,,KER,,2.035,,LAMONT; PANAMA ROAD,-118.91432900535573,35.26695597031198,14900.0,1400,16000,Ahead,State,True,35.801138987224874,604
10378,6,65,,TUL,,30.54,,"RD 204, SPRUCE AVE",-119.11816090701379,36.21077998939206,14900.0,1350,15600,Ahead,State,True,35.801138987224874,604
9653,6,198,,KIN,,4.992,,AVENAL CUTOFF ROAD,-119.86957763650042,36.25557797087037,14800.0,1700,15700,Back,State,True,35.597198707095586,607
9537,6,180,,FRE,,47.65,,DICKENSON AVENUE,-119.9699857637776,36.734963964900956,14800.0,1250,15300,Ahead,State,True,35.597198707095586,607
9333,6,145,,MAD,,9.6,,"MADERA, SIXTH STREET",-120.05953937230524,36.96035680860229,14700.0,1450,16100,Back,State,True,35.470217023241496,609
9715,6,201,,FRE,,0.14,,"KINGSBURG, SIMPSON STREET",-119.55893412426752,36.51788628607492,14700.0,1350,15700,Back,State,True,35.470217023241496,609
9567,6,184,,KER,,8.35,,TEHACHAPI ROAD/ EDISON HIGHWAY,-118.91422409650356,35.358308097403004,14700.0,1350,16700,Ahead,State,True,35.470217023241496,609
9723,6,201,,FRE,,0,,"KINGSBURG, JCT. RTE. 99",-119.56132229904361,36.517875679905785,14700.0,1350,15700,Ahead,State,True,35.470217023241496,609
9329,6,145,,MAD,,9.317,,"MADERA, F STREET",-120.05621972093633,36.95711442381384,14600.0,1500,16000,Back,State,True,35.34708326920117,613
9391,6,168,,FRE,R,11.839,,SHEPHERD AVE,-119.62467950675037,36.86519590456373,14600.0,1450,15700,Back,State,True,35.34708326920117,613
9462,6,178,,KER,T,9.614,,JCT. RTE. 184,-118.87980279639976,35.398282442224236,14600.0,1400,15500,Back,State,True,35.34708326920117,613
9327,6,145,,MAD,,9.077,,"MADERA, JCT. RTE. 99",-120.05609360016538,36.95302205158333,14600.0,1500,16000,Ahead,State,True,35.34708326920117,613
9329,6,145,,MAD,,9.317,,"MADERA, F STREET",-120.05621972093633,36.95711442381384,14600.0,1500,16000,Ahead,State,True,35.34708326920117,613
9331,6,145,,MAD,,9.68,,"MADERA, YOSEMITE AVENUE",-120.06054175921167,36.96126504030097,14500.0,1400,16300,Ahead,State,True,35.21240572571956,618
10057,6,43,,KER,R,21.289,,WASCO AVENUE,-119.3313357340894,35.54629050623791,14500.0,1450,16300,Ahead,State,True,35.21240572571956,618
9767,6,216,,TUL,R,0.488,,"VISALIA, GOSHEN AVENUE",-119.2606326214187,36.334697525389274,14400.0,1600,15800,Back,State,True,35.096967831306756,620
9765,6,216,,TUL,R,0.349,,MILL CREEK PARKWAY,-119.26063776696863,36.33268187414497,14400.0,1600,15800,Ahead,State,True,35.096967831306756,620
10358,6,65,,TUL,R,14.073,,AVENUE 112,-119.04608478949991,35.993243567700354,14400.0,1400,15400,Ahead,State,True,35.096967831306756,620
10057,6,43,,KER,R,21.289,,WASCO AVENUE,-119.3313357340894,35.54629050623791,14300.0,1450,16100,Back,State,True,34.99692165614899,623
10337,6,63,,TUL,,7.98,L,"VISALIA, EAST JCT 198 VIA LOCUST STREET",-119.29339886723969,36.326906719524374,14300.0,1700,15200,Back,State,True,34.99692165614899,623
9263,6,137,,TUL,,17.511,,"TULARE, JCT. RTE. 63 NORTH",-119.31304648406234,36.21120881761503,14200.0,1400,15000,Ahead,State,True,34.881483761736185,625
10023,6,41,,MAD,,17.91,,COUNTY ROAD 200,-119.73696346359323,37.12444011880502,14200.0,1300,15900,Ahead,State,True,34.881483761736185,625
10300,6,63,,TUL,L,8.916,L,MINERAL KING @ WILLIS,-119.29769756908058,36.32735903003599,14100.0,1400,14900,Back,State,True,34.71987070955826,627
10338,6,63,,TUL,,7.98,R,"VISALIA, EAST JCT. RTE. 198",-119.2922758249125,36.326938587427044,14100.0,1300,14800,Back,State,True,34.71987070955826,627
10380,6,65,,TUL,,31.546,,JCT. RTE. 137 WEST,-119.13620118536655,36.21082002470791,14100.0,1250,14900,Back,State,True,34.71987070955826,627
9323,6,145,,MAD,,8.06,,AVENUE 13,-120.0560191989986,36.938315335028896,14100.0,1550,15600,Ahead,State,True,34.71987070955826,627
9651,6,198,,KIN,,3.011,,MAIN GATE LEMOORE NAVAL AIR STATION,-119.90500569022127,36.25538826164472,13900.0,1600,15700,Ahead,State,True,34.392796675388645,631
10053,6,43,,FRE,,8.34,,NEBRASKA AVENUE,-119.62882845314519,36.56165197029317,13900.0,1350,14800,Ahead,State,True,34.392796675388645,631
9829,6,233,,MAD,,3.887,,JCT. RTE. 99,-120.25237493368833,37.126903862684095,13800.0,1350,14800,Back,State,True,34.285054640603356,633
9827,6,233,,MAD,,3.586,,"CHOWCHILLA, CHOWCHILLA AVENUE",-120.25717413099147,37.125106301298416,13800.0,1350,14800,Ahead,State,True,34.285054640603356,633
9827,6,233,,MAD,,3.586,,"CHOWCHILLA, CHOWCHILLA AVENUE",-120.25717413099147,37.125106301298416,13600.0,1350,14600,Back,State,True,34.02724334308142,635
47,6,63,,TUL,,7.948,L,"LOCUST@NOBLE, BEGIN LEFT ALIGN",-119.29339057129803,36.32643530130571,13600.0,1600,14300,Ahead,State,True,34.02724334308142,635
10337,6,63,,TUL,,7.98,L,"VISALIA, EAST JCT 198 VIA LOCUST STREET",-119.29339886723969,36.326906719524374,13600.0,1600,14300,Ahead,State,True,34.02724334308142,635
9875,6,33,,FRE,R,62.506,,BASS AVENUE,-120.38717069400909,36.76483767071727,13500.0,1350,15800,Back,State,True,33.87717408034477,638
9897,6,33,,FRE,,62.247,,"MENDOTA, JCT. RTE. 180 EAST",-120.38651600093173,36.76074002340794,13500.0,1350,15800,Ahead,State,True,33.87717408034477,638
10301,6,63,,TUL,L,9.226,L,MINERAL KING @ COURT,-119.29229413976451,36.327442030240576,13400.0,1300,14100,Back,State,True,33.68092965984301,640
10300,6,63,,TUL,L,8.916,L,MINERAL KING @ WILLIS,-119.29769756908058,36.32735903003599,13400.0,1300,14100,Ahead,State,True,33.68092965984301,640
10336,6,63,,TUL,,7.948,R,"COURT ST@NOBLE, BEGIN RIGHT ALIGN",-119.29226961306235,36.326436160375856,13400.0,1300,14100,Ahead,State,True,33.68092965984301,640
9569,6,184,,KER,,9.6,,"BAKERSFIELD, NILES STREET",-118.91420009890906,35.37626109880161,13300.0,1200,15100,Back,State,True,33.48853316915499,643
9825,6,233,,MAD,,3.29,,"CHOWCHILLA, 3RD STREET",-120.26090830904992,37.12211442015358,13300.0,1300,14300,Ahead,State,True,33.48853316915499,643
10051,6,43,,FRE,,0,,KINGS/FRESNO COUNTY,-119.63620227954479,36.44168507771138,13300.0,1300,14200,Ahead,State,True,33.48853316915499,643
9225,6,119,,KER,,31.283,,JCT. RTE. 99,-119.02291672089285,35.266860390229404,13200.0,1150,14800,Back,State,True,33.33461597660459,646
9223,6,119,,KER,,30.41,,WIBLE ROAD,-119.03891179046524,35.26691162969329,13200.0,1200,14800,Ahead,State,True,33.33461597660459,646
9767,6,216,,TUL,R,0.488,,"VISALIA, GOSHEN AVENUE",-119.2606326214187,36.334697525389274,13200.0,1450,14500,Ahead,State,True,33.33461597660459,646
10053,6,43,,FRE,,8.34,,NEBRASKA AVENUE,-119.62882845314519,36.56165197029317,13100.0,1250,14000,Back,State,True,33.21917808219178,649
9333,6,145,,MAD,,9.6,,"MADERA, SIXTH STREET",-120.05953937230524,36.96035680860229,13100.0,1300,14300,Ahead,State,True,33.21917808219178,649
9535,6,180,,FRE,,43.63,,GOLDENROD AVENUE,-120.04233034281411,36.734964500521116,13100.0,1200,13700,Ahead,State,True,33.21917808219178,649
9345,6,155,,KER,R,0.22,,"DELANO, HIGH STREET",-119.24525449591883,35.7614009546559,13000.0,1300,14600,Back,State,True,33.09219639833769,652
10077,6,43,,KER,,17.95,,FRESNO AVENUE,-119.28779205754667,35.514223609259076,13000.0,1300,15500,Ahead,State,True,33.09219639833769,652
10340,6,63,,TUL,,8.2,R,"VISALIA, ON COURT STREET AT MAIN STREET",-119.2923591544349,36.33016742385323,13000.0,1550,13600,Ahead,State,True,33.09219639833769,652
9325,6,145,,MAD,,8.56,,AVENUE 13 1/2 (ALMOND AVENUE),-120.05602858280007,36.94544763553182,12900.0,1400,14200,Back,State,True,32.930583346159764,655
10358,6,65,,TUL,R,14.073,,AVENUE 112,-119.04608478949991,35.993243567700354,12900.0,1200,13900,Back,State,True,32.930583346159764,655
10137,6,46,,KER,,50.02,,"WASCO, PALM AVENUE",-119.34921581587754,35.60153737398547,12900.0,1150,14000,Ahead,State,True,32.930583346159764,655
10356,6,65,,TUL,R,11.86,,AVENUE 95,-119.05361169511211,35.962407389150215,12900.0,1200,13900,Ahead,State,True,32.930583346159764,655
9769,6,216,,TUL,R,0.824,,ROOSEVELT AVENUE,-119.26084087605437,36.339537910988724,12800.0,1450,13900,Back,State,True,32.7920578728644,659
9903,6,33,,FRE,,70.193,,"FIREBAUGH, 12TH STREET",-120.4564135332017,36.85725909993763,12700.0,1400,14000,Back,State,True,32.688163767892874,660
9901,6,33,,FRE,,69.92,,"FIREBAUGH, 15TH STREET",-120.45322625847136,36.85424634023634,12600.0,1350,14600,Back,State,True,32.58042173310759,661
10129,6,46,,KER,,32.533,,JCT. RTE. 5,-119.65330036350507,35.616232473372335,12600.0,1200,14600,Back,State,True,32.58042173310759,661
9899,6,33,,FRE,,68.64,,"FIREBAUGH, NEES AVENUE",-120.44780388278764,36.8377304880518,12600.0,1350,14600,Ahead,State,True,32.58042173310759,661
10147,6,49,,MAD,,0,,"OAKHURST, JCT. RTE. 41",-119.65557164500481,37.33109657473545,12600.0,1250,13400,Ahead,State,True,32.58042173310759,661
9331,6,145,,MAD,,9.68,,"MADERA, YOSEMITE AVENUE",-120.06054175921167,36.96126504030097,12500.0,1250,14000,Back,State,True,32.3957211020471,665
10127,6,46,,KER,,32.18,,WARREN DRIVE,-119.65949415755755,35.616070647708106,12500.0,1200,14300,Ahead,State,True,32.3957211020471,665
10075,6,43,,KER,,17.17,,"SHAFTER, SHAFTER AVENUE",-119.27822137057706,35.50621504144616,12400.0,1300,13800,Back,State,True,32.21871633061413,667
10107,6,43,,KIN,,27.286,,KINGS/FRESNO COUNTY,-119.63620227954479,36.44168507771138,12400.0,1200,13500,Back,State,True,32.21871633061413,667
9799,6,223,,KER,R,20.15,,"ARVIN, COMANCHE DRIVE",-118.8421783770806,35.20900211263528,12400.0,1100,13100,Ahead,State,True,32.21871633061413,667
10105,6,43,,KIN,,24.47,,EXCELSIOR AVENUE,-119.63690111493692,36.40122486563154,12400.0,1200,13500,Ahead,State,True,32.21871633061413,667
9269,6,137,,TUL,,27.396,,JCT. RTE. 65,-119.13620353176606,36.210820029056755,12300.0,1150,12800,Back,State,True,32.10327843620132,671
10137,6,46,,KER,,50.02,,"WASCO, PALM AVENUE",-119.34921581587754,35.60153737398547,12300.0,1100,13300,Back,State,True,32.10327843620132,671
9789,6,216,,TUL,,2.46,,"MACAULIFF AVE,RD 144",-119.25203279318396,36.34199380714367,12200.0,1400,13400,Back,State,True,31.98399261197476,673
9825,6,233,,MAD,,3.29,,"CHOWCHILLA, 3RD STREET",-120.26090830904992,37.12211442015358,12200.0,1250,13100,Back,State,True,31.98399261197476,673
10105,6,43,,KIN,,24.47,,EXCELSIOR AVENUE,-119.63690111493692,36.40122486563154,12200.0,1200,13200,Back,State,True,31.98399261197476,673
10127,6,46,,KER,,32.18,,WARREN DRIVE,-119.65949415755755,35.616070647708106,12200.0,1150,14200,Back,State,True,31.98399261197476,673
9771,6,216,,TUL,R,0.99,,LOVERS LANE,-119.26100218742826,36.34198365158942,12200.0,1400,13400,Ahead,State,True,31.98399261197476,673
9901,6,33,,FRE,,69.92,,"FIREBAUGH, 15TH STREET",-120.45322625847136,36.85424634023634,12200.0,1300,13600,Ahead,State,True,31.98399261197476,673
9259,6,137,,TUL,,16.628,,"TULARE, JCT. RTE. 99",-119.32878235643759,36.21041478034576,12100.0,1300,12800,Back,State,True,31.857010928120673,679
9561,6,184,,KER,,7.83,,KIMBER AVENUE,-118.9141140079655,35.3507504965772,12100.0,1150,13500,Back,State,True,31.857010928120673,679
9717,6,201,,FRE,,0.28,,"KINGSBURG, MARION STREET",-119.55635610942076,36.517881061322136,12100.0,1300,12900,Back,State,True,31.857010928120673,679
9257,6,137,,TUL,,16.489,,"TULARE, BLACKSTONE AVENUE",-119.3310270981106,36.209689249641805,12100.0,1300,12800,Ahead,State,True,31.857010928120673,679
9715,6,201,,FRE,,0.14,,"KINGSBURG, SIMPSON STREET",-119.55893412426752,36.51788628607492,12100.0,1300,12900,Ahead,State,True,31.857010928120673,679
10304,6,63,,TUL,R,23.572,,AVENUE 416; EL MONTE WAY,-119.28692328964887,36.544749967145954,12000.0,1250,12800,Back,State,True,31.660766507618902,684
9265,6,137,,TUL,,20.46,,LOVERS LANE (ROAD 140),-119.26029962941759,36.21091202844765,11900.0,1200,12600,Back,State,True,31.445282438048327,685
9267,6,137,,TUL,,23.897,,FARMERSVILLE ROAD (ROAD 168),-119.19884390094408,36.21069902501342,11900.0,1150,12400,Back,State,True,31.445282438048327,685
9305,6,145,,FRE,,35.149,,"KERMAN, JCT. RTE. 180",-120.06012073949924,36.73493197742784,11900.0,1250,12700,Back,State,True,31.445282438048327,685
9883,6,33,,FRE,,15.37,,"COALINGA, FIFTH STREET",-120.35525892838132,36.13663681367369,11900.0,1250,12800,Back,State,True,31.445282438048327,685
9255,6,137,,TUL,,16.116,,"TULARE, CHERRY AVENUE",-119.33768502651752,36.20932778933976,11800.0,1200,12300,Back,State,True,31.25673387717408,689
9555,6,184,,KER,,1.26,,"LAMONT, SEGRUE ROAD",-118.91436927682992,35.25609508927015,11800.0,1200,12700,Back,State,True,31.25673387717408,689
9771,6,216,,TUL,R,0.99,,LOVERS LANE,-119.26100218742826,36.34198365158942,11800.0,1350,12700,Back,State,True,31.25673387717408,689
9999,6,41,,KIN,R,39.962,,JCT RTE 198,-119.807948786502,36.28231484730658,11800.0,1200,13100,Back,State,True,31.25673387717408,689
10340,6,63,,TUL,,8.2,R,"VISALIA, ON COURT STREET AT MAIN STREET",-119.2923591544349,36.33016742385323,11800.0,1350,12400,Back,State,True,31.25673387717408,689
30,6,41,,KIN,R,37.792,,JACKSON AVENUE,-119.80874716870233,36.254784728866184,11800.0,1100,13000,Ahead,State,True,31.25673387717408,689
9253,6,137,,TUL,,15.94,,"""""O"""" ST",-119.34083026188922,36.20883448870482,11800.0,1200,12300,Ahead,State,True,31.25673387717408,689
9349,6,155,,KER,R,0,,"DELANO, JCT. RTE. 99",-119.24907388187694,35.76138687654252,11800.0,1200,13200,Ahead,State,True,31.25673387717408,689
9553,6,184,,KER,,1.004,,DI GIORGIO ROAD,-118.91438298781607,35.25239745263686,11800.0,1200,12700,Ahead,State,True,31.25673387717408,689
9769,6,216,,TUL,R,0.824,,ROOSEVELT AVENUE,-119.26084087605437,36.339537910988724,11800.0,1350,12900,Ahead,State,True,31.25673387717408,689
10338,6,63,,TUL,,7.98,R,"VISALIA, EAST JCT. RTE. 198",-119.2922758249125,36.326938587427044,11800.0,1150,12400,Ahead,State,True,31.25673387717408,689
9537,6,180,,FRE,,47.65,,DICKENSON AVENUE,-119.9699857637776,36.734963964900956,11700.0,970,12100,Back,State,True,31.06818531629983,700
9265,6,137,,TUL,,20.46,,LOVERS LANE (ROAD 140),-119.26029962941759,36.21091202844765,11700.0,1150,12300,Ahead,State,True,31.06818531629983,700
9267,6,137,,TUL,,23.897,,FARMERSVILLE ROAD (ROAD 168),-119.19884390094408,36.21069902501342,11700.0,1100,12300,Ahead,State,True,31.06818531629983,700
9517,6,180,,FRE,,23.5,,"MENDOTA, NORTH JCT. RTE. 33",-120.38623865327428,36.76037456152286,11600.0,1200,11900,Ahead,State,True,30.941203632445745,703
9531,6,180,,FRE,,41.63,,SISKIYOU AVENUE,-120.07826975442559,36.734759855912074,11600.0,1050,12200,Ahead,State,True,30.941203632445745,703
9519,6,180,,FRE,,24.01,,"MENDOTA, SEVENTH STREET",-120.3801133368976,36.75517731409079,11500.0,1150,12100,Back,State,True,30.77959058026782,705
10025,6,41,,MAD,,25,,ROAD 417 (RIGHT),-119.70781652645869,37.21878607566344,11500.0,1050,12600,Back,State,True,30.77959058026782,705
10029,6,41,,MAD,,35.32,,SOUTH LIMITS OAKHURST,-119.65714670700655,37.32952012992827,11500.0,1050,12500,Back,State,True,30.77959058026782,705
10025,6,41,,MAD,,25,,ROAD 417 (RIGHT),-119.70781652645869,37.21878607566344,11500.0,1050,12500,Ahead,State,True,30.77959058026782,705
9559,6,184,,KER,,4.05,,PANAMA LANE,-118.91437246944243,35.29611653502143,11400.0,1050,12800,Ahead,State,True,30.61412959827613,709
9903,6,33,,FRE,,70.193,,"FIREBAUGH, 12TH STREET",-120.4564135332017,36.85725909993763,11400.0,1250,12600,Ahead,State,True,30.61412959827613,709
9519,6,180,,FRE,,24.01,,"MENDOTA, SEVENTH STREET",-120.3801133368976,36.75517731409079,11200.0,1100,11800,Ahead,State,True,30.425581037401876,711
10339,6,63,,TUL,,8.2,L,"VISALIA, ON LOCUST STREET AT MAIN STREET",-119.29345042874036,36.330162847913314,11200.0,1300,11800,Ahead,State,True,30.425581037401876,711
9521,6,180,,FRE,,24.1,,"MENDOTA, EIGHTH STREET",-120.37897058283814,36.75423098568996,11100.0,1100,11700,Ahead,State,True,30.29090349392027,713
9823,6,233,,MAD,,3.09,,"CHOWCHILLA, 6TH STREET",-120.2635402326952,37.120059204077045,11100.0,1150,12000,Ahead,State,True,30.29090349392027,713
9223,6,119,,KER,,30.41,,WIBLE ROAD,-119.03891179046524,35.26691162969329,11000.0,990,12200,Back,State,True,30.125442511928586,715
9323,6,145,,MAD,,8.06,,AVENUE 13,-120.0560191989986,36.938315335028896,11000.0,1200,12300,Back,State,True,30.125442511928586,715
10073,6,43,,KER,,16.86,,"SHAFTER, CENTRAL AVENUE",-119.27450698240432,35.50292293182616,11000.0,1100,11900,Back,State,True,30.125442511928586,715
10071,6,43,,KER,,16.55,,"SHAFTER, EAST LERDO HIGHWAY",-119.2704288187623,35.499884817995955,11000.0,1100,11900,Ahead,State,True,30.125442511928586,715
10073,6,43,,KER,,16.86,,"SHAFTER, CENTRAL AVENUE",-119.27450698240432,35.50292293182616,11000.0,1100,12000,Ahead,State,True,30.125442511928586,715
10103,6,43,,KIN,,22.272,,10TH AVENUE,-119.6359256352682,36.36636960530362,11000.0,1100,12300,Ahead,State,True,30.125442511928586,715
9521,6,180,,FRE,,24.1,,"MENDOTA, EIGHTH STREET",-120.37897058283814,36.75423098568996,10900.0,1100,11500,Back,State,True,29.93304602124057,721
9559,6,184,,KER,,4.05,,PANAMA LANE,-118.91437246944243,35.29611653502143,10900.0,1000,12400,Back,State,True,29.93304602124057,721
10139,6,46,,KER,,50.904,,"WASCO, JCT. RTE. 43 SOUTH",-119.33368450426553,35.601533954220734,10900.0,920,11900,Back,State,True,29.93304602124057,721
9571,6,190,,TUL,R,15.241,,"PORTERVILLE, JCT. RTE. 65",-119.03899191030712,36.05157032510359,10800.0,1150,11900,Back,State,True,29.759889179621364,724
9587,6,190,,TUL,,18.453,,HOSPITAL ROAD,-118.98158909383298,36.051145789032525,10800.0,970,11800,Back,State,True,29.759889179621364,724
9823,6,233,,MAD,,3.09,,"CHOWCHILLA, 6TH STREET",-120.2635402326952,37.120059204077045,10800.0,1100,11800,Back,State,True,29.759889179621364,724
10324,6,63,,TUL,,22.37,,EMERALD DRIVE,-119.28687328672524,36.527256427600015,10800.0,1150,12000,Ahead,State,True,29.759889179621364,724
30,6,41,,KIN,R,37.792,,JACKSON AVENUE,-119.80874716870233,36.254784728866184,10700.0,1000,11900,Back,State,True,29.544405110050793,728
9315,6,145,,MAD,,11.02,,"MADERA, TOZER STREET",-120.04301006115868,36.97355532489738,10700.0,910,11500,Back,State,True,29.544405110050793,728
9899,6,33,,FRE,,68.64,,"FIREBAUGH, NEES AVENUE",-120.44780388278764,36.8377304880518,10700.0,1150,12600,Back,State,True,29.544405110050793,728
10339,6,63,,TUL,,8.2,L,"VISALIA, ON LOCUST STREET AT MAIN STREET",-119.29345042874036,36.330162847913314,10700.0,1250,11300,Back,State,True,29.544405110050793,728
10348,6,65,,KER,,2.9,,JAMES ROAD,-119.07465563165285,35.47390546556989,10700.0,970,11700,Back,State,True,29.544405110050793,728
9213,6,119,,KER,,18.173,,JCT. RTE. 43 NORTH,-119.25267106775287,35.267356605092665,10600.0,1200,11200,Back,State,True,29.398183777127905,733
9881,6,33,,FRE,,14.75,,MERCED AVENUE,-120.34374286061218,36.136604822412885,10600.0,1100,11600,Ahead,State,True,29.398183777127905,733
10356,6,65,,TUL,R,11.86,,AVENUE 95,-119.05361169511211,35.962407389150215,10400.0,960,11300,Back,State,True,29.11343697090965,735
9205,6,119,,KER,R,13.29,,TUPMAN ROAD,-119.3119360567767,35.265781104047086,10400.0,1150,11800,Ahead,State,True,29.11343697090965,735
9345,6,155,,KER,R,0.22,,"DELANO, HIGH STREET",-119.24525449591883,35.7614009546559,10400.0,1050,11900,Ahead,State,True,29.11343697090965,735
9569,6,184,,KER,,9.6,,"BAKERSFIELD, NILES STREET",-118.91420009890906,35.37626109880161,10400.0,940,12000,Ahead,State,True,29.11343697090965,735
9347,6,155,,KER,R,0.47,,"DELANO, LEXINGTON AVENUE",-119.2408056182203,35.76140808519419,10300.0,1050,11800,Ahead,State,True,28.9248884100354,739
10341,6,63,,TUL,,8.392,L,"VISALIA, ON LOCUST STREET AT SCHOOL STREET",-119.29348112686857,36.3328751665672,10200.0,1200,11100,Back,State,True,28.778667077112512,740
10341,6,63,,TUL,,8.392,L,"VISALIA, ON LOCUST STREET AT SCHOOL STREET",-119.29348112686857,36.3328751665672,10100.0,1200,11000,Ahead,State,True,28.659381252885947,741
10059,6,43,,KER,R,24.124,,"WASCO, POSO AVENUE",-119.33383428216948,35.58702128287478,10000.0,1000,11000,Back,State,True,28.532399569031863,742
9821,6,233,,MAD,,2.49,,"CHOWCHILLA, 15TH STREET",-120.27122384671378,37.113912176415994,10000.0,1050,10900,Ahead,State,True,28.532399569031863,742
9317,6,145,,MAD,,13.66,,RIVER ROAD (COUNTY ROAD 400),-120.00229259678925,36.994264456475925,9900.0,870,10900,Back,State,True,28.33230721871633,744
9349,6,155,,KER,R,0,,"DELANO, JCT. RTE. 99",-119.24907388187694,35.76138687654252,9900.0,1000,11000,Back,State,True,28.33230721871633,744
9315,6,145,,MAD,,11.02,,"MADERA, TOZER STREET",-120.04301006115868,36.97355532489738,9900.0,880,10400,Ahead,State,True,28.33230721871633,744
9369,6,155,,KER,,0.388,,"DELANO, ELLINGTON STREET/ 4TH AVENUE, GARCES HIGHWAY",-119.24975942759275,35.761398340659596,9900.0,1000,11000,Ahead,State,True,28.33230721871633,744
10125,6,46,,KER,,27.48,,BROWN MATERIAL ROAD,-119.74300792530612,35.61571219257449,9900.0,940,11900,Ahead,State,True,28.33230721871633,744
10342,6,63,,TUL,,8.392,R,"VISALIA, ON COURT STREET AT SCHOOL STREET",-119.29235967545776,36.33287888841445,9900.0,970,10300,Ahead,State,True,28.33230721871633,744
10318,6,63,,TUL,,12.13,,AVENUE 328,-119.29676031991372,36.38553118179584,9800.0,910,10600,Back,State,True,28.101431429890717,750
10342,6,63,,TUL,,8.392,R,"VISALIA, ON COURT STREET AT SCHOOL STREET",-119.29235967545776,36.33287888841445,9800.0,1150,10300,Back,State,True,28.101431429890717,750
9307,6,145,,FRE,,36.154,,BELMONT AVENUE,-120.05998507592503,36.74953236570193,9800.0,1050,10400,Ahead,State,True,28.101431429890717,750
9303,6,145,,FRE,,34.37,,"KERMAN, D STREET",-120.06024635182376,36.7236500365952,9700.0,840,10200,Back,State,True,27.94751423734031,753
9803,6,223,,KER,,20.911,,"ARVIN, A STREET",-118.82872227977612,35.209045140286996,9700.0,910,10100,Back,State,True,27.94751423734031,753
9299,6,145,,FRE,,34.29,,"KERMAN, C ST.",-120.06015442991566,36.72257332932327,9700.0,840,10200,Ahead,State,True,27.94751423734031,753
9303,6,145,,FRE,,34.37,,"KERMAN, D STREET",-120.06024635182376,36.7236500365952,9700.0,840,10300,Ahead,State,True,27.94751423734031,753
10384,6,65,,TUL,,37.65,,"EXETER, PINE STREET",-119.13605357419908,36.298040971709995,9700.0,1100,10300,Ahead,State,True,27.94751423734031,753
9205,6,119,,KER,R,13.29,,TUPMAN ROAD,-119.3119360567767,35.265781104047086,9600.0,1050,10800,Back,State,True,27.797444974603664,758
9257,6,137,,TUL,,16.489,,"TULARE, BLACKSTONE AVENUE",-119.3310270981106,36.209689249641805,9600.0,1050,10100,Back,State,True,27.797444974603664,758
9821,6,233,,MAD,,2.49,,"CHOWCHILLA, 15TH STREET",-120.27122384671378,37.113912176415994,9600.0,990,10400,Back,State,True,27.797444974603664,758
10386,6,65,,TUL,,39.577,,JCT. RTE. 198,-119.13491557132916,36.32620311824653,9600.0,1050,10300,Back,State,True,27.797444974603664,758
9227,6,119,,KER,,8.13,,EAST LIMITS DUSTIN ACRES,-119.3938293437028,35.21720310877573,9600.0,1050,10800,Ahead,State,True,27.797444974603664,758
9255,6,137,,TUL,,16.116,,"TULARE, CHERRY AVENUE",-119.33768502651752,36.20932778933976,9600.0,1050,10100,Ahead,State,True,27.797444974603664,758
9819,6,233,,MAD,,2.39,,"CHOWCHILLA, WASHINGTON AVENUE",-120.27235077874614,37.112759302218976,9600.0,990,10400,Ahead,State,True,27.797444974603664,758
9253,6,137,,TUL,,15.94,,"""""O"""" ST",-119.34083026188922,36.20883448870482,9500.0,1050,10000,Back,State,True,27.60889641372941,765
9589,6,190,,TUL,,21.1,,WORTH ROAD (COUNTY ROAD 284),-118.93722850733721,36.047556204995146,9500.0,930,10500,Back,State,True,27.60889641372941,765
10071,6,43,,KER,,16.55,,"SHAFTER, EAST LERDO HIGHWAY",-119.2704288187623,35.499884817995955,9500.0,980,10300,Back,State,True,27.60889641372941,765
10354,6,65,,KER,,4.67,,LERDO HIGHWAY,-119.07665390705291,35.49946588642522,9500.0,860,10300,Back,State,True,27.60889641372941,765
9221,6,119,,KER,,26.52,,EAST LIMITS OLD RIVER,-119.10553671973098,35.267170166953356,9500.0,1000,11000,Ahead,State,True,27.60889641372941,765
9239,6,137,,TUL,R,15.78,,"TULARE, HWY TURNS RT ONTO TULARE FR M ST",-119.34351037925116,36.20845668469346,9500.0,1050,10000,Ahead,State,True,27.60889641372941,765
9587,6,190,,TUL,,18.453,,HOSPITAL ROAD,-118.98158909383298,36.051145789032525,9500.0,930,10500,Ahead,State,True,27.60889641372941,765
10069,6,43,,KER,,15.89,,CENTRAL VALLEY HIGHWAY,-119.26152801358488,35.49269209322098,9500.0,980,10300,Ahead,State,True,27.60889641372941,765
10362,6,65,,TUL,R,6.983,,AVENUE 56,-119.05349949014324,35.89170246797403,9500.0,880,10300,Ahead,State,True,27.60889641372941,765
9531,6,180,,FRE,,41.63,,SISKIYOU AVENUE,-120.07826975442559,36.734759855912074,9400.0,850,10000,Back,State,True,27.462675080806527,774
9721,6,201,,FRE,,0.752,,"KINGSBURG, 18TH AVENUE",-119.5478934889642,36.51792102774797,9400.0,1000,9800,Back,State,True,27.462675080806527,774
9585,6,190,,TUL,,16.967,,PLANO STREET (COUNTY ROAD 252),-119.00825342978032,36.05101566920082,9400.0,940,11100,Ahead,State,True,27.462675080806527,774
9719,6,201,,FRE,,0.72,,"KINGSBURG, DRAPER STREET",-119.54870185504059,36.51790843694355,9400.0,1000,9800,Ahead,State,True,27.462675080806527,774
10348,6,65,,KER,,2.9,,JAMES ROAD,-119.07465563165285,35.47390546556989,9400.0,850,10300,Ahead,State,True,27.462675080806527,774
9251,6,137,,TUL,,14.98,,SOUTH E STREET,-119.35398893957954,36.20422078857059,9300.0,920,9800,Back,State,True,27.32414960751116,779
9905,6,33,,FRE,,70.557,,"FIREBAUGH, 8TH STREET",-120.46064893705271,36.86127987806121,9300.0,1050,10900,Back,State,True,27.32414960751116,779
10099,6,43,,KIN,,18.429,,LACEY BOULEVARD,-119.60094215598485,36.327998769458915,9300.0,960,10500,Back,State,True,27.32414960751116,779
9249,6,137,,TUL,,14.76,,"TULARE, PRATT STREET (BROOKLYN STREET)",-119.35783695484574,36.203693968906954,9300.0,930,9800,Ahead,State,True,27.32414960751116,779
10065,6,43,,KER,,1.9,,JCT. RTE. 5,-119.25248828754204,35.29328288375259,9300.0,1050,9700,Ahead,State,True,27.32414960751116,779
10097,6,43,,KIN,,18.238,,JCT. RTE. 198,-119.60094073754502,36.32517693788821,9300.0,960,10500,Ahead,State,True,27.32414960751116,779
9553,6,184,,KER,,1.004,,DI GIORGIO ROAD,-118.91438298781607,35.25239745263686,9200.0,920,10000,Back,State,True,27.13175311682315,785
9881,6,33,,FRE,,14.75,,MERCED AVENUE,-120.34374286061218,36.136604822412885,9200.0,900,9700,Back,State,True,27.13175311682315,785
10035,6,41,,MAD,,38.4,,NORTH LIMITS OAKHURST,-119.63862797425534,37.36316946316789,9200.0,1200,13900,Back,State,True,27.13175311682315,785
10037,6,41,,MAD,,38.889,,"YOSEMITE FORKS, BASS LAKE ROAD",-119.63072551626051,37.3651912911526,9200.0,1200,13900,Back,State,True,27.13175311682315,785
10384,6,65,,TUL,,37.65,,"EXETER, PINE STREET",-119.13605357419908,36.298040971709995,9200.0,1050,9700,Back,State,True,27.13175311682315,785
10033,6,41,,MAD,,35.77,,"OAKHURST, ROAD 426",-119.6507745632342,37.333006567354566,9200.0,1200,13900,Ahead,State,True,27.13175311682315,785
10035,6,41,,MAD,,38.4,,NORTH LIMITS OAKHURST,-119.63862797425534,37.36316946316789,9200.0,1200,13900,Ahead,State,True,27.13175311682315,785
46,6,63,,TUL,,8.775,R,"VISALIA, ON COURT STREET/WEST THIRD AVENUE NEAR LINCOLN OVAL",-119.29223104748885,36.33822761278583,9000.0,890,9500,Back,State,True,26.78928736339849,792
10101,6,43,,KIN,,19.431,,GRANGEVILLE BOULEVARD,-119.60091522359431,36.34253590414961,9000.0,910,9900,Back,State,True,26.78928736339849,792
10141,6,46,,KER,,51.215,,"WASCO, JCT. RTE. 43 NORTH",-119.32814381417072,35.60153928692088,9000.0,770,9800,Back,State,True,26.78928736339849,792
10099,6,43,,KIN,,18.429,,LACEY BOULEVARD,-119.60094215598485,36.327998769458915,9000.0,920,9900,Ahead,State,True,26.78928736339849,792
10139,6,46,,KER,,50.904,,"WASCO, JCT. RTE. 43 SOUTH",-119.33368450426553,35.601533954220734,9000.0,770,9800,Ahead,State,True,26.78928736339849,792
9249,6,137,,TUL,,14.76,,"TULARE, PRATT STREET (BROOKLYN STREET)",-119.35783695484574,36.203693968906954,8900.0,910,9400,Back,State,True,26.646913960289364,797
10125,6,46,,KER,,27.48,,BROWN MATERIAL ROAD,-119.74300792530612,35.61571219257449,8800.0,910,10200,Back,State,True,26.512236416807756,798
10343,6,63,,TUL,,8.681,L,"VISALIA, LOCUST/PINE STREETS",-119.29353100582472,36.337023391813986,8800.0,1050,9800,Back,State,True,26.512236416807756,798
10382,6,65,,TUL,,37.1,,"EXETER, D STREET",-119.13614219479847,36.29019969940125,8800.0,1000,9300,Back,State,True,26.512236416807756,798
9803,6,223,,KER,,20.911,,"ARVIN, A STREET",-118.82872227977612,35.209045140286996,8800.0,840,9200,Ahead,State,True,26.512236416807756,798
9905,6,33,,FRE,,70.557,,"FIREBAUGH, 8TH STREET",-120.46064893705271,36.86127987806121,8800.0,1000,10200,Ahead,State,True,26.512236416807756,798
9923,6,33,,KER,,18.79,,"TAFT, SIXTH STREET",-119.45963484503773,35.14317053953835,8800.0,920,9500,Ahead,State,True,26.512236416807756,798
10123,6,46,,KER,,20.543,,"BLACKWELLS CORNER, JCT. RTE. 33",-119.86767019065705,35.61495185041033,8800.0,910,10200,Ahead,State,True,26.512236416807756,798
9347,6,155,,KER,R,0.47,,"DELANO, LEXINGTON AVENUE",-119.2408056182203,35.76140808519419,8700.0,1150,9500,Back,State,True,26.300600277050947,805
9419,6,168,,FRE,T,31.311,,AUBERRY ROAD AT LODGE ROAD,-119.49760138234295,37.04263099501356,8700.0,1050,10900,Back,State,True,26.300600277050947,805
9799,6,223,,KER,R,20.15,,"ARVIN, COMANCHE DRIVE",-118.8421783770806,35.20900211263528,8700.0,780,9200,Back,State,True,26.300600277050947,805
9925,6,33,,KER,,19.129,,LINCOLN/10TH STREETS,-119.46515755535215,35.144912203486854,8700.0,910,9500,Back,State,True,26.300600277050947,805
10346,6,65,,KER,,11.86,,WOODY/FAMOSO ROAD,-119.08759267789459,35.60250328952845,8700.0,790,9400,Back,State,True,26.300600277050947,805
9417,6,168,,FRE,T,30.201,,MORGAN CANYON ROAD AT AUBERRY ROAD,-119.51427486321114,37.037394199283554,8700.0,1050,10900,Ahead,State,True,26.300600277050947,805
10145,6,46,,KER,,7.33,,"KECKS CORNER, COALINGA ROAD",-120.08217081251439,35.67097430519223,8600.0,1100,10800,Back,State,True,26.069724488225333,811
9529,6,180,,FRE,,40.11,,SHASTA AVE,-120.10540543909747,36.734716654851354,8600.0,810,9500,Ahead,State,True,26.069724488225333,811
10121,6,46,,KER,,0,,SAN LUIS OBISPO/KERN COUNTY LINE,-120.19379565477203,35.726470736335244,8600.0,1100,10800,Ahead,State,True,26.069724488225333,811
9307,6,145,,FRE,,36.154,,BELMONT AVENUE,-120.05998507592503,36.74953236570193,8500.0,880,9100,Back,State,True,25.892719716792367,814
9251,6,137,,TUL,,14.98,,SOUTH E STREET,-119.35398893957954,36.20422078857059,8500.0,890,8900,Ahead,State,True,25.892719716792367,814
9305,6,145,,FRE,,35.149,,"KERMAN, JCT. RTE. 180",-120.06012073949924,36.73493197742784,8500.0,880,9100,Ahead,State,True,25.892719716792367,814
10017,6,41,,KIN,,28.429,,NEVADA AVENUE/COALINGA ROAD,-119.87881567282875,36.137790639975506,8500.0,850,10300,Ahead,State,True,25.892719716792367,814
10059,6,43,,KER,R,24.124,,"WASCO, POSO AVENUE",-119.33383428216948,35.58702128287478,8500.0,860,9500,Ahead,State,True,25.892719716792367,814
10093,6,43,,KIN,,10.359,,KANSAS AVENUE,-119.60058031997829,36.21092331219124,8500.0,840,9500,Ahead,State,True,25.892719716792367,814
9819,6,233,,MAD,,2.39,,"CHOWCHILLA, WASHINGTON AVENUE",-120.27235077874614,37.112759302218976,8400.0,860,9100,Back,State,True,25.73880252424196,820
10324,6,63,,TUL,,22.37,,EMERALD DRIVE,-119.28687328672524,36.527256427600015,8400.0,820,9200,Back,State,True,25.73880252424196,820
9797,6,223,,KER,R,16.014,,JCT. RTE. 184 NORTH,-118.91448943188904,35.20871304884058,8400.0,740,8900,Ahead,State,True,25.73880252424196,820
9885,6,33,,FRE,,15.707,,"COALINGA, JCT. RTE. 198 WEST",-120.36029572199226,36.1397269414176,8400.0,840,10200,Ahead,State,True,25.73880252424196,820
10322,6,63,,TUL,,21.568,,"JCT. RTE. 201 WEST, CONEJO AVENUE (AVENUE 400)",-119.28673922394884,36.5157322559972,8400.0,820,9200,Ahead,State,True,25.73880252424196,820
10354,6,65,,KER,,4.67,,LERDO HIGHWAY,-119.07665390705291,35.49946588642522,8400.0,760,9100,Ahead,State,True,25.73880252424196,820
10087,6,43,,KER,,9.162,,JCT. RTE. 58 WEST,-119.25206209892346,35.39807093160616,8300.0,950,8800,Back,State,True,25.573341542250272,826
10350,6,65,,KER,,23.186,,JCT. RTE. 155,-119.05324524805322,35.762035494983635,8300.0,770,9000,Back,State,True,25.573341542250272,826
10352,6,65,,KER,,25.169,,KERN/TULARE COUNTY LINE,-119.0534390856269,35.79065138028828,8300.0,770,9300,Back,State,True,25.573341542250272,826
9793,6,223,,KER,R,10.536,,JCT. RTE. 99,-119.01029840050718,35.20852888916696,8300.0,780,8900,Ahead,State,True,25.573341542250272,826
10085,6,43,,KER,,8.112,,JCT. RTE. 58 EAST,-119.25213106528278,35.383482035558536,8300.0,950,8800,Ahead,State,True,25.573341542250272,826
10350,6,65,,KER,,23.186,,JCT. RTE. 155,-119.05324524805322,35.762035494983635,8300.0,770,9300,Ahead,State,True,25.573341542250272,826
10364,6,65,,TUL,,0,,KERN/TULARE COUNTY LINE,-119.0534390856269,35.79065138028828,8300.0,770,9300,Ahead,State,True,25.573341542250272,826
9309,6,145,,FRE,,40.166,,SHAW AVENUE,-120.06052335362979,36.80768218709156,8200.0,860,8800,Back,State,True,25.407880560258583,833
9887,6,33,,FRE,,16.8,,"COALINGA, PHELPS AVENUE",-120.35444663846373,36.15451197182361,8200.0,820,9400,Back,State,True,25.407880560258583,833
10017,6,41,,KIN,,28.429,,NEVADA AVENUE/COALINGA ROAD,-119.87881567282875,36.137790639975506,8200.0,920,9600,Back,State,True,25.407880560258583,833
10015,6,41,,KIN,,20.08,,QUAIL AVENUE,-119.95894228440805,36.036376254054076,8200.0,1000,9600,Ahead,State,True,25.407880560258583,833
10101,6,43,,KIN,,19.431,,GRANGEVILLE BOULEVARD,-119.60091522359431,36.34253590414961,8200.0,820,9100,Ahead,State,True,25.407880560258583,833
10346,6,65,,KER,,11.86,,WOODY/FAMOSO ROAD,-119.08759267789459,35.60250328952845,8200.0,780,9000,Ahead,State,True,25.407880560258583,833
9529,6,180,,FRE,,40.11,,SHASTA AVE,-120.10540543909747,36.734716654851354,8100.0,750,8600,Back,State,True,25.20009235031553,839
9797,6,223,,KER,R,16.014,,JCT. RTE. 184 NORTH,-118.91448943188904,35.20871304884058,8100.0,750,8700,Back,State,True,25.20009235031553,839
9997,6,41,,KER,,4.978,,KERN COUNTY/KINGS COUNTY LINE,-120.11263540479588,35.788772459236924,8100.0,1100,10300,Back,State,True,25.20009235031553,839
10011,6,41,,KIN,,16.275,,JCT. RTE. 5,-119.96019325491656,35.9816571855075,8100.0,1000,9800,Back,State,True,25.20009235031553,839
10019,6,41,,KIN,,8.098,,"REEF CITY, JCT. RTE. 33",-120.04632821054444,35.88889942516559,8100.0,1100,10400,Back,State,True,25.20009235031553,839
10362,6,65,,TUL,R,6.983,,AVENUE 56,-119.05349949014324,35.89170246797403,8100.0,750,8700,Back,State,True,25.20009235031553,839
9321,6,145,,MAD,,7.06,,AVENUE 12 (POLE LINE ROAD),-120.056049755193,36.923850347009584,8100.0,890,8900,Ahead,State,True,25.20009235031553,839
9527,6,180,,FRE,,34.59,,JAMES ROAD,-120.20513259308362,36.73453641571482,8100.0,750,8600,Ahead,State,True,25.20009235031553,839
9995,6,41,,KER,,0,,SAN LUIS OBISPO/ KERN COUNTY LINE,-120.19406121024474,35.77876485697574,8100.0,1100,10300,Ahead,State,True,25.20009235031553,839
10009,6,41,,KIN,,0,,KERN COUNTY/KINGS COUNTY LINE,-120.11263540479588,35.788772459236924,8100.0,1100,10300,Ahead,State,True,25.20009235031553,839
10019,6,41,,KIN,,8.098,,"REEF CITY, JCT. RTE. 33",-120.04632821054444,35.88889942516559,8100.0,1150,10200,Ahead,State,True,25.20009235031553,839
10301,6,63,,TUL,L,9.226,L,MINERAL KING @ COURT,-119.29229413976451,36.327442030240576,8000.0,920,8900,Ahead,State,True,24.930737263352317,850
10343,6,63,,TUL,,8.681,L,"VISALIA, LOCUST/PINE STREETS",-119.29353100582472,36.337023391813986,8000.0,940,8900,Ahead,State,True,24.930737263352317,850
10015,6,41,,KIN,,20.08,,QUAIL AVENUE,-119.95894228440805,36.036376254054076,7900.0,970,9600,Back,State,True,24.672925965830384,852
10097,6,43,,KIN,,18.238,,JCT. RTE. 198,-119.60094073754502,36.32517693788821,7900.0,790,8600,Back,State,True,24.672925965830384,852
9721,6,201,,FRE,,0.752,,"KINGSBURG, 18TH AVENUE",-119.5478934889642,36.51792102774797,7900.0,830,8400,Ahead,State,True,24.672925965830384,852
9233,6,137,,TUL,R,15.381,,J ST,-119.34690250220567,36.205260832734126,7800.0,820,8200,Back,State,True,24.43820224719101,855
9795,6,223,,KER,R,10.94,,UNION AVENUE,-119.00315873795272,35.20860557794833,7700.0,720,8300,Back,State,True,24.22271817762044,856
10320,6,63,,TUL,,15.11,,AVENUE 352; OIL WELL ROAD,-119.29588236494553,36.42875667422469,7700.0,720,8100,Back,State,True,24.22271817762044,856
9795,6,223,,KER,R,10.94,,UNION AVENUE,-119.00315873795272,35.20860557794833,7700.0,720,8300,Ahead,State,True,24.22271817762044,856
9921,6,33,,KER,,18.33,,"TAFT, FIRST STREET",-119.45191844969779,35.14074153853052,7700.0,790,8300,Ahead,State,True,24.22271817762044,856
10013,6,41,,KIN,,16.72,,BERNARD DRIVE,-119.95962179254687,35.98815209044403,7700.0,950,8800,Ahead,State,True,24.22271817762044,856
10095,6,43,,KIN,,16.391,,HOUSTON AVENUE,-119.60077552209292,36.29849538712251,7700.0,770,8200,Ahead,State,True,24.22271817762044,856
10318,6,63,,TUL,,12.13,,AVENUE 328,-119.29676031991372,36.38553118179584,7700.0,700,8100,Ahead,State,True,24.22271817762044,856
10320,6,63,,TUL,,15.11,,AVENUE 352; OIL WELL ROAD,-119.29588236494553,36.42875667422469,7700.0,740,8100,Ahead,State,True,24.22271817762044,856
9221,6,119,,KER,,26.52,,EAST LIMITS OLD RIVER,-119.10553671973098,35.267170166953356,7600.0,800,9200,Back,State,True,23.972602739726025,864
9923,6,33,,KER,,18.79,,"TAFT, SIXTH STREET",-119.45963484503773,35.14317053953835,7600.0,780,8200,Back,State,True,23.972602739726025,864
9219,6,119,,KER,,25.26,,BUENA VISTA ROAD,-119.12833396917864,35.267235908642306,7600.0,800,9200,Ahead,State,True,23.972602739726025,864
9525,6,180,,FRE,,26.124,,PANOCHE ROAD,-120.3590212614374,36.73134813769488,7600.0,740,8000,Ahead,State,True,23.972602739726025,864
9665,6,198,,TUL,R,19.762,,JCT. RTE. 245 NORTH,-119.11694855867266,36.32574523113274,7600.0,770,8800,Ahead,State,True,23.972602739726025,864
9875,6,33,,FRE,R,62.506,,BASS AVENUE,-120.38717069400909,36.76483767071727,7600.0,800,8900,Ahead,State,True,23.972602739726025,864
10382,6,65,,TUL,,37.1,,"EXETER, D STREET",-119.13614219479847,36.29019969940125,7600.0,870,8000,Ahead,State,True,23.972602739726025,864
9219,6,119,,KER,,25.26,,BUENA VISTA ROAD,-119.12833396917864,35.267235908642306,7500.0,790,9000,Back,State,True,23.691703863321536,871
10061,6,43,,KER,R,25.125,,JCT. RTE. 46,-119.33368450426553,35.601533954220734,7500.0,760,8300,Back,State,True,23.691703863321536,871
46,6,63,,TUL,,8.775,R,"VISALIA, ON COURT STREET/WEST THIRD AVENUE NEAR LINCOLN OVAL",-119.29223104748885,36.33822761278583,7500.0,890,7900,Ahead,State,True,23.691703863321536,871
9523,6,180,,FRE,,24.595,,"MENDOTA, BELMONT AVENUE",-120.37127633007162,36.747613751669526,7500.0,750,7900,Ahead,State,True,23.691703863321536,871
9227,6,119,,KER,,8.13,,EAST LIMITS DUSTIN ACRES,-119.3938293437028,35.21720310877573,7400.0,810,7900,Back,State,True,23.445436355240883,875
9525,6,180,,FRE,,26.124,,PANOCHE ROAD,-120.3590212614374,36.73134813769488,7400.0,730,7800,Back,State,True,23.445436355240883,875
10065,6,43,,KER,,1.9,,JCT. RTE. 5,-119.25248828754204,35.29328288375259,7400.0,810,8100,Back,State,True,23.445436355240883,875
9217,6,119,,KER,,2.14,,HARRISON STREET,-119.45332472993573,35.165631206883674,7400.0,810,7900,Ahead,State,True,23.445436355240883,875
10063,6,43,,KER,,0.111,,JCT. RTE. 119,-119.2527280802307,35.267358829629806,7400.0,810,7800,Ahead,State,True,23.445436355240883,875
9295,6,145,,FRE,,33.631,,"KERMAN, CHURCH AVENUE",-120.06044679021814,36.713110732234064,7300.0,660,7800,Back,State,True,23.19916884716023,880
9527,6,180,,FRE,,34.59,,JAMES ROAD,-120.20513259308362,36.73453641571482,7300.0,700,7800,Back,State,True,23.19916884716023,880
9591,6,190,,TUL,,22.55,,GOVERNMENT ROAD TO SUCCESS DAM,-118.91516879180581,36.05639610046196,7300.0,720,8000,Back,State,True,23.19916884716023,880
10095,6,43,,KIN,,16.391,,HOUSTON AVENUE,-119.60077552209292,36.29849538712251,7300.0,720,8000,Back,State,True,23.19916884716023,880
10119,6,46,,KER,R,57.787,,JCT. RTE. 99,-119.21121618804482,35.6018253641074,7300.0,690,8300,Back,State,True,23.19916884716023,880
10322,6,63,,TUL,,21.568,,"JCT. RTE. 201 WEST, CONEJO AVENUE (AVENUE 400)",-119.28673922394884,36.5157322559972,7300.0,700,8000,Back,State,True,23.19916884716023,880
9295,6,145,,FRE,,33.631,,"KERMAN, CHURCH AVENUE",-120.06044679021814,36.713110732234064,7300.0,630,7800,Ahead,State,True,23.19916884716023,880
9589,6,190,,TUL,,21.1,,WORTH ROAD (COUNTY ROAD 284),-118.93722850733721,36.047556204995146,7300.0,720,8000,Ahead,State,True,23.19916884716023,880
9925,6,33,,KER,,19.129,,LINCOLN/10TH STREETS,-119.46515755535215,35.144912203486854,7300.0,760,8000,Ahead,State,True,23.19916884716023,880
10302,6,63,,TUL,R,19.187,,JCT. RTE. 201 EAST,-119.28719874814928,36.48672336050187,7300.0,700,8000,Ahead,State,True,23.19916884716023,880
10123,6,46,,KER,,20.543,,"BLACKWELLS CORNER, JCT. RTE. 33",-119.86767019065705,35.61495185041033,7200.0,770,8000,Back,State,True,22.937509619824535,890
9391,6,168,,FRE,R,11.839,,SHEPHERD AVE,-119.62467950675037,36.86519590456373,7200.0,710,9000,Ahead,State,True,22.937509619824535,890
10145,6,46,,KER,,7.33,,"KECKS CORNER, COALINGA ROAD",-120.08217081251439,35.67097430519223,7200.0,770,8000,Ahead,State,True,22.937509619824535,890
9719,6,201,,FRE,,0.72,,"KINGSBURG, DRAPER STREET",-119.54870185504059,36.51790843694355,7100.0,750,7500,Back,State,True,22.741265199322765,893
10149,6,49,,MAD,,4.494,,COUNTY ROAD 600 (ROAD TO RAYMOND),-119.72414160742204,37.35453813809903,7100.0,700,7600,Back,State,True,22.741265199322765,893
9717,6,201,,FRE,,0.28,,"KINGSBURG, MARION STREET",-119.55635610942076,36.517881061322136,7100.0,750,7700,Ahead,State,True,22.741265199322765,893
9421,6,168,,FRE,,15.47,,ACADEMY AVENUE,-119.55738079071588,36.87380232945093,7000.0,670,8100,Back,State,True,22.506541480683392,896
10315,6,63,,TUL,R,9.095,R,"VISALIA, ON NORTH WEST THIRD AVENUE AT HOUSTON AVENUE, END RIGHT ALIGN",-119.29662557441773,36.34182572477166,7000.0,830,7400,Back,State,True,22.506541480683392,896
10304,6,63,,TUL,R,23.572,,AVENUE 416; EL MONTE WAY,-119.28692328964887,36.544749967145954,7000.0,710,7300,Ahead,State,True,22.506541480683392,896
9423,6,168,,FRE,,18.55,,SAMPLE/PITTMAN HILL ROADS,-119.51873110260341,36.904664077167794,6900.0,680,7400,Back,State,True,22.24103432353394,899
9523,6,180,,FRE,,24.595,,"MENDOTA, BELMONT AVENUE",-120.37127633007162,36.747613751669526,6900.0,690,7200,Back,State,True,22.24103432353394,899
10151,6,49,,MAD,,5.53,,COUNTY ROAD 628 (ROAD TO CEDARBROOK),-119.72535677557487,37.36910040025007,6900.0,670,7500,Back,State,True,22.24103432353394,899
9421,6,168,,FRE,,15.47,,ACADEMY AVENUE,-119.55738079071588,36.87380232945093,6900.0,680,7400,Ahead,State,True,22.24103432353394,899
10141,6,46,,KER,,51.215,,"WASCO, JCT. RTE. 43 NORTH",-119.32814381417072,35.60153928692088,6900.0,640,7600,Ahead,State,True,22.24103432353394,899
10149,6,49,,MAD,,4.494,,COUNTY ROAD 600 (ROAD TO RAYMOND),-119.72414160742204,37.35453813809903,6900.0,670,7500,Ahead,State,True,22.24103432353394,899
10380,6,65,,TUL,,31.546,,JCT. RTE. 137 WEST,-119.13620118536655,36.21082002470791,6900.0,820,7200,Ahead,State,True,22.24103432353394,899
10131,6,46,,KER,,32.722,,BUFORD STREET,-119.64992661738637,35.616290173654946,6800.0,670,8700,Back,State,True,22.02555025396337,906
9309,6,145,,FRE,,40.166,,SHAW AVENUE,-120.06052335362979,36.80768218709156,6800.0,750,7200,Ahead,State,True,22.02555025396337,906
10129,6,46,,KER,,32.533,,JCT. RTE. 5,-119.65330036350507,35.616232473372335,6800.0,670,9000,Ahead,State,True,22.02555025396337,906
10143,6,46,,KER,,54.09,,SMITH AVENUE,-119.27692636824665,35.601743721677636,6800.0,650,7600,Ahead,State,True,22.02555025396337,906
9779,6,216,,TUL,,14.006,,"WOODLAKE, JCT. RTE. 245",-119.09890725713873,36.41354242612314,6700.0,700,7100,Back,State,True,21.825457903647838,910
9209,6,119,,KER,,0.83,,"TAFT, SECOND STREET",-119.44761512871973,35.14775890129076,6700.0,740,7100,Ahead,State,True,21.825457903647838,910
10093,6,43,,KIN,,10.359,,KANSAS AVENUE,-119.60058031997829,36.21092331219124,6600.0,650,7800,Back,State,True,21.61382176389103,912
10133,6,46,,KER,,36.84,,CORCORAN ROAD,-119.5803663989123,35.60736380177456,6600.0,650,7100,Back,State,True,21.61382176389103,912
134,6,184,,KER,,0,,WEEDPATCH LOOP (MILEPOST EQUATION),-118.9144404117223,35.23783915716352,6600.0,660,7200,Ahead,State,True,21.61382176389103,912
10131,6,46,,KER,,32.722,,BUFORD STREET,-119.64992661738637,35.616290173654946,6600.0,650,7100,Ahead,State,True,21.61382176389103,912
9317,6,145,,MAD,,13.66,,RIVER ROAD (COUNTY ROAD 400),-120.00229259678925,36.994264456475925,6500.0,590,7200,Ahead,State,True,21.367554255810376,916
9591,6,190,,TUL,,22.55,,GOVERNMENT ROAD TO SUCCESS DAM,-118.91516879180581,36.05639610046196,6500.0,680,6800,Ahead,State,True,21.367554255810376,916
9777,6,216,,TUL,,12.01,,ROAD 196,-119.13467291840459,36.41380213338593,6500.0,680,6800,Ahead,State,True,21.367554255810376,916
10109,6,43,,KIN,,3.18,,NORTH END CORCORAN BYPASS,-119.56785970947206,36.114117524751194,6500.0,640,7400,Ahead,State,True,21.367554255810376,916
9273,6,145,,FRE,R,41.283,,FRESNO/MADERA COUNTY LINE,-120.05616127834057,36.82285975650024,6400.0,700,6800,Back,State,True,21.10589502847468,920
9365,6,155,,KER,R,61.04,,JUNCTION OLD ROUTE 155 (MILEPOST EQUATION),-118.45955485449284,35.70158379404944,6400.0,680,7600,Back,State,True,21.10589502847468,920
9805,6,223,,KER,,21.165,,"ARVIN, DERBY STREET (EL TEJON HIGHWAY)",-118.82425818282007,35.209115296235915,6400.0,610,6700,Back,State,True,21.10589502847468,920
9311,6,145,,MAD,R,0,,FRESNO/MADERA COUNTY LINE,-120.05616127834057,36.82285975650024,6400.0,700,6800,Ahead,State,True,21.10589502847468,920
9363,6,155,,KER,R,60.637,,WOFFORD BOULEVARD,-118.4564587398992,35.706768957713074,6400.0,680,7600,Ahead,State,True,21.10589502847468,920
9593,6,190,,TUL,,24.45,,TULE INDIAN RESERVATION ROAD (AVENUE 160),-118.8988263931204,36.08009304106045,6300.0,670,6800,Back,State,True,20.794212713560103,925
102,6,137,,TUL,,14.269,,"TULARE, SOUTH WEST STREET (ROAD 92)",-119.36664899928657,36.20362851161694,6300.0,790,6700,Ahead,State,True,20.794212713560103,925
9215,6,119,,KER,,19.773,,JCT. RTE. 5,-119.22454180235934,35.2670905527974,6300.0,660,6800,Ahead,State,True,20.794212713560103,925
9419,6,168,,FRE,T,31.311,,AUBERRY ROAD AT LODGE ROAD,-119.49760138234295,37.04263099501356,6300.0,790,8100,Ahead,State,True,20.794212713560103,925
9321,6,145,,MAD,,7.06,,AVENUE 12 (POLE LINE ROAD),-120.056049755193,36.923850347009584,6200.0,750,7300,Back,State,True,20.49407418808681,929
9617,6,198,,FRE,,22.66,,JCT. RTE. 33,-120.31532372594442,36.24626195468128,6200.0,620,6600,Back,State,True,20.49407418808681,929
10143,6,46,,KER,,54.09,,SMITH AVENUE,-119.27692636824665,35.601743721677636,6200.0,560,6900,Back,State,True,20.49407418808681,929
9603,6,190,,TUL,,9.474,,"POPLAR, COUNTY ROAD 192",-119.14310737757532,36.05124988895539,6200.0,640,6900,Ahead,State,True,20.49407418808681,929
9615,6,198,,FRE,,22.37,,"COALINGA, 8TH/POLK STREETS",-120.36345384818824,36.13640954528586,6200.0,620,6600,Ahead,State,True,20.49407418808681,929
9845,6,245,,TUL,,7.066,,JCT. RTE. 216,-119.09890725713873,36.41354242612314,6200.0,620,6800,Ahead,State,True,20.49407418808681,929
9287,6,145,,FRE,,20.65,,COLORADO ROAD,-120.09789276369766,36.53683796785437,6100.0,730,7000,Back,State,True,20.28628597814376,935
9375,6,155,,KER,,64.84,,JCT RTE OLD 155,-118.45957341727987,35.701529647446215,6100.0,650,7200,Back,State,True,20.28628597814376,935
9285,6,145,,FRE,,20.28,,KAMM AVENUE,-120.0979308172314,36.53154461814267,6100.0,730,7000,Ahead,State,True,20.28628597814376,935
9293,6,145,,FRE,,30.11,,AMERICAN AVENUE,-120.06109385749707,36.661972957740424,6100.0,540,6400,Ahead,State,True,20.28628597814376,935
9365,6,155,,KER,R,61.04,,JUNCTION OLD ROUTE 155 (MILEPOST EQUATION),-118.45955485449284,35.70158379404944,6100.0,650,7200,Ahead,State,True,20.28628597814376,935
9285,6,145,,FRE,,20.28,,KAMM AVENUE,-120.0979308172314,36.53154461814267,6000.0,900,6800,Back,State,True,20.055410189318145,940
9319,6,145,,MAD,,25.459,,JCT. RTE. 41,-119.79394013007635,37.010479280605516,6000.0,540,6600,Back,State,True,20.055410189318145,940
10151,6,49,,MAD,,5.53,,COUNTY ROAD 628 (ROAD TO CEDARBROOK),-119.72535677557487,37.36910040025007,6000.0,580,6400,Ahead,State,True,20.055410189318145,940
9731,6,201,,TUL,R,1.746,,KINGS RIVER BRIDGE,-119.5060158782531,36.5179109854265,5900.0,660,6300,Back,State,True,19.797598891796213,943
9791,6,216,,TUL,,6.95,,"IVANHOE, AVENUE 328",-119.21565608977701,36.384879089294486,5900.0,650,6600,Back,State,True,19.797598891796213,943
9247,6,137,,TUL,,14.26,,"TULARE, SOUTH WEST STREET",-119.36681925069419,36.203627076372,5900.0,740,6200,Ahead,State,True,19.797598891796213,943
9731,6,201,,TUL,R,1.746,,KINGS RIVER BRIDGE,-119.5060158782531,36.5179109854265,5900.0,660,6300,Ahead,State,True,19.797598891796213,943
10211,6,59,,MAD,,0,,JCT. RTE. 152,-120.4926835993979,37.08323322132292,5900.0,580,6600,Ahead,State,True,19.797598891796213,943
9209,6,119,,KER,,0.83,,"TAFT, SECOND STREET",-119.44761512871973,35.14775890129076,5800.0,610,6100,Back,State,True,19.54363552408804,948
9289,6,145,,FRE,,25.085,,MADERA AVENUE,-120.06147274801931,36.5891418160133,5800.0,640,6500,Back,State,True,19.54363552408804,948
9413,6,168,,FRE,T,22.8,,TOLLHOUSE ROAD AT MILLERTON ROAD,-119.50509820517293,36.954332363218896,5800.0,620,6200,Back,State,True,19.54363552408804,948
9725,6,201,,FRE,,1.13,,"KINGSBURG, EAST CITY LIMITS",-119.54124363371669,36.517877824819685,5800.0,650,6100,Back,State,True,19.54363552408804,948
9919,6,33,,KER,,17.889,,"TAFT, JCT. RTE. 119 EAST",-119.44747483612687,35.135822431945584,5800.0,590,6100,Back,State,True,19.54363552408804,948
10209,6,59,,MAD,,0.057,,JCT RTE 152,-120.4924253624998,37.083951846967295,5800.0,570,6600,Back,State,True,19.54363552408804,948
9207,6,119,,KER,,0.34,,"TAFT, EAST KERN STREET",-119.44724121755912,35.140797032296604,5800.0,610,6100,Ahead,State,True,19.54363552408804,948
9213,6,119,,KER,,18.173,,JCT. RTE. 43 NORTH,-119.25267106775287,35.267356605092665,5800.0,590,6100,Ahead,State,True,19.54363552408804,948
9283,6,145,,FRE,,17.27,,ELKHORN AVENUE,-120.09830050451356,36.48784927790665,5800.0,870,6500,Ahead,State,True,19.54363552408804,948
9287,6,145,,FRE,,20.65,,COLORADO ROAD,-120.09789276369766,36.53683796785437,5800.0,640,6500,Ahead,State,True,19.54363552408804,948
9413,6,168,,FRE,T,22.8,,TOLLHOUSE ROAD AT MILLERTON ROAD,-119.50509820517293,36.954332363218896,5800.0,620,6200,Ahead,State,True,19.54363552408804,948
9593,6,190,,TUL,,24.45,,TULE INDIAN RESERVATION ROAD (AVENUE 160),-118.8988263931204,36.08009304106045,5800.0,620,6300,Ahead,State,True,19.54363552408804,948
9725,6,201,,FRE,,1.13,,"KINGSBURG, EAST CITY LIMITS",-119.54124363371669,36.517877824819685,5800.0,650,6100,Ahead,State,True,19.54363552408804,948
9735,6,201,,TUL,,1.4,,ROAD 28,-119.5121581925516,36.51788440467302,5800.0,650,6200,Ahead,State,True,19.54363552408804,948
10113,6,43,,TUL,,22.133,,"CORCORAN, RAILROAD DRIVE",-119.53520811922401,36.0706346230741,5700.0,640,6200,Back,State,True,19.270432507311067,962
9375,6,155,,KER,,64.84,,JCT RTE OLD 155,-118.45957341727987,35.701529647446215,5700.0,600,6800,Ahead,State,True,19.270432507311067,962
9411,6,168,,FRE,T,22.7,,TOLLHOUSE RD AT MILLERTON,-119.50609530729051,36.95326759127427,5600.0,590,6100,Back,State,True,19.024164999230415,964
9623,6,198,,FRE,,42.731,,FRESNO/KINGS COUNTY LINE,-119.95909455693356,36.25550961669479,5600.0,550,6300,Back,State,True,19.024164999230415,964
9651,6,198,,KIN,,3.011,,MAIN GATE LEMOORE NAVAL AIR STATION,-119.90500569022127,36.25538826164472,5600.0,540,6300,Back,State,True,19.024164999230415,964
9727,6,201,,FRE,,1.343,,FRESNO/TULARE COUNTY LINE,-119.53731181641426,36.517862091358694,5600.0,630,6000,Back,State,True,19.024164999230415,964
9735,6,201,,TUL,,1.4,,ROAD 28,-119.5121581925516,36.51788440467302,5600.0,630,6000,Back,State,True,19.024164999230415,964
9423,6,168,,FRE,,18.55,,SAMPLE/PITTMAN HILL ROADS,-119.51873110260341,36.904664077167794,5600.0,590,6100,Ahead,State,True,19.024164999230415,964
9645,6,198,,KIN,,0,,FRESNO/KINGS COUNTY LINE,-119.95909455693356,36.25550961669479,5600.0,540,6300,Ahead,State,True,19.024164999230415,964
9733,6,201,,TUL,,0,,FRESNO/TULARE COUNTY LINE,-119.53731181641426,36.517862091358694,5600.0,630,6000,Ahead,State,True,19.024164999230415,964
9207,6,119,,KER,,0.34,,"TAFT, EAST KERN STREET",-119.44724121755912,35.140797032296604,5500.0,570,5800,Back,State,True,18.716330614129596,972
9215,6,119,,KER,,19.773,,JCT. RTE. 5,-119.22454180235934,35.2670905527974,5500.0,560,6000,Back,State,True,18.716330614129596,972
10103,6,43,,KIN,,22.272,,10TH AVENUE,-119.6359256352682,36.36636960530362,5500.0,540,6200,Back,State,True,18.716330614129596,972
10302,6,63,,TUL,R,19.187,,JCT. RTE. 201 EAST,-119.28719874814928,36.48672336050187,5500.0,530,5900,Back,State,True,18.716330614129596,972
9211,6,119,,KER,,0,,"TAFT, JCT. RTE. 33",-119.44747483612687,35.135822431945584,5500.0,570,5800,Ahead,State,True,18.716330614129596,972
9779,6,216,,TUL,,14.006,,"WOODLAKE, JCT. RTE. 245",-119.09890725713873,36.41354242612314,5500.0,590,6000,Ahead,State,True,18.716330614129596,972
10037,6,41,,MAD,,38.889,,"YOSEMITE FORKS, BASS LAKE ROAD",-119.63072551626051,37.3651912911526,5500.0,770,8900,Ahead,State,True,18.716330614129596,972
136,6,201,,TUL,,13.98,,NORTH JCT. RTE. 63,-119.28662417760873,36.48669217992001,5400.0,580,5700,Back,State,True,18.3969524395875,979
9367,6,155,,KER,R,70.991,,JCT. RTE. 178,-118.47832961518483,35.62802174398243,5400.0,570,6800,Back,State,True,18.3969524395875,979
9415,6,168,,FRE,T,23.716,,NICHOLAS ROAD,-119.51346490981162,36.96295864262365,5400.0,570,5800,Back,State,True,18.3969524395875,979
10039,6,41,,MAD,,45.739,,MADERA/MARIPOSA COUNTY LINE,-119.65095726439331,37.44211700999757,5400.0,810,8900,Back,State,True,18.3969524395875,979
9411,6,168,,FRE,T,22.7,,TOLLHOUSE RD AT MILLERTON,-119.50609530729051,36.95326759127427,5400.0,570,5800,Ahead,State,True,18.3969524395875,979
9729,6,201,,TUL,L,13.98,,JCT. RTE. 63,-119.28720658415352,36.486695045772244,5400.0,580,5700,Ahead,State,True,18.3969524395875,979
9887,6,33,,FRE,,16.8,,"COALINGA, PHELPS AVENUE",-120.35444663846373,36.15451197182361,5400.0,540,6200,Ahead,State,True,18.3969524395875,979
9895,6,33,,FRE,,61.45,,"MENDOTA, BELMONT AVENUE",-120.3868337799635,36.74928916505903,5400.0,610,6300,Ahead,State,True,18.3969524395875,979
10087,6,43,,KER,,9.162,,JCT. RTE. 58 WEST,-119.25206209892346,35.39807093160616,5400.0,630,5700,Ahead,State,True,18.3969524395875,979
10135,6,46,,KER,,43.02,,ROWLEE ROAD,-119.47349118851368,35.60110694482548,5400.0,490,5800,Ahead,State,True,18.3969524395875,979
9777,6,216,,TUL,,12.01,,ROAD 196,-119.13467291840459,36.41380213338593,5300.0,560,5600,Back,State,True,18.15068493150685,989
9781,6,216,,TUL,,14.51,,"WOODLAKE, ROAD 216",-119.08983843017228,36.41374368745357,5300.0,570,5700,Back,State,True,18.15068493150685,989
10085,6,43,,KER,,8.112,,JCT. RTE. 58 EAST,-119.25213106528278,35.383482035558536,5300.0,590,5600,Back,State,True,18.15068493150685,989
10135,6,46,,KER,,43.02,,ROWLEE ROAD,-119.47349118851368,35.60110694482548,5300.0,490,5700,Back,State,True,18.15068493150685,989
9775,6,216,,TUL,,11.732,,AVENUE 344,-119.13953556191963,36.413806930682654,5300.0,560,5600,Ahead,State,True,18.15068493150685,989
102,6,137,,TUL,,14.269,,"TULARE, SOUTH WEST STREET (ROAD 92)",-119.36664899928657,36.20362851161694,5200.0,650,5600,Back,State,True,17.954440511005078,994
9247,6,137,,TUL,,14.26,,"TULARE, SOUTH WEST STREET",-119.36681925069419,36.203627076372,5200.0,540,5400,Back,State,True,17.954440511005078,994
10067,6,43,,KER,,12.19,,SEVENTH STANDARD ROAD,-119.25184877509463,35.441661291680205,5200.0,610,5600,Back,State,True,17.954440511005078,994
9279,6,145,,FRE,,13.212,,JCT. RTE. 269,-120.10309871007661,36.42965698567747,5200.0,790,6300,Ahead,State,True,17.954440511005078,994
9217,6,119,,KER,,2.14,,HARRISON STREET,-119.45332472993573,35.165631206883674,5100.0,560,5300,Back,State,True,17.723564722179468,998
9897,6,33,,FRE,,62.247,,"MENDOTA, JCT. RTE. 180 EAST",-120.38651600093173,36.76074002340794,5100.0,570,6200,Back,State,True,17.723564722179468,998
10091,6,43,,KIN,,1.456,,JCT. RTE. 137,-119.54564286602103,36.097986235759585,5100.0,560,5500,Back,State,True,17.723564722179468,998
9579,6,190,,TUL,,0,,"TIPTON, JCT. RTE. 99",-119.31100789137403,36.05128238633568,5100.0,530,5800,Ahead,State,True,17.723564722179468,998
9281,6,145,,FRE,,15.22,,CERINI ROAD,-120.10302718351873,36.45877842728518,5000.0,760,6200,Back,State,True,17.477297214098815,1002
9379,6,166,,KER,,14.86,,OLD RIVER ROAD,-119.13884038536565,35.05873559344703,5000.0,710,5900,Back,State,True,17.477297214098815,1002
9681,6,198,,TUL,,26.48,,AVE 324,-119.02692604034644,36.37552811057808,5000.0,630,6000,Back,State,True,17.477297214098815,1002
9737,6,201,,TUL,,16.01,,"YETTEM, ROAD 144",-119.25046662091027,36.48630527012051,5000.0,560,5600,Back,State,True,17.477297214098815,1002
9793,6,223,,KER,R,10.536,,JCT. RTE. 99,-119.01029840050718,35.20852888916696,5000.0,550,5300,Back,State,True,17.477297214098815,1002
9281,6,145,,FRE,,15.22,,CERINI ROAD,-120.10302718351873,36.45877842728518,5000.0,760,6200,Ahead,State,True,17.477297214098815,1002
9621,6,198,,FRE,,34.66,,JCT. RTE. 269,-120.1035898684498,36.25538345820413,5000.0,490,5500,Ahead,State,True,17.477297214098815,1002
9681,6,198,,TUL,,26.48,,AVE 324,-119.02692604034644,36.37552811057808,5000.0,630,6000,Ahead,State,True,17.477297214098815,1002
9815,6,223,,KER,,8.892,,WIBLE ROAD,-119.03922957219194,35.20871755397896,5000.0,550,5300,Ahead,State,True,17.477297214098815,1002
10133,6,46,,KER,,36.84,,CORCORAN ROAD,-119.5803663989123,35.60736380177456,5000.0,460,5400,Ahead,State,True,17.477297214098815,1002
9239,6,137,,TUL,R,15.78,,"TULARE, HWY TURNS RT ONTO TULARE FR M ST",-119.34351037925116,36.20845668469346,4950.0,550,5300,Back,State,True,17.319532091734647,1012
9237,6,137,,TUL,R,15.6,,"TULARE, M STREET AT INYO",-119.3429170536841,36.205872610311374,4950.0,550,5300,Ahead,State,True,17.319532091734647,1012
9283,6,145,,FRE,,17.27,,ELKHORN AVENUE,-120.09830050451356,36.48784927790665,4900.0,740,5500,Back,State,True,17.22333384639064,1014
9851,6,269,,FRE,,0.15,,PLYMOUTH AVE/AVENAL CUTOFF ROAD EAST,-120.10240466270496,36.072857351879776,4900.0,470,5400,Back,State,True,17.22333384639064,1014
9845,6,245,,TUL,,7.066,,JCT. RTE. 216,-119.09890725713873,36.41354242612314,4850.0,510,5700,Back,State,True,17.127135601046636,1016
9865,6,269,,KIN,,5.615,,KINGS/FRESNO COUNTY LINE,-120.10342322557469,36.0706034043624,4850.0,460,5400,Back,State,True,17.127135601046636,1016
9855,6,269,,FRE,,0,,KINGS/FRESNO COUNTY LINE,-120.10342322557469,36.0706034043624,4850.0,460,5400,Ahead,State,True,17.127135601046636,1016
9683,6,198,,TUL,,26.931,,S LIM LEMON COVE,-119.02510527743641,36.381694258558916,4800.0,750,6100,Back,State,True,17.01554563644759,1019
9685,6,198,,TUL,,27.96,,JCT. RTE. 216 WEST,-119.0218137909466,36.39524369362503,4800.0,750,6100,Back,State,True,17.01554563644759,1019
9683,6,198,,TUL,,26.931,,S LIM LEMON COVE,-119.02510527743641,36.381694258558916,4800.0,750,6100,Ahead,State,True,17.01554563644759,1019
9595,6,190,,TUL,,27.295,,RIVER ISLAND ROAD,-118.85902671412056,36.10261475905005,4750.0,510,5200,Back,State,True,16.892411882407266,1022
119,6,155,,KER,,0.22,,HIGH ST,-119.2502802887608,35.76378516636427,4700.0,470,5300,Back,State,True,16.715407110974294,1023
9687,6,198,,TUL,,30.75,,LAKE KAWEAH BOAT LAUNCHING MARINA,-118.98852095989257,36.39575400012593,4700.0,760,6600,Back,State,True,16.715407110974294,1023
10115,6,43,,TUL,,22.674,,TULARE/KINGS COUNTY LINE,-119.53629200129302,36.07851911150178,4700.0,520,5100,Back,State,True,16.715407110974294,1023
10197,6,58,,KER,,31.455,,SOUTHBOUND I 5 RAMPS,-119.40063210388975,35.39914364623401,4700.0,690,5100,Back,State,True,16.715407110974294,1023
117,6,155,,KER,,0,,DELANO ON ELLINGTON STREET AT 9th AVENUE AND THE OFF/ON RAMPS FOR SOUTHBOUND ROUTE 99,-119.25104874448574,35.76695153253475,4700.0,470,5300,Ahead,State,True,16.715407110974294,1023
9685,6,198,,TUL,,27.96,,JCT. RTE. 216 WEST,-119.0218137909466,36.39524369362503,4700.0,760,6600,Ahead,State,True,16.715407110974294,1023
10089,6,43,,KIN,,0,,TULARE/KINGS COUNTY LINE,-119.53629200129302,36.07851911150178,4700.0,520,5100,Ahead,State,True,16.715407110974294,1023
10195,6,58,,KER,,28.75,,WASCO WAY (ROAD 267),-119.44762727124743,35.39911388541066,4700.0,690,5100,Ahead,State,True,16.715407110974294,1023
9446,6,178,,KER,R,28.511,,KERN CANYON RD,-118.63245687877306,35.53203175520349,4650.0,490,5000,Back,State,True,16.492227181776205,1031
9454,6,178,,KER,R,41.646,,BODFISH,-118.48949076217848,35.6117018671171,4650.0,490,5000,Back,State,True,16.492227181776205,1031
9775,6,216,,TUL,,11.732,,AVENUE 344,-119.13953556191963,36.413806930682654,4650.0,500,4900,Back,State,True,16.492227181776205,1031
9943,6,33,,KIN,,16.44,,"AVENAL, 7TH AVENUE",-120.12921912869582,35.99387588659183,4650.0,470,5600,Back,State,True,16.492227181776205,1031
9945,6,33,,KIN,,16.4,,"SOUTH END, AVENAL",-120.12854213494154,35.99293195187034,4650.0,470,5600,Back,State,True,16.492227181776205,1031
10153,6,49,,MAD,,8.235,,COUNTY ROAD 601,-119.73362912926098,37.40306709229629,4650.0,450,5100,Back,State,True,16.492227181776205,1031
9446,6,178,,KER,R,28.511,,KERN CANYON RD,-118.63245687877306,35.53203175520349,4650.0,490,5000,Ahead,State,True,16.492227181776205,1031
9945,6,33,,KIN,,16.4,,"SOUTH END, AVENAL",-120.12854213494154,35.99293195187034,4650.0,470,5600,Ahead,State,True,16.492227181776205,1031
9695,6,198,,TUL,,38.13,,SOUTH FORK DRIVE (RIGHT,-118.90868004311633,36.43333402979466,4600.0,770,6300,Back,State,True,16.346005848853316,1039
9695,6,198,,TUL,,38.13,,SOUTH FORK DRIVE (RIGHT,-118.90868004311633,36.43333402979466,4600.0,770,6300,Ahead,State,True,16.346005848853316,1039
9917,6,33,,KER,,12.91,,COUNTY ROAD P263,-119.40161377834065,35.07703802848438,4600.0,470,4900,Ahead,State,True,16.346005848853316,1039
10113,6,43,,TUL,,22.133,,"CORCORAN, RAILROAD DRIVE",-119.53520811922401,36.0706346230741,4600.0,520,4850,Ahead,State,True,16.346005848853316,1039
10197,6,58,,KER,,31.455,,SOUTHBOUND I 5 RAMPS,-119.40063210388975,35.39914364623401,4600.0,640,5000,Ahead,State,True,16.346005848853316,1039
9237,6,137,,TUL,R,15.6,,"TULARE, M STREET AT INYO",-119.3429170536841,36.205872610311374,4550.0,520,4900,Back,State,True,16.23056795444051,1044
9279,6,145,,FRE,,13.212,,JCT. RTE. 269,-120.10309871007661,36.42965698567747,4550.0,730,5500,Back,State,True,16.23056795444051,1044
9857,6,269,,FRE,,12.746,,JCT. RTE. 198,-120.10357163624278,36.25552419432647,4550.0,450,5400,Back,State,True,16.23056795444051,1044
9867,6,33,,FRE,R,18.588,,GALE AVENUE,-120.35382236863006,36.17993858144664,4550.0,470,5300,Back,State,True,16.23056795444051,1044
9235,6,137,,TUL,R,15.53,,"TULARE, SOUTH L STREET",-119.34425729607055,36.205669648312295,4550.0,520,4900,Ahead,State,True,16.23056795444051,1044
9543,6,180,,FRE,,87.706,,JCT. RTE. 63 SOUTH,-119.28670719361908,36.73038418665099,4550.0,850,5500,Ahead,State,True,16.23056795444051,1044
9791,6,216,,TUL,,6.95,,"IVANHOE, AVENUE 328",-119.21565608977701,36.384879089294486,4550.0,500,4950,Ahead,State,True,16.23056795444051,1044
9917,6,33,,KER,,12.91,,COUNTY ROAD P263,-119.40161377834065,35.07703802848438,4500.0,460,4800,Back,State,True,16.095890410958905,1051
9921,6,33,,KER,,18.33,,"TAFT, FIRST STREET",-119.45191844969779,35.14074153853052,4500.0,480,4750,Back,State,True,16.095890410958905,1051
9415,6,168,,FRE,T,23.716,,NICHOLAS ROAD,-119.51346490981162,36.96295864262365,4500.0,470,4950,Ahead,State,True,16.095890410958905,1051
9911,6,33,,KER,R,11.555,,"MARICOPA, JCT. RTE. 166 EAST",-119.4010213043765,35.058434457604726,4500.0,460,4800,Ahead,State,True,16.095890410958905,1051
134,6,184,,KER,,0,,WEEDPATCH LOOP (MILEPOST EQUATION),-118.9144404117223,35.23783915716352,4450.0,510,4900,Back,State,True,15.945821148222256,1055
9351,6,155,,KER,R,1.46,,"DELANO, EAST CITY LIMITS, BROWNING ROAD",-119.22320597698914,35.76146958842985,4450.0,580,5000,Back,State,True,15.945821148222256,1055
9603,6,190,,TUL,,9.474,,"POPLAR, COUNTY ROAD 192",-119.14310737757532,36.05124988895539,4450.0,450,4900,Back,State,True,15.945821148222256,1055
9853,6,269,,FRE,,0.427,,JCT. RTE. 5,-120.10204631306,36.0768019500266,4450.0,430,5000,Back,State,True,15.945821148222256,1055
9549,6,184,,KER,L,0,,JCT. RTE. 223,-118.91451839986202,35.20871294094623,4450.0,510,4900,Ahead,State,True,15.945821148222256,1055
9789,6,216,,TUL,,2.46,,"MACAULIFF AVE,RD 144",-119.25203279318396,36.34199380714367,4450.0,550,4950,Ahead,State,True,15.945821148222256,1055
9851,6,269,,FRE,,0.15,,PLYMOUTH AVE/AVENAL CUTOFF ROAD EAST,-120.10240466270496,36.072857351879776,4450.0,430,5000,Ahead,State,True,15.945821148222256,1055
9438,6,178,,KER,R,11.663,,COTTONWOOD CREEK,-118.82187253859811,35.422853950603866,4400.0,500,4750,Back,State,True,15.757272587348007,1062
9467,6,178,,KER,,26.63,,DEMOCRAT SPRINGS ROAD,-118.65797983418501,35.52888003225738,4400.0,480,4750,Back,State,True,15.757272587348007,1062
9699,6,198,,TUL,,38.93,,EGGERS DRIVE (RIGHT),-118.90310734065802,36.44383627051623,4400.0,720,6000,Back,State,True,15.757272587348007,1062
10195,6,58,,KER,,28.75,,WASCO WAY (ROAD 267),-119.44762727124743,35.39911388541066,4400.0,650,4750,Back,State,True,15.757272587348007,1062
10199,6,58,,KER,,31.752,,TRACY AVENUE,-119.39561025465187,35.39886073673632,4400.0,620,4750,Back,State,True,15.757272587348007,1062
9438,6,178,,KER,R,11.663,,COTTONWOOD CREEK,-118.82187253859811,35.422853950603866,4400.0,480,4750,Ahead,State,True,15.757272587348007,1062
9467,6,178,,KER,,26.63,,DEMOCRAT SPRINGS ROAD,-118.65797983418501,35.52888003225738,4400.0,480,4750,Ahead,State,True,15.757272587348007,1062
10153,6,49,,MAD,,8.235,,COUNTY ROAD 601,-119.73362912926098,37.40306709229629,4400.0,480,4750,Ahead,State,True,15.757272587348007,1062
10199,6,58,,KER,,31.752,,TRACY AVENUE,-119.39561025465187,35.39886073673632,4400.0,620,4750,Ahead,State,True,15.757272587348007,1062
9235,6,137,,TUL,R,15.53,,"TULARE, SOUTH L STREET",-119.34425729607055,36.205669648312295,4350.0,530,4550,Back,State,True,15.564876096659997,1071
9815,6,223,,KER,,8.892,,WIBLE ROAD,-119.03922957219194,35.20871755397896,4350.0,500,4700,Back,State,True,15.564876096659997,1071
9233,6,137,,TUL,R,15.381,,J ST,-119.34690250220567,36.205260832734126,4350.0,530,4550,Ahead,State,True,15.564876096659997,1071
9619,6,198,,FRE,,26.814,,JCT. RTE. 5,-120.24397520338648,36.254382185402214,4350.0,430,5200,Ahead,State,True,15.564876096659997,1071
9737,6,201,,TUL,,16.01,,"YETTEM, ROAD 144",-119.25046662091027,36.48630527012051,4300.0,490,4950,Ahead,State,True,15.445590272433432,1075
9813,6,223,,KER,,4.864,,OLD RIVER ROAD,-119.1099629230534,35.20886083016799,4300.0,490,4700,Ahead,State,True,15.445590272433432,1075
9867,6,33,,FRE,R,18.588,,GALE AVENUE,-120.35382236863006,36.17993858144664,4250.0,440,5000,Ahead,State,True,15.337848237648144,1077
9293,6,145,,FRE,,30.11,,AMERICAN AVENUE,-120.06109385749707,36.661972957740424,4200.0,370,4500,Back,State,True,15.195474834539018,1078
9369,6,155,,KER,,0.388,,"DELANO, ELLINGTON STREET/ 4TH AVENUE, GARCES HIGHWAY",-119.24975942759275,35.761398340659596,4150.0,420,4400,Back,State,True,15.068493150684931,1079
9395,6,168,,FRE,R,28.86,,CHINQUAPIN LN - LT,-119.52586391011396,37.0244049937129,4150.0,430,4800,Back,State,True,15.068493150684931,1079
9417,6,168,,FRE,T,30.201,,MORGAN CANYON ROAD AT AUBERRY ROAD,-119.51427486321114,37.037394199283554,4150.0,480,4800,Back,State,True,15.068493150684931,1079
9889,6,33,,FRE,,24.316,,JCT. RTE. 198 EAST,-120.31527806188359,36.24582171173321,4150.0,420,4550,Back,State,True,15.068493150684931,1079
9395,6,168,,FRE,R,28.86,,CHINQUAPIN LN - LT,-119.52586391011396,37.0244049937129,4150.0,480,4800,Ahead,State,True,15.068493150684931,1079
9885,6,33,,FRE,,15.707,,"COALINGA, JCT. RTE. 198 WEST",-120.36029572199226,36.1397269414176,4100.0,430,4900,Back,State,True,14.910728028320763,1084
10079,6,43,,KER,,33.47,,POND ROAD,-119.33043616206216,35.71769694846556,4100.0,490,4800,Back,State,True,14.910728028320763,1084
9849,6,269,,FRE,,0.082,,NB OFF TO AVENAL CUTOFF ROAD,-120.10292560831462,36.071547097811404,4100.0,390,4600,Ahead,State,True,14.910728028320763,1084
9863,6,269,,KIN,,1.12,,AVENAL NORTH CITY LIMITS,-120.12034773256421,36.00933453069064,4100.0,380,4550,Ahead,State,True,14.910728028320763,1084
10061,6,43,,KER,R,25.125,,JCT. RTE. 46,-119.33368450426553,35.601533954220734,4100.0,490,4800,Ahead,State,True,14.910728028320763,1084
9271,6,137,,TUL,,7.2,,ROAD 228,-119.4930216174126,36.203355895064526,4050.0,470,4150,Back,State,True,14.749114976142835,1089
9849,6,269,,FRE,,0.082,,NB OFF TO AVENAL CUTOFF ROAD,-120.10292560831462,36.071547097811404,4050.0,380,4550,Back,State,True,14.749114976142835,1089
9687,6,198,,TUL,,30.75,,LAKE KAWEAH BOAT LAUNCHING MARINA,-118.98852095989257,36.39575400012593,4050.0,650,6400,Ahead,State,True,14.749114976142835,1089
9444,6,178,,KER,R,27.621,,CHINA GARDEN RD,-118.64375014099554,35.53082531557508,4000.0,420,4300,Back,State,True,14.618285362474989,1092
9911,6,33,,KER,R,11.555,,"MARICOPA, JCT. RTE. 166 EAST",-119.4010213043765,35.058434457604726,4000.0,480,4900,Back,State,True,14.618285362474989,1092
9243,6,137,,TUL,,1.86,,ROAD 28,-119.51068720307046,36.1377292585055,4000.0,470,4150,Ahead,State,True,14.618285362474989,1092
9444,6,178,,KER,R,27.621,,CHINA GARDEN RD,-118.64375014099554,35.53082531557508,4000.0,420,4300,Ahead,State,True,14.618285362474989,1092
9454,6,178,,KER,R,41.646,,BODFISH,-118.48949076217848,35.6117018671171,4000.0,420,4350,Ahead,State,True,14.618285362474989,1092
9699,6,198,,TUL,,38.93,,EGGERS DRIVE (RIGHT),-118.90310734065802,36.44383627051623,4000.0,640,6000,Ahead,State,True,14.618285362474989,1092
9915,6,33,,KER,,0,,SAN LUIS OBISPO/KERN COUNTY LINE,-119.4727547451522,34.937948796585474,4000.0,480,4900,Ahead,State,True,14.618285362474989,1092
9621,6,198,,FRE,,34.66,,JCT. RTE. 269,-120.1035898684498,36.25538345820413,3950.0,390,4300,Back,State,True,14.506695397875943,1099
9697,6,198,,TUL,,38.49,,"THREE RIVERS, NORTH FORK DRIVE (COUNTY ROAD TO KAWEAH)",-118.9054493698763,36.437764378486584,3950.0,630,6300,Back,State,True,14.506695397875943,1099
10306,6,63,,TUL,R,24.322,,AVENUE 422,-119.2870134319944,36.55565589858848,3950.0,410,4150,Back,State,True,14.506695397875943,1099
9691,6,198,,TUL,,37.401,,W LIM THREE RIVERS,-118.91556076629016,36.4245517095657,3950.0,630,6300,Ahead,State,True,14.506695397875943,1099
9883,6,33,,FRE,,15.37,,"COALINGA, FIFTH STREET",-120.35525892838132,36.13663681367369,3950.0,410,4250,Ahead,State,True,14.506695397875943,1099
9243,6,137,,TUL,,1.86,,ROAD 28,-119.51068720307046,36.1377292585055,3900.0,450,4050,Back,State,True,14.375865784208097,1104
9817,6,233,,MAD,,0.005,,JCT. RTE. 152,-120.29740437610027,37.08350372248247,3850.0,410,4150,Ahead,State,True,14.24503617054025,1105
10079,6,43,,KER,,33.47,,POND ROAD,-119.33043616206216,35.71769694846556,3800.0,490,4800,Ahead,State,True,14.091118977989842,1106
10193,6,58,,KER,,27.279,,BUTTONWILLOW AVENUE,-119.47419915797562,35.39931914721805,3800.0,570,4200,Ahead,State,True,14.091118977989842,1106
9301,6,145,,FRE,,34.29,L,"KERMAN, C ST., END LEFT ALIGN",-120.06053748233259,36.722570074041556,3750.0,320,3900,Back,State,True,13.87563490841927,1108
9302,6,145,,FRE,,34.29,R,"KERMAN, C ST. END RIGHT ALIGN",-120.06015442991566,36.72257332932327,3750.0,320,3900,Back,State,True,13.87563490841927,1108
9456,6,178,,KER,R,42.941,,JCT. RTE. 155,-118.47823920424305,35.62803677588792,3750.0,350,4150,Back,State,True,13.87563490841927,1108
9689,6,198,,TUL,,35.91,,MORO ROAD (TO STIVERS RANCH),-118.93377718001561,36.41179863896621,3750.0,600,6000,Back,State,True,13.87563490841927,1108
9691,6,198,,TUL,,37.401,,W LIM THREE RIVERS,-118.91556076629016,36.4245517095657,3750.0,600,6000,Back,State,True,13.87563490841927,1108
9693,6,198,,TUL,,37.4,,WEST LIMITS THREE RIVERS,-118.91556299321373,36.42453731677439,3750.0,600,6000,Back,State,True,13.87563490841927,1108
9297,6,145,,FRE,,34.15,L,"WEST A ST, BEGIN LEFT ALIGN",-120.0605052085594,36.72066680652332,3750.0,320,3900,Ahead,State,True,13.87563490841927,1108
9298,6,145,,FRE,,34.15,R,"WEST A ST, BEGIN RIGHT ALIGN",-120.0601853427412,36.72067811568466,3750.0,320,3900,Ahead,State,True,13.87563490841927,1108
9689,6,198,,TUL,,35.91,,MORO ROAD (TO STIVERS RANCH),-118.93377718001561,36.41179863896621,3750.0,600,6000,Ahead,State,True,13.87563490841927,1108
9693,6,198,,TUL,,37.4,,WEST LIMITS THREE RIVERS,-118.91556299321373,36.42453731677439,3750.0,600,6000,Ahead,State,True,13.87563490841927,1108
9697,6,198,,TUL,,38.49,,"THREE RIVERS, NORTH FORK DRIVE (COUNTY ROAD TO KAWEAH)",-118.9054493698763,36.437764378486584,3750.0,600,6000,Ahead,State,True,13.87563490841927,1108
10067,6,43,,KER,,12.19,,SEVENTH STANDARD ROAD,-119.25184877509463,35.441661291680205,3750.0,390,4050,Ahead,State,True,13.87563490841927,1108
9743,6,201,,TUL,,7.95,,ALTA AVENUE,-119.39475880267949,36.51687331925407,3700.0,430,4000,Back,State,True,13.6793904879175,1120
9927,6,33,,KER,,23.41,,MIDWAY ROAD,-119.5274477369779,35.180160294251486,3700.0,390,4000,Back,State,True,13.6793904879175,1120
9241,6,137,,TUL,,0,,KINGS COUNTY/TULARE COUNTY,-119.53633541866733,36.120654947041324,3700.0,440,3850,Ahead,State,True,13.6793904879175,1120
9595,6,190,,TUL,,27.295,,RIVER ISLAND ROAD,-118.85902671412056,36.10261475905005,3700.0,390,4100,Ahead,State,True,13.6793904879175,1120
9543,6,180,,FRE,,87.706,,JCT. RTE. 63 SOUTH,-119.28670719361908,36.73038418665099,3650.0,540,4300,Back,State,True,13.548560874249654,1124
9575,6,190,,TUL,R,31.55,,"SPRINGVILLE, CRAMER DRIVE",-118.81964152767426,36.12936228586332,3650.0,380,4000,Back,State,True,13.548560874249654,1124
9575,6,190,,TUL,R,31.55,,"SPRINGVILLE, CRAMER DRIVE",-118.81964152767426,36.12936228586332,3650.0,380,4000,Ahead,State,True,13.548560874249654,1124
9551,6,184,,KER,R,12.031,,JCT. RTE. 178,-118.88248230290732,35.39803422636924,3550.0,530,3900,Back,State,True,13.27150992765892,1127
9573,6,190,,TUL,R,31.551,,WARD AVE-LT/CRAMER DR-RT,-118.81962913002502,36.129372609832046,3550.0,370,3950,Back,State,True,13.27150992765892,1127
9597,6,190,,TUL,,31.701,,JCT OLD RTE 190,-118.81937886567505,36.12958101672467,3550.0,370,4200,Back,State,True,13.27150992765892,1127
9573,6,190,,TUL,R,31.551,,WARD AVE-LT/CRAMER DR-RT,-118.81962913002502,36.129372609832046,3550.0,370,4200,Ahead,State,True,13.27150992765892,1127
9597,6,190,,TUL,,31.701,,JCT OLD RTE 190,-118.81937886567505,36.12958101672467,3550.0,370,4150,Ahead,State,True,13.27150992765892,1127
9469,6,178,,KER,,45.521,,ISABELLA BOULEVARD,-118.46190172293554,35.64288523342483,3500.0,320,3800,Back,State,True,13.109896875480992,1132
10109,6,43,,KIN,,3.18,,NORTH END CORCORAN BYPASS,-119.56785970947206,36.114117524751194,3500.0,380,3750,Back,State,True,13.109896875480992,1132
9456,6,178,,KER,R,42.941,,JCT. RTE. 155,-118.47823920424305,35.62803677588792,3500.0,320,3800,Ahead,State,True,13.109896875480992,1132
9835,6,245,,TUL,,0,,JCT. RTE. 198,-119.11697726343924,36.325790954756364,3500.0,360,4150,Ahead,State,True,13.109896875480992,1132
9229,6,137,,KIN,,0,,JCT. RTE. 43,-119.54572358683585,36.097985991148704,3450.0,400,3600,Ahead,State,True,12.948283823303065,1136
9425,6,168,,FRE,,45,,DINKEY CREEK ROAD,-119.31835422124108,37.10151801157412,3400.0,590,4100,Back,State,True,12.771279051870094,1137
9701,6,198,,TUL,,39.691,,E LIM THREE RIVERS,-118.89507569234891,36.45241496783879,3400.0,540,5100,Back,State,True,12.771279051870094,1137
9703,6,198,,TUL,,42.35,,"THREE RIVERS, MINERAL KING ROAD",-118.85923020768523,36.4667710455432,3400.0,540,5100,Back,State,True,12.771279051870094,1137
10155,6,49,,MAD,,9.275,,MADERA/MARIPOSA COUNTY LINE,-119.7303967016112,37.41704763829792,3400.0,370,3650,Back,State,True,12.771279051870094,1137
9399,6,168,,FRE,R,36.179,,AUBERRY ROAD,-119.36648795920392,37.060265378624315,3400.0,590,4100,Ahead,State,True,12.771279051870094,1137
9425,6,168,,FRE,,45,,DINKEY CREEK ROAD,-119.31835422124108,37.10151801157412,3400.0,950,4950,Ahead,State,True,12.771279051870094,1137
9701,6,198,,TUL,,39.691,,E LIM THREE RIVERS,-118.89507569234891,36.45241496783879,3400.0,540,5100,Ahead,State,True,12.771279051870094,1137
10091,6,43,,KIN,,1.456,,JCT. RTE. 137,-119.54564286602103,36.097986235759585,3400.0,370,3600,Ahead,State,True,12.771279051870094,1137
9807,6,223,,KER,,22.2,,TOWERLINE ROAD,-118.80626583677422,35.209192956974555,3350.0,490,3650,Back,State,True,12.586578420809605,1145
9277,6,145,,FRE,,10.324,,EXCELSIOR AVENUE,-120.13911866553478,36.40055242240166,3300.0,330,4000,Back,State,True,12.467292596583038,1146
9729,6,201,,TUL,L,13.98,,JCT. RTE. 63,-119.28720658415352,36.486695045772244,3300.0,590,3500,Back,State,True,12.467292596583038,1146
9277,6,145,,FRE,,10.324,,EXCELSIOR AVENUE,-120.13911866553478,36.40055242240166,3300.0,530,4000,Ahead,State,True,12.467292596583038,1146
9743,6,201,,TUL,,7.95,,ALTA AVENUE,-119.39475880267949,36.51687331925407,3300.0,590,3500,Ahead,State,True,12.467292596583038,1146
9907,6,33,,FRE,,72.837,,DOUGLAS AVENUE,-120.49146288324987,36.88302991669063,3250.0,360,3800,Back,State,True,12.30952747421887,1150
10069,6,43,,KER,,15.89,,CENTRAL VALLEY HIGHWAY,-119.26152801358488,35.49269209322098,3250.0,340,3550,Back,State,True,12.30952747421887,1150
9857,6,269,,FRE,,12.746,,JCT. RTE. 198,-120.10357163624278,36.25552419432647,3250.0,320,3700,Ahead,State,True,12.30952747421887,1150
9927,6,33,,KER,,23.41,,MIDWAY ROAD,-119.5274477369779,35.180160294251486,3250.0,580,3600,Ahead,State,True,12.30952747421887,1150
9947,6,33,,KIN,,17.14,,JCT. RTE. 269,-120.13737966548528,36.00071310546371,3250.0,330,3700,Ahead,State,True,12.30952747421887,1150
10292,6,63,,FRE,,0,,TULARE/FRESNO COUNTY LINE,-119.30484650853698,36.62443568583734,3250.0,380,3900,Ahead,State,True,12.30952747421887,1150
9399,6,168,,FRE,R,36.179,,AUBERRY ROAD,-119.36648795920392,37.060265378624315,3200.0,530,4100,Back,State,True,12.136370632599663,1156
10193,6,58,,KER,,27.279,,BUTTONWILLOW AVENUE,-119.47419915797562,35.39931914721805,3200.0,480,3600,Back,State,True,12.136370632599663,1156
9291,6,145,,FRE,,26.09,,MANNING AVENUE,-120.06141673985798,36.60367330072323,3200.0,290,3450,Ahead,State,True,12.136370632599663,1156
9943,6,33,,KIN,,16.44,,"AVENAL, 7TH AVENUE",-120.12921912869582,35.99387588659183,3200.0,320,3800,Ahead,State,True,12.136370632599663,1156
9469,6,178,,KER,,45.521,,ISABELLA BOULEVARD,-118.46190172293554,35.64288523342483,3150.0,390,3450,Ahead,State,True,12.024780668000616,1160
10081,6,43,,KER,,36.67,,"KERNELL, GARCES HIGHWAY",-119.34444154682356,35.76121627990528,3100.0,340,3350,Back,State,True,11.824688317685085,1161
10306,6,63,,TUL,R,24.322,,AVENUE 422,-119.2870134319944,36.55565589858848,3100.0,330,3400,Ahead,State,True,11.824688317685085,1161
9377,6,166,,KER,,0.01,,"MARICOPA, JCT. RTE. 33",-119.4010213043765,35.058434457604726,3050.0,320,3400,Ahead,State,True,11.570724949976913,1163
9951,6,33,,KIN,,7.8,,"REEF CITY, JCT. RTE. 41",-120.04637176715764,35.8889106307138,3050.0,460,3800,Ahead,State,True,11.570724949976913,1163
9381,6,166,,KER,,2.96,,PENTLAND ROAD,-119.34926281213994,35.05820278464971,3000.0,310,3400,Back,State,True,11.370632599661382,1165
9615,6,198,,FRE,,22.37,,"COALINGA, 8TH/POLK STREETS",-120.36345384818824,36.13640954528586,3000.0,300,3150,Back,State,True,11.370632599661382,1165
9613,6,198,,FRE,,21.74,,"COALINGA, SOUTH CITY LIMITS",-120.37032038247217,36.12923962868148,3000.0,300,3150,Ahead,State,True,11.370632599661382,1165
10191,6,58,,KER,,24.76,,CORN CAMP ROAD,-119.51840903411617,35.39942044267332,2950.0,620,3450,Back,State,True,11.193627828228413,1168
10117,6,43,,TUL,,7.76,,AVENUE 56,-119.40534900113981,35.891377410183004,2950.0,320,3200,Ahead,State,True,11.193627828228413,1168
10189,6,58,,KER,,23.748,,LOKERN ROAD,-119.53649264719823,35.39819873344879,2950.0,620,3450,Ahead,State,True,11.193627828228413,1168
9907,6,33,,FRE,,72.837,,DOUGLAS AVENUE,-120.49146288324987,36.88302991669063,2900.0,330,3400,Ahead,State,True,11.039710635678006,1171
9231,6,137,,KIN,,2.061,,KINGS COUNTY/TULARE COUNTY,-119.53633541866733,36.120654947041324,2850.0,340,2950,Back,State,True,10.897337232568878,1172
9471,6,178,,KER,,55.684,,SIERRA WAY,-118.32070364622864,35.6572348526425,2850.0,350,3100,Back,State,True,10.897337232568878,1172
10083,6,43,,KER,,38.807,,KERN/TULARE COUNTY LINE,-119.35520792108073,35.7903196094262,2850.0,310,3100,Back,State,True,10.897337232568878,1172
10117,6,43,,TUL,,7.76,,AVENUE 56,-119.40534900113981,35.891377410183004,2850.0,310,3100,Back,State,True,10.897337232568878,1172
10081,6,43,,KER,,36.67,,"KERNELL, GARCES HIGHWAY",-119.34444154682356,35.76121627990528,2850.0,310,3100,Ahead,State,True,10.897337232568878,1172
10111,6,43,,TUL,,0,,KERN/TULARE COUNTY LINE,-119.35520792108073,35.7903196094262,2850.0,310,3100,Ahead,State,True,10.897337232568878,1172
9383,6,166,,KER,,22.797,,JCT. RTE. 5,-118.9991731735485,35.05934919532906,2800.0,410,3800,Back,State,True,10.731876250577189,1178
9245,6,137,,TUL,,13.28,,ROAD 84,-119.38435216147278,36.20338587800986,2800.0,310,2900,Ahead,State,True,10.731876250577189,1178
9351,6,155,,KER,R,1.46,,"DELANO, EAST CITY LIMITS, BROWNING ROAD",-119.22320597698914,35.76146958842985,2800.0,350,3150,Ahead,State,True,10.731876250577189,1178
9805,6,223,,KER,,21.165,,"ARVIN, DERBY STREET (EL TEJON HIGHWAY)",-118.82425818282007,35.209115296235915,2800.0,410,3050,Ahead,State,True,10.731876250577189,1178
10191,6,58,,KER,,24.76,,CORN CAMP ROAD,-119.51840903411617,35.39942044267332,2800.0,500,3250,Ahead,State,True,10.731876250577189,1178
9577,6,190,,TUL,R,32.704,,BALCH PARK DRIVE,-118.80763100201992,36.13903724046186,2750.0,290,3200,Back,State,True,10.562567338771741,1183
9379,6,166,,KER,,14.86,,OLD RIVER ROAD,-119.13884038536565,35.05873559344703,2750.0,390,3350,Ahead,State,True,10.562567338771741,1183
9381,6,166,,KER,,2.96,,PENTLAND ROAD,-119.34926281213994,35.05820278464971,2750.0,290,3200,Ahead,State,True,10.562567338771741,1183
9245,6,137,,TUL,,13.28,,ROAD 84,-119.38435216147278,36.20338587800986,2700.0,310,2800,Back,State,True,10.331691549946129,1186
9471,6,178,,KER,,55.684,,SIERRA WAY,-118.32070364622864,35.6572348526425,2700.0,340,2950,Ahead,State,True,10.331691549946129,1186
9859,6,269,,FRE,,24.764,,JCT. RTE. 145,-120.10309871007661,36.42965698567747,2650.0,260,3150,Back,State,True,10.112359550561797,1188
9427,6,168,,FRE,,47.85,,SHAVER HEIGHTS; DALTON AVENUE,-119.30866547049028,37.13922490661711,2600.0,720,3800,Back,State,True,9.96229028782515,1189
9275,6,145,,FRE,,0,,JCT. RTES. 5 AND 33,-120.26919201205133,36.29432939384616,2600.0,260,3350,Ahead,State,True,9.96229028782515,1189
9385,6,166,,KER,,24.62,,"METTLER, JCT. RTE. 99",-118.96792030601195,35.05783609457755,2550.0,530,3500,Back,State,True,9.75835000769586,1191
9877,6,33,,FRE,R,79.905,,BRANNON AVENUE,-120.60013907206273,36.936315088273545,2550.0,290,3100,Back,State,True,9.75835000769586,1191
9931,6,33,,KER,,34.285,,JCT. RTE. 58 EAST,-119.62232876297556,35.3090027957442,2550.0,450,2850,Back,State,True,9.75835000769586,1191
9947,6,33,,KIN,,17.14,,JCT. RTE. 269,-120.13737966548528,36.00071310546371,2550.0,260,2950,Back,State,True,9.75835000769586,1191
9781,6,216,,TUL,,14.51,,"WOODLAKE, ROAD 216",-119.08983843017228,36.41374368745357,2550.0,280,2850,Ahead,State,True,9.75835000769586,1191
9869,6,33,,FRE,R,27.019,,DERRICK AVENUE,-120.30064893100638,36.28164107968458,2500.0,280,3000,Back,State,True,9.500538710173927,1196
9929,6,33,,KER,,33.454,,JCT. RTE. 58 WEST,-119.62553201603984,35.29671499062657,2500.0,450,2750,Back,State,True,9.500538710173927,1196
10049,6,41,,MPA,,4.918,,"FISH CAMP, ENTRANCE TO YOSEMITE NATIONAL PARK",-119.63211543099061,37.49716203309901,2500.0,380,4300,Back,,False,9.500538710173927,1196
9383,6,166,,KER,,22.797,,JCT. RTE. 5,-118.9991731735485,35.05934919532906,2500.0,510,3350,Ahead,State,True,9.500538710173927,1196
9929,6,33,,KER,,33.454,,JCT. RTE. 58 WEST,-119.62553201603984,35.29671499062657,2500.0,440,2750,Ahead,State,True,9.500538710173927,1196
9889,6,33,,FRE,,24.316,,JCT. RTE. 198 EAST,-120.31527806188359,36.24582171173321,2450.0,260,2650,Ahead,State,True,9.296598430044636,1201
9357,6,155,,KER,R,3.469,,ZACHARY AVENUE,-119.18741955475872,35.76145259673793,2400.0,310,2700,Back,State,True,9.169616746190549,1202
9783,6,216,,TUL,,14.555,,"WOODLAKE, EAST CITY LIMITS",-119.08908349588897,36.41374216715168,2400.0,270,2750,Back,State,True,9.169616746190549,1202
10021,6,41,,MAD,D,0.639,,MARIPOSA/MADERA COUNTY LINE,-119.6509070764167,37.44884612852472,2400.0,360,4150,Back,State,True,9.169616746190549,1202
10021,6,41,,MAD,D,0.639,,MARIPOSA/MADERA COUNTY LINE,-119.6509070764167,37.44884612852472,2400.0,360,4150,Ahead,State,True,9.169616746190549,1202
10045,6,41,,MPA,,0,,MADERA/MARIPOSA COUNTY LINE,-119.65095726439331,37.44211700999757,2400.0,360,4150,Ahead,,False,9.169616746190549,1202
10047,6,41,,MPA,,1.841,,MARIPOSA/MADERA COUNTY LINE,-119.64415987613177,37.46104888971687,2400.0,360,4150,Ahead,,False,9.169616746190549,1202
9847,6,245,,TUL,,8.061,,"WOODLAKE, AVENUE 352",-119.09893041301183,36.42825666228193,2350.0,230,2700,Back,State,True,9.004155764198861,1208
9807,6,223,,KER,,22.2,,TOWERLINE ROAD,-118.80626583677422,35.209192956974555,2350.0,260,2600,Ahead,State,True,9.004155764198861,1208
9877,6,33,,FRE,R,79.905,,BRANNON AVENUE,-120.60013907206273,36.936315088273545,2350.0,260,2700,Ahead,State,True,9.004155764198861,1208
9739,6,201,,TUL,,20.52,,ROAD 180,-119.16926261848822,36.485413576027526,2300.0,260,2650,Back,State,True,8.79636755425581,1211
9783,6,216,,TUL,,14.555,,"WOODLAKE, EAST CITY LIMITS",-119.08908349588897,36.41374216715168,2300.0,250,2650,Ahead,State,True,8.79636755425581,1211
9809,6,223,,KER,,26.2,,"ARVIN, EAST",-118.73593331149759,35.21380479154731,2250.0,250,2550,Back,State,True,8.61166692319532,1213
9871,6,33,,FRE,R,29,,"JCT. RTE. 145 NORTHEAST, SOUTH JCT. RTE. 5",-120.26934649083918,36.29420979480536,2250.0,250,2650,Back,State,True,8.61166692319532,1213
9869,6,33,,FRE,R,27.019,,DERRICK AVENUE,-120.30064893100638,36.28164107968458,2250.0,250,2650,Ahead,State,True,8.61166692319532,1213
9913,6,33,,KER,R,60.168,,JCT. RTE. 46,-119.86767262329484,35.61504072085471,2250.0,360,2650,Ahead,State,True,8.61166692319532,1213
9909,6,33,,FRE,,8.02,,ALPINE/LOST HILLS ROADS,-120.26271842512722,36.10083704963924,2150.0,220,2450,Back,State,True,8.276897029398183,1217
131,6,178,S,KER,S,1.809,R,"BAKERSFIELD, 23RD & """"O"""" ST, RIGHT ALIGN",-119.01290255722705,35.380382631834635,2150.0,210,2350,Ahead,State,True,8.276897029398183,1217
9357,6,155,,KER,R,3.469,,ZACHARY AVENUE,-119.18741955475872,35.76145259673793,2150.0,300,2400,Ahead,State,True,8.276897029398183,1217
9919,6,33,,KER,,17.889,,"TAFT, JCT. RTE. 119 EAST",-119.44747483612687,35.135822431945584,2150.0,230,2300,Ahead,State,True,8.276897029398183,1217
9705,6,198,,TUL,,44.163,,SEQUOIA NATIONAL PARK BOUNDARY,-118.83823784073,36.481652135998694,2100.0,410,3650,Back,State,True,8.146067415730338,1221
9873,6,33,,FRE,R,39.853,,NORTH JCT. RTE. 5,-120.39414214253503,36.43571828172409,2100.0,230,2650,Back,State,True,8.146067415730338,1221
9703,6,198,,TUL,,42.35,,"THREE RIVERS, MINERAL KING ROAD",-118.85923020768523,36.4667710455432,2100.0,410,3650,Ahead,State,True,8.146067415730338,1221
9871,6,33,,FRE,R,29,,"JCT. RTE. 145 NORTHEAST, SOUTH JCT. RTE. 5",-120.26934649083918,36.29420979480536,2100.0,230,2650,Ahead,State,True,8.146067415730338,1221
9291,6,145,,FRE,,26.09,,MANNING AVENUE,-120.06141673985798,36.60367330072323,2050.0,230,2300,Back,State,True,7.980606433738649,1225
9343,6,155,,KER,L,0.27,,"DELANO, FREMONT STREET/6TH AVENUE",-119.24882055157693,35.76323234339639,2050.0,230,2350,Back,State,True,7.980606433738649,1225
9863,6,269,,KIN,,1.12,,AVENAL NORTH CITY LIMITS,-120.12034773256421,36.00933453069064,2050.0,190,2250,Back,State,True,7.980606433738649,1225
9913,6,33,,KER,R,60.168,,JCT. RTE. 46,-119.86767262329484,35.61504072085471,2050.0,310,2400,Back,State,True,7.980606433738649,1225
9951,6,33,,KIN,,7.8,,"REEF CITY, JCT. RTE. 41",-120.04637176715764,35.8889106307138,2050.0,310,2850,Back,State,True,7.980606433738649,1225
10308,6,63,,TUL,R,25.55,,AVENUE 432,-119.28716603599823,36.57343657973752,2050.0,210,2250,Back,State,True,7.980606433738649,1225
115,6,155,,KER,L,0,,DELANO ON FREMONT STREET AT 9th AVENUE AND THE OFF/ON RAMPS FOR NORTHBOUND ROUTE 99,-119.24972350665949,35.767135976761125,2050.0,230,2300,Ahead,State,True,7.980606433738649,1225
9289,6,145,,FRE,,25.085,,MADERA AVENUE,-120.06147274801931,36.5891418160133,2050.0,230,2300,Ahead,State,True,7.980606433738649,1225
9861,6,269,,KIN,,0,,JCT. RTE. 33,-120.1367930045193,36.000291081618506,2050.0,190,2250,Ahead,State,True,7.980606433738649,1225
9941,6,33,,KIN,,0,,KERN/KINGS COUNTY LINE,-119.98335980087919,35.78936825031999,2050.0,310,2850,Ahead,State,True,7.980606433738649,1225
10308,6,63,,TUL,R,25.55,,AVENUE 432,-119.28716603599823,36.57343657973752,2050.0,240,2250,Ahead,State,True,7.980606433738649,1225
136,6,201,,TUL,,13.98,,NORTH JCT. RTE. 63,-119.28662417760873,36.48669217992001,2000.0,180,2250,Ahead,State,True,7.795905802678159,1236
9271,6,137,,TUL,,7.2,,ROAD 228,-119.4930216174126,36.203355895064526,2000.0,240,2050,Ahead,State,True,7.795905802678159,1236
9853,6,269,,FRE,,0.427,,JCT. RTE. 5,-120.10204631306,36.0768019500266,2000.0,180,2350,Ahead,State,True,7.795905802678159,1236
9893,6,33,,FRE,,59.43,,CALIFORNIA AVENUE,-120.38718066351214,36.72012657935261,1950.0,230,2500,Back,State,True,7.545790364783746,1239
9895,6,33,,FRE,,61.45,,"MENDOTA, BELMONT AVENUE",-120.3868337799635,36.74928916505903,1950.0,220,2750,Back,State,True,7.545790364783746,1239
9949,6,33,,KIN,,18.994,,KINGS/FRESNO COUNTY LINE,-120.16575785134911,36.02276162789672,1950.0,200,2450,Back,State,True,7.545790364783746,1239
10294,6,63,,FRE,,2.5,,AMERICAN AVENUE,-119.30466904365767,36.66061768164886,1950.0,260,2100,Back,State,True,7.545790364783746,1239
9879,6,33,,FRE,,0,,KINGS/FRESNO COUNTY LINE,-120.16575785134911,36.02276162789672,1950.0,200,2450,Ahead,State,True,7.545790364783746,1239
9893,6,33,,FRE,,59.43,,CALIFORNIA AVENUE,-120.38718066351214,36.72012657935261,1950.0,220,2750,Ahead,State,True,7.545790364783746,1239
9935,6,33,,KER,,44.085,,LOST HILLS ROAD (COUNTY ROAD P213),-119.68950432537447,35.43756109503493,1900.0,280,2200,Back,State,True,7.287979067261813,1245
9909,6,33,,FRE,,8.02,,ALPINE/LOST HILLS ROADS,-120.26271842512722,36.10083704963924,1900.0,200,2100,Ahead,State,True,7.287979067261813,1245
9933,6,33,,KER,,41.08,,LOKERN ROAD (COUNTY ROAD P208),-119.66719725154307,35.401156929477,1900.0,280,2200,Ahead,State,True,7.287979067261813,1245
9935,6,33,,KER,,44.085,,LOST HILLS ROAD (COUNTY ROAD P213),-119.68950432537447,35.43756109503493,1900.0,290,2200,Ahead,State,True,7.287979067261813,1245
9809,6,223,,KER,,26.2,,"ARVIN, EAST",-118.73593331149759,35.21380479154731,1850.0,240,2150,Ahead,State,True,7.099430506387564,1249
9361,6,155,,KER,R,6.55,,FAMOSO-PORTERVILLE HIGHWAY,-119.13271871435238,35.761606484768116,1800.0,300,2000,Back,State,True,6.907034015699553,1250
9619,6,198,,FRE,,26.814,,JCT. RTE. 5,-120.24397520338648,36.254382185402214,1800.0,180,1950,Back,State,True,6.907034015699553,1250
9811,6,223,,KER,,31.92,,JCT. RTE. 58,-118.65841042544679,35.26423399223994,1800.0,230,2150,Back,State,True,6.907034015699553,1250
9891,6,33,,FRE,,53.4,,ADAMS AVENUE,-120.38827275887775,36.632565649404526,1800.0,220,2300,Back,State,True,6.907034015699553,1250
9617,6,198,,FRE,,22.66,,JCT. RTE. 33,-120.31532372594442,36.24626195468128,1800.0,180,1900,Ahead,State,True,6.907034015699553,1250
9873,6,33,,FRE,R,39.853,,NORTH JCT. RTE. 5,-120.39414214253503,36.43571828172409,1800.0,260,2150,Ahead,State,True,6.907034015699553,1250
9363,6,155,,KER,R,60.637,,WOFFORD BOULEVARD,-118.4564587398992,35.706768957713074,1700.0,180,1950,Back,State,True,6.506849315068493,1256
10312,6,63,,TUL,R,30.084,,TULARE/FRESNO COUNTY LINE,-119.30484650853698,36.62443568583734,1700.0,200,1800,Back,State,True,6.506849315068493,1256
9847,6,245,,TUL,,8.061,,"WOODLAKE, AVENUE 352",-119.09893041301183,36.42825666228193,1700.0,160,1900,Ahead,State,True,6.506849315068493,1256
9813,6,223,,KER,,4.864,,OLD RIVER ROAD,-119.1099629230534,35.20886083016799,1600.0,190,1750,Back,State,True,6.079729105741111,1259
9837,6,245,,TUL,,10.47,,ROAD 200,-119.12577619427353,36.45001108258665,1600.0,150,1750,Back,State,True,6.079729105741111,1259
9933,6,33,,KER,,41.08,,LOKERN ROAD (COUNTY ROAD P208),-119.66719725154307,35.401156929477,1600.0,230,1800,Back,State,True,6.079729105741111,1259
9801,6,223,,KER,,1.85,,JCT. RTE. 5,-119.16288795224655,35.20913686251355,1600.0,190,1750,Ahead,State,True,6.079729105741111,1259
9505,6,180,,FRE,,108.128,,JCT. RTE. 245 SOUTH,-119.00005639803415,36.719722937153975,1550.0,290,2700,Back,State,True,5.837309527474218,1263
9741,6,201,,TUL,,23.957,,JCT. RTE. 245,-119.1223881999761,36.471726011744856,1550.0,170,1750,Back,State,True,5.837309527474218,1263
9937,6,33,,KER,,72.72,,DEVILS DEN ROAD (BARKER ROAD),-119.97507689019184,35.77584660835125,1500.0,230,1750,Back,State,True,5.610281668462367,1265
9937,6,33,,KER,,72.72,,DEVILS DEN ROAD (BARKER ROAD),-119.97507689019184,35.77584660835125,1500.0,230,1750,Ahead,State,True,5.610281668462367,1265
10310,6,63,,TUL,R,29.09,,AVENUE 460,-119.2869272449311,36.62412463506377,1500.0,170,1600,Ahead,State,True,5.610281668462367,1265
9939,6,33,,KER,,73.743,,KERN/KINGS COUNTY LINE,-119.98335980087919,35.78936825031999,1450.0,220,1650,Back,State,True,5.364014160381714,1268
9891,6,33,,FRE,,53.4,,ADAMS AVENUE,-120.38827275887775,36.632565649404526,1450.0,170,1950,Ahead,State,True,5.364014160381714,1268
10310,6,63,,TUL,R,29.09,,AVENUE 460,-119.2869272449311,36.62412463506377,1400.0,160,1500,Back,State,True,5.121594582114822,1270
9505,6,180,,FRE,,108.128,,JCT. RTE. 245 SOUTH,-119.00005639803415,36.719722937153975,1400.0,490,2500,Ahead,State,True,5.121594582114822,1270
9931,6,33,,KER,,34.285,,JCT. RTE. 58 EAST,-119.62232876297556,35.3090027957442,1350.0,190,1500,Ahead,State,True,4.921502231799292,1272
9785,6,216,,TUL,,18.67,,DRY CREEK ROAD,-119.02969390424704,36.40056673865693,1300.0,140,1750,Back,State,True,4.732953670925042,1273
9787,6,216,,TUL,,19.245,,JCT. RTE. 198,-119.02182098196043,36.395230405350304,1300.0,170,1750,Back,State,True,4.732953670925042,1273
9785,6,216,,TUL,,18.67,,DRY CREEK ROAD,-119.02969390424704,36.40056673865693,1300.0,140,1750,Ahead,State,True,4.732953670925042,1273
9837,6,245,,TUL,,10.47,,ROAD 200,-119.12577619427353,36.45001108258665,1300.0,130,1450,Ahead,State,True,4.732953670925042,1273
9429,6,168,,FRE,,49.66,,HUNTINGTON LAKE ROAD,-119.2960233582243,37.15600927832569,1250.0,360,1850,Back,State,True,4.559796829305833,1277
9427,6,168,,FRE,,47.85,,SHAVER HEIGHTS; DALTON AVENUE,-119.30866547049028,37.13922490661711,1250.0,360,1850,Ahead,State,True,4.559796829305833,1277
9739,6,201,,TUL,,20.52,,ROAD 180,-119.16926261848822,36.485413576027526,1250.0,150,1450,Ahead,State,True,4.559796829305833,1277
132,6,178,S,KER,S,1.749,L,"24TH & """"N"""" ST, JCT RTE 178 WB, LEFT ALIGN",-119.01415698624935,35.38103287598289,1150.0,110,1200,Back,State,True,4.194243496998615,1280
133,6,178,S,KER,S,1.819,L,"24TH & """"O"""" ST, LEFT ALIGN",-119.01291160955016,35.38131577917655,1150.0,120,1200,Back,State,True,4.194243496998615,1280
10189,6,58,,KER,,23.748,,LOKERN ROAD,-119.53649264719823,35.39819873344879,1150.0,280,1350,Back,State,True,4.194243496998615,1280
132,6,178,S,KER,S,1.749,L,"24TH & """"N"""" ST, JCT RTE 178 WB, LEFT ALIGN",-119.01415698624935,35.38103287598289,1150.0,120,1200,Ahead,State,True,4.194243496998615,1280
133,6,178,S,KER,S,1.819,L,"24TH & """"O"""" ST, LEFT ALIGN",-119.01291160955016,35.38131577917655,1150.0,110,1200,Ahead,State,True,4.194243496998615,1280
10185,6,58,,KER,,15.42,,JCT. RTE. 33,-119.62232876297556,35.3090027957442,1150.0,280,1350,Ahead,State,True,4.194243496998615,1280
9507,6,180,,FRE,,109.528,,FRESNO/TULARE COUNTY LINE,-118.98310074016555,36.71754351907795,1100.0,390,1900,Back,State,True,3.982607357241804,1286
9545,6,180,,TUL,,109.528,,FRESNO/TULARE COUNTY LINE,-118.98310074016555,36.71754351907795,1100.0,390,1900,Ahead,State,True,3.982607357241804,1286
9511,6,180,,FRE,,116.85,,HUME LAKE ROAD,-118.93537348986878,36.80183490879684,1050.0,370,1800,Back,State,True,3.782515006926274,1288
9547,6,180,,TUL,,110.829,,"NORTH BOUNDARY GENERAL GRANT GROVE, KINGS CANYON NATIONAL PARK",-118.96390988702044,36.71632819818969,1050.0,370,1800,Back,State,True,3.782515006926274,1288
9839,6,245,,TUL,,11.999,,JCT. RTE. 201 WEST,-119.12239084192134,36.47171834512029,1050.0,120,1250,Back,State,True,3.782515006926274,1288
9509,6,180,,FRE,,112.09,,"NORTH BOUNDARY GENERAL GRANT GROVE, KINGS CANYON NATIONAL PARK",-118.95938519420692,36.755969606749915,1050.0,370,1800,Ahead,State,True,3.782515006926274,1288
9431,6,168,,FRE,,65.84,,FLORENCE LAKE ROAD,-119.16148540091537,37.25542737221597,1000.0,280,1800,Back,State,True,3.6093581653070648,1292
9433,6,168,,FRE,,65.932,,LAKE SABRINA,-119.1631284896386,37.255239901561005,1000.0,270,1800,Back,State,True,3.6093581653070648,1292
9429,6,168,,FRE,,49.66,,HUNTINGTON LAKE ROAD,-119.2960233582243,37.15600927832569,1000.0,280,1800,Ahead,State,True,3.6093581653070648,1292
9431,6,168,,FRE,,65.84,,FLORENCE LAKE ROAD,-119.16148540091537,37.25542737221597,1000.0,270,1800,Ahead,State,True,3.6093581653070648,1292
9613,6,198,,FRE,,21.74,,"COALINGA, SOUTH CITY LIMITS",-120.37032038247217,36.12923962868148,970.0,100,1050,Back,State,True,3.4823764814529783,1296
9611,6,198,,FRE,,21.19,,FIRESTONE AVENUE,-120.37437048364302,36.12195308382199,970.0,100,1050,Ahead,State,True,3.4823764814529783,1296
10294,6,63,,FRE,,2.5,,AMERICAN AVENUE,-119.30466904365767,36.66061768164886,940.0,130,1100,Ahead,State,True,3.420809604432815,1298
9577,6,190,,TUL,R,32.704,,BALCH PARK DRIVE,-118.80763100201992,36.13903724046186,850.0,210,1000,Ahead,State,True,3.101431429890719,1299
9611,6,198,,FRE,,21.19,,FIRESTONE AVENUE,-120.37437048364302,36.12195308382199,830.0,90,890,Back,State,True,3.005233184546714,1300
9609,6,198,,FRE,,19.145,,COALINGA CREEK,-120.40245501113878,36.106045031146394,830.0,90,880,Ahead,State,True,3.005233184546714,1300
9609,6,198,,FRE,,19.145,,COALINGA CREEK,-120.40245501113878,36.106045031146394,810.0,90,860,Back,State,True,2.9282745882715098,1302
9607,6,198,,FRE,,12.33,,PARKFIELD JUNCTION,-120.48067114955222,36.08199128429822,800.0,90,860,Ahead,State,True,2.851315991996306,1303
10296,6,63,,FRE,,8.362,,JCT. RTE. 180,-119.2867583104537,36.730396545526574,790.0,120,1150,Back,State,True,2.793597044789903,1304
9599,6,190,,TUL,,47.98,,CAMP NELSON ROAD,-118.6166454517942,36.13955849392253,770.0,200,920,Back,State,True,2.7204863783284594,1305
9607,6,198,,FRE,,12.33,,PARKFIELD JUNCTION,-120.48067114955222,36.08199128429822,750.0,80,810,Back,State,True,2.639679852239495,1306
9605,6,198,,FRE,,0,,MONTEREY/FRESNO COUNTY LINE,-120.66458021034751,36.16732783097827,750.0,80,810,Ahead,State,True,2.639679852239495,1306
9513,6,180,,FRE,,136.64,,DEER COVE CREEK,-118.72049898380027,36.804464444135974,730.0,260,1250,Back,State,True,2.5588733261505308,1308
9511,6,180,,FRE,,116.85,,HUME LAKE ROAD,-118.93537348986878,36.80183490879684,710.0,250,1250,Ahead,State,True,2.4703709404340466,1309
9515,6,180,,FRE,,137.94,,KINGS CANYON NATIONAL PARK,-118.69774531162706,36.802270658963785,700.0,250,1250,Back,State,True,2.4088040634138834,1310
9513,6,180,,FRE,,136.64,,DEER COVE CREEK,-118.72049898380027,36.804464444135974,700.0,250,1250,Ahead,State,True,2.4088040634138834,1310
9371,6,155,,KER,,38.25,,"GLENVILLE, GRANITE ROAD",-118.72734049910522,35.7162821004994,630.0,100,750,Ahead,State,True,2.1471448360781897,1312
9371,6,155,,KER,,38.25,,"GLENVILLE, GRANITE ROAD",-118.72734049910522,35.7162821004994,620.0,100,740,Back,State,True,2.074034169616746,1313
9355,6,155,,KER,R,26.564,,JUNCTION OLD ROUTE 155 AT WOODY ROAD,-118.83460107598097,35.704443622751135,620.0,100,740,Ahead,State,True,2.074034169616746,1313
9839,6,245,,TUL,,11.999,,JCT. RTE. 201 WEST,-119.12239084192134,36.47171834512029,590.0,90,670,Ahead,State,True,1.9085731876250578,1315
9353,6,155,,KER,R,10.99,,JCT. RTE. 65,-119.05324522110374,35.76202099128208,480.0,80,550,Back,State,True,1.5083884869939972,1316
9361,6,155,,KER,R,6.55,,FAMOSO-PORTERVILLE HIGHWAY,-119.13271871435238,35.761606484768116,480.0,80,550,Ahead,State,True,1.5083884869939972,1316
9599,6,190,,TUL,,47.98,,CAMP NELSON ROAD,-118.6166454517942,36.13955849392253,380.0,100,460,Ahead,State,True,1.0966599969216562,1318
9359,6,155,,KER,R,53.22,,"ALTA SIERRA, VIA EVANS ROAD",-118.55501147960202,35.73690163613358,330.0,50,390,Back,State,True,0.9465907341850084,1319
9373,6,155,,KER,,40.48,,EAST LIMITS GLENVILLE,-118.69863214464522,35.725178095997,330.0,50,380,Ahead,State,True,0.9465907341850084,1319
9359,6,155,,KER,R,53.22,,"ALTA SIERRA, VIA EVANS ROAD",-118.55501147960202,35.73690163613358,320.0,50,360,Ahead,State,True,0.9311990149299676,1321
9601,6,190,,TUL,,56.567,,QUAKING ASPEN CAMP,-118.5447643109178,36.12336536293662,290.0,80,360,Back,State,True,0.7464983838694783,1322
9373,6,155,,KER,,40.48,,EAST LIMITS GLENVILLE,-118.69863214464522,35.725178095997,280.0,40,320,Back,State,True,0.7118670155456365,1323
9833,6,245,,FRE,,8.972,,JCT. RTE. 180,-119.0001719743803,36.71972479059474,220.0,40,370,Back,State,True,0.565645682622749,1324
9841,6,245,,TUL,,19.293,,OROSI ROAD/BOYD DRIVE,-119.13295765004828,36.566516066240936,220.0,50,250,Ahead,State,True,0.565645682622749,1324
9843,6,245,,TUL,,33.035,,TULARE/FRESNO COUNTY LINE,-119.01421942095823,36.65737577100963,210.0,40,230,Back,State,True,0.5271663844851471,1326
9831,6,245,,FRE,,0,,TULARE/FRESNO COUNTY LINE,-119.01421942095823,36.65737577100963,210.0,40,230,Ahead,State,True,0.5271663844851471,1326
9353,6,155,,KER,R,10.99,,JCT. RTE. 65,-119.05324522110374,35.76202099128208,180.0,30,200,Ahead,State,True,0.4348160689549022,1328
9355,6,155,,KER,R,26.564,,JUNCTION OLD ROUTE 155 AT WOODY ROAD,-118.83460107598097,35.704443622751135,150.0,30,170,Back,State,True,0.30013852547329534,1329
9841,6,245,,TUL,,19.293,,OROSI ROAD/BOYD DRIVE,-119.13295765004828,36.566516066240936,150.0,30,170,Back,State,True,0.30013852547329534,1329
10183,6,58,,KER,,1.35,,KERN/SAN LUIS OBISPO COUNTY LINE,-119.8201937032752,35.350922192486564,140.0,30,180,Back,State,True,0.22702785901185163,1331
10185,6,58,,KER,,15.42,,JCT. RTE. 33,-119.62232876297556,35.3090027957442,140.0,30,180,Back,State,True,0.22702785901185163,1331
10207,6,58,,KER,,9.44,,REWARD ROAD (ROAD 230),-119.71033369571632,35.31174255904638,140.0,30,180,Back,State,True,0.22702785901185163,1331
10181,6,58,,KER,,0,,SAN LUIS OBISPO/KERN COUNTY LINE,-119.83371764584152,35.35098700743814,140.0,30,180,Ahead,State,True,0.22702785901185163,1331
10187,6,58,,KER,,2.7,,SAN LUIS OBISPO/KERN COUNTY LINE,-119.80925529804786,35.345383018274056,140.0,30,180,Ahead,State,True,0.22702785901185163,1331
10207,6,58,,KER,,9.44,,REWARD ROAD (ROAD 230),-119.71033369571632,35.31174255904638,140.0,30,180,Ahead,State,True,0.22702785901185163,1331
10896,7,10,,LA,,14.25,,"LOS ANGELES, HOOVER STREET",-118.28400822055889,34.03704516407054,345000.0,20900,354000,Back,Interstate,True,99.96536863167616,1
10872,7,10,,LA,R,13.803,,"LOS ANGELES, VERMONT AVENUE",-118.29187970643936,34.03684327031427,345000.0,20900,354000,Ahead,Interstate,True,99.96536863167616,1
10872,7,10,,LA,R,13.803,,"LOS ANGELES, VERMONT AVENUE",-118.29187970643936,34.03684327031427,344000.0,20800,353000,Back,Interstate,True,99.9499769124211,3
10870,7,10,,LA,R,13.303,,"LOS ANGELES, NORMANDIE AVENUE",-118.30060890195647,34.03698105824711,344000.0,20800,353000,Ahead,Interstate,True,99.9499769124211,3
10898,7,10,,LA,,14.836,,"LOS ANGELES, JCT. RTE. 110",-118.27423689576885,34.03810914870321,340000.0,20600,349000,Back,Interstate,True,99.93458519316609,5
10896,7,10,,LA,,14.25,,"LOS ANGELES, HOOVER STREET",-118.28400822055889,34.03704516407054,340000.0,20600,349000,Ahead,Interstate,True,99.93458519316609,5
10870,7,10,,LA,R,13.303,,"LOS ANGELES, NORMANDIE AVENUE",-118.30060890195647,34.03698105824711,337000.0,20400,346000,Back,Interstate,True,99.91149761428352,7
10868,7,10,,LA,R,12.82,,"LOS ANGELES, WESTERN AVENUE",-118.30900828820353,34.03702334906882,337000.0,20400,346000,Ahead,Interstate,True,99.91149761428352,7
11885,7,405,,LA,,29.538,,"LOS ANGELES, JCT. RTE. 10",-118.43340030797766,34.031249269873996,329000.0,20400,340000,Back,Interstate,True,99.88071417577343,9
11883,7,405,,LA,,27.964,,"CULVER CITY, JCT. RTE. 187",-118.41837007483448,34.012270210965475,329000.0,20400,340000,Ahead,Interstate,True,99.88071417577343,9
11891,7,405,,LA,,30.856,,"LOS ANGELES, JCT. RTE. 2",-118.44645902653305,34.04688165668714,326000.0,20200,337000,Back,Interstate,True,99.86532245651838,11
11889,7,405,,LA,,30.183,,"LOS ANGELES, OLYMPIC BOULEVARD",-118.439661927529,34.03894810963361,326000.0,20200,337000,Ahead,Interstate,True,99.86532245651838,11
10868,7,10,,LA,R,12.82,,"LOS ANGELES, WESTERN AVENUE",-118.30900828820353,34.03702334906882,325000.0,19700,334000,Back,Interstate,True,99.83453901800831,13
11873,7,405,,LA,,22.216,,"INGLEWOOD, CENTURY BOULEVARD",-118.36820746395469,33.945167872210114,325000.0,20200,336000,Back,Interstate,True,99.83453901800831,13
11883,7,405,,LA,,27.964,,"CULVER CITY, JCT. RTE. 187",-118.41837007483448,34.012270210965475,325000.0,20200,336000,Back,Interstate,True,99.83453901800831,13
10866,7,10,,LA,R,12.319,,"LOS ANGELES, ARLINGTON AVENUE",-118.31769299465618,34.036636389236456,325000.0,19700,334000,Ahead,Interstate,True,99.83453901800831,13
11837,7,405,,LA,R,21.175,,"LOS ANGELES, JCT. RTE 105",-118.3682607187797,33.93006535712919,325000.0,20200,336000,Ahead,Interstate,True,99.83453901800831,13
11881,7,405,,LA,,27.2,,"CULVER CITY, CULVER BOULEVARD",-118.41108015198076,34.00304968894158,325000.0,20200,336000,Ahead,Interstate,True,99.83453901800831,13
11549,7,210,,LA,R,26.941,,"PASADENA, HILL AVENUE",-118.12166987018357,34.152136880133625,324000.0,22000,350000,Back,Interstate,True,99.79605971987071,19
12202,7,60,,LA,R,25.464,,"DIAMOND BAR, JCT. RTE. 57 NORTH",-117.81324499727646,34.02192922058289,324000.0,19800,338000,Back,State,True,99.79605971987071,19
11547,7,210,,LA,R,26.326,,"PASADENA, LAKE AVENUE",-118.13238980423553,34.15164777163237,324000.0,22000,350000,Ahead,Interstate,True,99.79605971987071,19
12200,7,60,,LA,R,24.451,,"DIAMOND BAR, GRAND AVENUE",-117.82331008284247,34.01000343162148,324000.0,19800,338000,Ahead,State,True,99.79605971987071,19
11875,7,405,,LA,,23.355,,"INGLEWOOD, MANCHESTER BOULEVARD",-118.36928559860249,33.96163163101349,322000.0,20000,333000,Back,Interstate,True,99.76527628136063,23
12200,7,60,,LA,R,24.451,,"DIAMOND BAR, GRAND AVENUE",-117.82331008284247,34.01000343162148,322000.0,19600,336000,Back,State,True,99.76527628136063,23
11873,7,405,,LA,,22.216,,"INGLEWOOD, CENTURY BOULEVARD",-118.36820746395469,33.945167872210114,322000.0,20000,333000,Ahead,Interstate,True,99.76527628136063,23
12198,7,60,,LA,R,23.56,,"DIAMOND BAR, JCT. RTE. 57 SOUTH",-117.83514899075166,34.001799712408314,322000.0,19600,336000,Ahead,State,True,99.76527628136063,23
11002,7,110,,LA,,15.976,,"LOS ANGELES, MANCHESTER AVENUE",-118.28071947842226,33.95999851887794,317000.0,19000,339000,Back,Interstate,True,99.71140526396799,27
11000,7,110,,LA,,14.967,,"LOS ANGELES, CENTURY BOULEVARD",-118.27958615038509,33.94541090965074,317000.0,19000,339000,Ahead,Interstate,True,99.71140526396799,27
11881,7,405,,LA,,27.2,,"CULVER CITY, CULVER BOULEVARD",-118.41108015198076,34.00304968894158,315000.0,19500,326000,Back,Interstate,True,99.67292596583039,29
11879,7,405,,LA,,25.947,,"CULVER CITY, JCT. RTE. 90",-118.39898022149777,33.98774076906682,315000.0,19500,326000,Ahead,Interstate,True,99.67292596583039,29
10866,7,10,,LA,R,12.319,,"LOS ANGELES, ARLINGTON AVENUE",-118.31769299465618,34.036636389236456,312000.0,18900,320000,Back,Interstate,True,99.65753424657534,31
10864,7,10,,LA,R,11.391,,"LOS ANGELES, CRENSHAW BOULEVARD",-118.33378388033343,34.03495566640046,312000.0,18900,320000,Ahead,Interstate,True,99.65753424657534,31
11006,7,110,,LA,,17.514,,"LOS ANGELES, GAGE AVENUE",-118.28055254269638,33.98225924225832,311000.0,18700,333000,Back,Interstate,True,99.63444666769277,33
11004,7,110,,LA,,16.981,,"LOS ANGELES, FLORENCE AVENUE",-118.28072405623695,33.97451644441511,311000.0,18700,333000,Ahead,Interstate,True,99.63444666769277,33
11008,7,110,,LA,,17.98,,"LOS ANGELES, SLAUSON AVENUE",-118.28040220693862,33.988972711482624,310000.0,18600,331000,Back,Interstate,True,99.61905494843774,35
11006,7,110,,LA,,17.514,,"LOS ANGELES, GAGE AVENUE",-118.28055254269638,33.98225924225832,310000.0,18600,331000,Ahead,Interstate,True,99.61905494843774,35
11014,7,110,,LA,,19.502,,"LOS ANGELES, MARTIN LUTHER KING JR. BOULEVARD",-118.28091545847789,34.011096324928985,309000.0,18500,330000,Back,Interstate,True,99.58827150992767,37
11553,7,210,,LA,R,28.249,,"PASADENA, ALTADENA DRIVE",-118.09886469400183,34.1523960262336,309000.0,21000,333000,Back,Interstate,True,99.58827150992767,37
11871,7,405,,LA,,20.216,,"HAWTHORNE, EL SEGUNDO BOULEVARD",-118.37010581615245,33.91627593856172,309000.0,19200,320000,Back,Interstate,True,99.58827150992767,37
11012,7,110,,LA,,18.998,,"LOS ANGELES, VERNON AVENUE",-118.28103157650816,34.00355229323719,309000.0,18500,330000,Ahead,Interstate,True,99.58827150992767,37
11551,7,210,,LA,R,27.409,,"PASADENA, ALLEN AVENUE",-118.11350457322143,34.15226676774098,309000.0,21000,333000,Ahead,Interstate,True,99.58827150992767,37
11867,7,405,,LA,,19.205,,"HAWTHORNE, ROSECRANS AVENUE",-118.3702998396774,33.90158857071723,309000.0,19200,320000,Ahead,Interstate,True,99.58827150992767,37
11012,7,110,,LA,,18.998,,"LOS ANGELES, VERNON AVENUE",-118.28103157650816,34.00355229323719,308000.0,18500,329000,Back,Interstate,True,99.54209635216253,43
11879,7,405,,LA,,25.947,,"CULVER CITY, JCT. RTE. 90",-118.39898022149777,33.98774076906682,308000.0,19100,318000,Back,Interstate,True,99.54209635216253,43
11893,7,405,,LA,,31.542,,"LOS ANGELES, WILSHIRE BOULEVARD",-118.45190638256815,34.05564454874195,308000.0,19100,318000,Back,Interstate,True,99.54209635216253,43
11010,7,110,,LA,,18.495,,"LOS ANGELES, 51ST STREET",-118.28051961494963,33.99632725816652,308000.0,18500,329000,Ahead,Interstate,True,99.54209635216253,43
11877,7,405,,LA,,24.273,,"LOS ANGELES, LA TIJERA BOULEVARD/HOWARD HUGHES PARKWAY",-118.37790146625663,33.97189888642808,308000.0,19100,318000,Ahead,Interstate,True,99.54209635216253,43
11891,7,405,,LA,,30.856,,"LOS ANGELES, JCT. RTE. 2",-118.44645902653305,34.04688165668714,308000.0,19100,318000,Ahead,Interstate,True,99.54209635216253,43
11004,7,110,,LA,,16.981,,"LOS ANGELES, FLORENCE AVENUE",-118.28072405623695,33.97451644441511,307000.0,18400,328000,Back,Interstate,True,99.51131291365245,49
11002,7,110,,LA,,15.976,,"LOS ANGELES, MANCHESTER AVENUE",-118.28071947842226,33.95999851887794,307000.0,18400,328000,Ahead,Interstate,True,99.51131291365245,49
11551,7,210,,LA,R,27.409,,"PASADENA, ALLEN AVENUE",-118.11350457322143,34.15226676774098,304000.0,20600,328000,Back,Interstate,True,99.49592119439743,51
11549,7,210,,LA,R,26.941,,"PASADENA, HILL AVENUE",-118.12166987018357,34.152136880133625,304000.0,20600,328000,Ahead,Interstate,True,99.49592119439743,51
10908,7,10,,LA,,18.394,,"LOS ANGELES, JCT. RTE. 101",-118.22097102868894,34.03367345331237,302000.0,18300,310000,Back,Interstate,True,99.47283361551486,53
11889,7,405,,LA,,30.183,,"LOS ANGELES, OLYMPIC BOULEVARD",-118.439661927529,34.03894810963361,302000.0,18700,312000,Back,Interstate,True,99.47283361551486,53
10906,7,10,,LA,,17.71,,"LOS ANGELES, SANTA FE AVENUE",-118.22993604095129,34.028289277868936,302000.0,18300,310000,Ahead,Interstate,True,99.47283361551486,53
11885,7,405,,LA,,29.538,,"LOS ANGELES, JCT. RTE. 10",-118.43340030797766,34.031249269873996,302000.0,18700,312000,Ahead,Interstate,True,99.47283361551486,53
11010,7,110,,LA,,18.495,,"LOS ANGELES, 51ST STREET",-118.28051961494963,33.99632725816652,299000.0,17900,319000,Back,Interstate,True,99.43820224719101,57
11008,7,110,,LA,,17.98,,"LOS ANGELES, SLAUSON AVENUE",-118.28040220693862,33.988972711482624,299000.0,17900,319000,Ahead,Interstate,True,99.43820224719101,57
12198,7,60,,LA,R,23.56,,"DIAMOND BAR, JCT. RTE. 57 SOUTH",-117.83514899075166,34.001799712408314,298000.0,18200,311000,Back,State,True,99.41126673849469,59
12196,7,60,,LA,R,22.97,,"DIAMOND BAR, BREA CANYON ROAD",-117.84510797270623,34.00045573221124,298000.0,18200,311000,Ahead,State,True,99.41126673849469,59
10652,7,101,,LA,,18.607,,"LOS ANGELES, HAVENHURST AVENUE",-118.49220244723783,34.16549305739931,296000.0,21000,324000,Back,US,True,99.3920270894259,61
11547,7,210,,LA,R,26.326,,"PASADENA, LAKE AVENUE",-118.13238980423553,34.15164777163237,296000.0,20200,320000,Back,Interstate,True,99.3920270894259,61
11545,7,210,,LA,R,24.962,,"PASADENA, JCT. RTES. 134/710",-118.15565901146546,34.14961269014031,296000.0,20200,320000,Ahead,Interstate,True,99.3920270894259,61
11000,7,110,,LA,,14.967,,"LOS ANGELES, CENTURY BOULEVARD",-118.27958615038509,33.94541090965074,295000.0,17700,315000,Back,Interstate,True,99.342004001847,64
11929,7,405,,LA,,6.076,,"LONG BEACH, ATLANTIC AVENUE",-118.18499035655816,33.81543862414162,295000.0,18300,305000,Back,Interstate,True,99.342004001847,64
10998,7,110,,LA,,13.82,,"LOS ANGELES, JCT. RTE. 105",-118.28053250397733,33.92871767965915,295000.0,17700,315000,Ahead,Interstate,True,99.342004001847,64
11927,7,405,,LA,,5.388,,"SIGNAL HILL, ORANGE AVENUE",-118.17632340710371,33.81441365739869,295000.0,18300,305000,Ahead,Interstate,True,99.342004001847,64
11024,7,110,,LA,,22.36,,"LOS ANGELES, 8TH/9TH STREETS",-118.26537725678766,34.04857755192857,293000.0,17600,313000,Back,State,True,99.3035247037094,68
11028,7,110,,LA,,23.04,,"LOS ANGELES, 3RD/4TH STREETS",-118.25698872218923,34.05494148885439,293000.0,17600,313000,Back,State,True,99.3035247037094,68
11022,7,110,,LA,,22.123,,"LOS ANGELES, OLYMPIC BOULEVARD",-118.26870309395562,34.046549616743164,293000.0,17600,313000,Ahead,State,True,99.3035247037094,68
11026,7,110,,LA,,22.834,,"LOS ANGELES, 5TH/6TH STREETS",-118.25882050203792,34.052822569621235,293000.0,17600,313000,Ahead,State,True,99.3035247037094,68
11555,7,210,,LA,R,28.68,,"PASADENA, SAN GABRIEL BOULEVARD",-118.09146482184892,34.15165029400537,288000.0,19600,311000,Back,Interstate,True,99.21117438817916,72
12108,7,5,,LA,,37.957,,"LOS ANGELES, TERRA BELLA STREET",-118.42853048422856,34.250608555265806,288000.0,18700,302000,Back,Interstate,True,99.21117438817916,72
11553,7,210,,LA,R,28.249,,"PASADENA, ALTADENA DRIVE",-118.09886469400183,34.1523960262336,288000.0,19600,311000,Ahead,Interstate,True,99.21117438817916,72
12106,7,5,,LA,,37.409,,"LOS ANGELES, OSBORNE STREET",-118.42219865774449,34.24462496172407,288000.0,18700,302000,Ahead,Interstate,True,99.21117438817916,72
10864,7,10,,LA,R,11.391,,"LOS ANGELES, CRENSHAW BOULEVARD",-118.33378388033343,34.03495566640046,286000.0,17300,294000,Back,Interstate,True,99.18039094966907,76
10906,7,10,,LA,,17.71,,"LOS ANGELES, SANTA FE AVENUE",-118.22993604095129,34.028289277868936,286000.0,17300,294000,Back,Interstate,True,99.18039094966907,76
10862,7,10,,LA,R,10.43,,"LOS ANGELES, LA BREA AVENUE",-118.35052250612772,34.034190805263314,286000.0,17300,294000,Ahead,Interstate,True,99.18039094966907,76
10904,7,10,,LA,,17.35,,"LOS ANGELES, ALAMEDA STREET",-118.23562001323226,34.02607509846326,286000.0,17300,294000,Ahead,Interstate,True,99.18039094966907,76
10654,7,101,,LA,,19.217,,"LOS ANGELES, BALBOA BOULEVARD",-118.50093702276519,34.17050524327193,285000.0,20200,311000,Back,US,True,99.13421579190396,80
10816,7,105,,LA,R,6.766,,"LOS ANGELES, VERMONT AVENUE",-118.2915994024263,33.928494378750045,285000.0,17700,295000,Back,Interstate,True,99.13421579190396,80
11855,7,405,,LA,,13.826,,"LOS ANGELES, NORMANDIE AVENUE",-118.29883991344784,33.85991781599909,285000.0,17700,295000,Back,Interstate,True,99.13421579190396,80
12120,7,5,,LA,,42.645,,"LOS ANGELES, ROXFORD STREET",-118.47945538300058,34.30319334396004,285000.0,18500,299000,Back,Interstate,True,99.13421579190396,80
10652,7,101,,LA,,18.607,,"LOS ANGELES, HAVENHURST AVENUE",-118.49220244723783,34.16549305739931,285000.0,20200,311000,Ahead,US,True,99.13421579190396,80
10814,7,105,,LA,R,4.705,,"INGLEWOOD, CRENSHAW BOULEVARD",-118.32680150200541,33.92499807385996,285000.0,17700,295000,Ahead,Interstate,True,99.13421579190396,80
11853,7,405,,LA,,13.28,,"LOS ANGELES, VERMONT AVENUE",-118.28941895587312,33.85918540396325,285000.0,17700,295000,Ahead,Interstate,True,99.13421579190396,80
12118,7,5,,LA,,41.597,,"LOS ANGELES, JCT. RTE. 405",-118.46800762941388,34.291604303233406,285000.0,18500,299000,Ahead,Interstate,True,99.13421579190396,80
10660,7,101,,LA,,20.225,,"LOS ANGELES, WHITE OAK AVENUE",-118.51838271521456,34.17128279695538,284000.0,20100,310000,Back,US,True,99.04571340618747,88
11895,7,405,,LA,,32.502,,"LOS ANGELES, WATERFORD STREET/MONTANA AVENUE",-118.4614970651377,34.067073371003026,284000.0,17600,294000,Back,Interstate,True,99.04571340618747,88
11901,7,405,,LA,,34.764,,"LOS ANGELES, GETTY CENTER DRIVE",-118.47675933671198,34.09631300378349,284000.0,17600,294000,Back,Interstate,True,99.04571340618747,88
11907,7,405,,LA,,4.879,,"LONG BEACH, CHERRY AVENUE",-118.16763422344766,33.81360539163728,284000.0,17600,294000,Back,Interstate,True,99.04571340618747,88
12164,7,605,,LA,R,6.814,,"NORWALK, ROSECRANS AVENUE",-118.10506634651644,33.90185823772995,284000.0,18200,294000,Back,Interstate,True,99.04571340618747,88
12166,7,605,,LA,R,7.653,,"NORWALK, JCT. RTE. 105",-118.10468313599598,33.91402320469207,284000.0,18200,294000,Back,Interstate,True,99.04571340618747,88
12170,7,605,,LA,R,8.396,,"NORWALK, JCT. RTE. 105",-118.10394054097145,33.924675816294716,284000.0,18200,294000,Back,Interstate,True,99.04571340618747,88
12384,7,91,,LA,R,18.087,,"ARTESIA, PIONEER BOULEVARD",-118.08255139624008,33.87634842516327,284000.0,19300,305000,Back,State,True,99.04571340618747,88
10654,7,101,,LA,,19.217,,"LOS ANGELES, BALBOA BOULEVARD",-118.50093702276519,34.17050524327193,284000.0,20100,310000,Ahead,US,True,99.04571340618747,88
11887,7,405,,LA,,3.324,,"LONG BEACH, LAKEWOOD BOULEVARD",-118.14264778863574,33.80584936961167,284000.0,17600,294000,Ahead,Interstate,True,99.04571340618747,88
11893,7,405,,LA,,31.542,,"LOS ANGELES, WILSHIRE BOULEVARD",-118.45190638256815,34.05564454874195,284000.0,17600,294000,Ahead,Interstate,True,99.04571340618747,88
11899,7,405,,LA,,33.29,,"LOS ANGELES, MORAGA DRIVE",-118.46930061053492,34.07646071805236,284000.0,17600,294000,Ahead,Interstate,True,99.04571340618747,88
12162,7,605,,LA,R,5.811,,"NORWALK, ALONDRA BOULEVARD",-118.10426000793763,33.88730897568485,284000.0,18200,294000,Ahead,Interstate,True,99.04571340618747,88
12164,7,605,,LA,R,6.814,,"NORWALK, ROSECRANS AVENUE",-118.10506634651644,33.90185823772995,284000.0,18200,294000,Ahead,Interstate,True,99.04571340618747,88
12382,7,91,,LA,R,16.941,,"CERRITOS, JCT. RTE. 605",-118.10248330020576,33.876348721999456,284000.0,19300,305000,Ahead,State,True,99.04571340618747,88
11877,7,405,,LA,,24.273,,"LOS ANGELES, LA TIJERA BOULEVARD/HOWARD HUGHES PARKWAY",-118.37790146625663,33.97189888642808,282000.0,17500,292000,Back,Interstate,True,98.9649068800985,103
11905,7,405,,LA,,39.432,,"LOS ANGELES, JCT. RTE. 101",-118.46939389339066,34.159982706746376,282000.0,17500,292000,Back,Interstate,True,98.9649068800985,103
12162,7,605,,LA,R,5.811,,"NORWALK, ALONDRA BOULEVARD",-118.10426000793763,33.88730897568485,282000.0,18000,292000,Back,Interstate,True,98.9649068800985,103
11875,7,405,,LA,,23.355,,"INGLEWOOD, MANCHESTER BOULEVARD",-118.36928559860249,33.96163163101349,282000.0,17500,292000,Ahead,Interstate,True,98.9649068800985,103
11903,7,405,,LA,,37.026,,"LOS ANGELES, MULHOLLAND DRIVE",-118.47536458545241,34.126350794259984,282000.0,17500,292000,Ahead,Interstate,True,98.9649068800985,103
12160,7,605,,LA,R,5.046,,"CERRITOS, JCT. RTE. 91",-118.10235584813158,33.87637565279081,282000.0,18000,292000,Ahead,Interstate,True,98.9649068800985,103
11867,7,405,,LA,,19.205,,"HAWTHORNE, ROSECRANS AVENUE",-118.3702998396774,33.90158857071723,281000.0,17400,291000,Back,Interstate,True,98.92642758196091,109
11903,7,405,,LA,,37.026,,"LOS ANGELES, MULHOLLAND DRIVE",-118.47536458545241,34.126350794259984,281000.0,17400,291000,Back,Interstate,True,98.92642758196091,109
11865,7,405,,LA,,18.233,,"LAWNDALE, INGLEWOOD AVENUE",-118.36103976498019,33.890867905745495,281000.0,17400,291000,Ahead,Interstate,True,98.92642758196091,109
11901,7,405,,LA,,34.764,,"LOS ANGELES, GETTY CENTER DRIVE",-118.47675933671198,34.09631300378349,281000.0,17400,291000,Ahead,Interstate,True,98.92642758196091,109
11022,7,110,,LA,,22.123,,"LOS ANGELES, OLYMPIC BOULEVARD",-118.26870309395562,34.046549616743164,280000.0,16800,299000,Back,State,True,98.85716484531322,113
11899,7,405,,LA,,33.29,,"LOS ANGELES, MORAGA DRIVE",-118.46930061053492,34.07646071805236,280000.0,17400,290000,Back,Interstate,True,98.85716484531322,113
11933,7,405,,LA,,8.784,,"CARSON, ALAMEDA STREET",-118.22792627340381,33.825621140503316,280000.0,17400,290000,Back,Interstate,True,98.85716484531322,113
12110,7,5,,LA,,38.502,,"LOS ANGELES, VAN NUYS BOULEVARD",-118.43479519757777,34.25656409418599,280000.0,18200,293000,Back,Interstate,True,98.85716484531322,113
12168,7,605,,LA,R,7.849,,"NORWALK, IMPERIAL HIGHWAY",-118.10457822444891,33.91685328476635,280000.0,17900,290000,Back,Interstate,True,98.85716484531322,113
12172,7,605,,LA,R,9.612,,"SANTA FE SPRINGS, JCT. RTE. 5",-118.09654960436065,33.94107852925714,280000.0,17900,290000,Back,Interstate,True,98.85716484531322,113
11020,7,110,,LA,,21.444,,"LOS ANGELES, JCT. RTE. 10",-118.27389671365223,34.03819291929125,280000.0,16800,299000,Ahead,Interstate,True,98.85716484531322,113
11897,7,405,,LA,,32.996,,"LOS ANGELES, SUNSET BOULEVARD",-118.46651981358916,34.07287588424665,280000.0,17400,290000,Ahead,Interstate,True,98.85716484531322,113
11931,7,405,,LA,,7.596,,"LONG BEACH, JCT. RTE. 710",-118.20748755792113,33.826550883013795,280000.0,17400,290000,Ahead,Interstate,True,98.85716484531322,113
12108,7,5,,LA,,37.957,,"LOS ANGELES, TERRA BELLA STREET",-118.42853048422856,34.250608555265806,280000.0,18200,293000,Ahead,Interstate,True,98.85716484531322,113
12166,7,605,,LA,R,7.653,,"NORWALK, JCT. RTE. 105",-118.10468313599598,33.91402320469207,280000.0,17900,290000,Ahead,Interstate,True,98.85716484531322,113
12168,7,605,,LA,R,7.849,,"NORWALK, IMPERIAL HIGHWAY",-118.10457822444891,33.91685328476635,280000.0,17900,290000,Ahead,Interstate,True,98.85716484531322,113
12170,7,605,,LA,R,8.396,,"NORWALK, JCT. RTE. 105",-118.10394054097145,33.924675816294716,280000.0,17900,290000,Ahead,Interstate,True,98.85716484531322,113
11016,7,110,,LA,,19.996,,"LOS ANGELES, EXPOSITION BOULEVARD",-118.27980875201416,34.01814974211872,279000.0,16700,298000,Back,Interstate,True,98.77635831922426,126
11026,7,110,,LA,,22.834,,"LOS ANGELES, 5TH/6TH STREETS",-118.25882050203792,34.052822569621235,279000.0,16700,298000,Back,State,True,98.77635831922426,126
11030,7,110,,LA,,23.727,,"LOS ANGELES, JCT. RTE. 101L",-118.24871798996222,34.06262072670072,279000.0,16700,298000,Back,State,True,98.77635831922426,126
10648,7,101,,LA,,15.908,,"LOS ANGELES, VAN NUYS BOULEVARD",-118.44839491124168,34.156981706308336,279000.0,19800,306000,Ahead,US,True,98.77635831922426,126
11014,7,110,,LA,,19.502,,"LOS ANGELES, MARTIN LUTHER KING JR. BOULEVARD",-118.28091545847789,34.011096324928985,279000.0,16700,298000,Ahead,Interstate,True,98.77635831922426,126
11024,7,110,,LA,,22.36,,"LOS ANGELES, 8TH/9TH STREETS",-118.26537725678766,34.04857755192857,279000.0,16700,298000,Ahead,State,True,98.77635831922426,126
11028,7,110,,LA,,23.04,,"LOS ANGELES, 3RD/4TH STREETS",-118.25698872218923,34.05494148885439,279000.0,16700,298000,Ahead,State,True,98.77635831922426,126
10904,7,10,,LA,,17.35,,"LOS ANGELES, ALAMEDA STREET",-118.23562001323226,34.02607509846326,278000.0,16800,286000,Back,Interstate,True,98.74172695090041,133
10902,7,10,,LA,,16.38,,"LOS ANGELES, SAN PEDRO STREET/CENTRAL AVENUE",-118.2509879221924,34.026738456609706,278000.0,16800,286000,Ahead,Interstate,True,98.74172695090041,133
11887,7,405,,LA,,3.324,,"LONG BEACH, LAKEWOOD BOULEVARD",-118.14264778863574,33.80584936961167,277000.0,17200,286000,Back,Interstate,True,98.7147914422041,135
11897,7,405,,LA,,32.996,,"LOS ANGELES, SUNSET BOULEVARD",-118.46651981358916,34.07287588424665,277000.0,17200,286000,Back,Interstate,True,98.7147914422041,135
11869,7,405,,LA,,2.184,,"LONG BEACH, BELLFLOWER BOULEVARD",-118.12363164793194,33.80281982731496,277000.0,17200,286000,Ahead,Interstate,True,98.7147914422041,135
11895,7,405,,LA,,32.502,,"LOS ANGELES, WATERFORD STREET/MONTANA AVENUE",-118.4614970651377,34.067073371003026,277000.0,17200,286000,Ahead,Interstate,True,98.7147914422041,135
11929,7,405,,LA,,6.076,,"LONG BEACH, ATLANTIC AVENUE",-118.18499035655816,33.81543862414162,277000.0,17200,286000,Ahead,Interstate,True,98.7147914422041,135
11557,7,210,,LA,R,29.293,,"PASADENA, SIERRA MADRE VILLA",-118.08223354264815,34.14754108268559,275000.0,18700,297000,Back,Interstate,True,98.67246421425273,140
12386,7,91,,LA,R,18.645,,"CERRITOS, NORWALK BOULEVARD",-118.07282877001994,33.87641253727354,275000.0,18700,295000,Back,State,True,98.67246421425273,140
11555,7,210,,LA,R,28.68,,"PASADENA, SAN GABRIEL BOULEVARD",-118.09146482184892,34.15165029400537,275000.0,18700,297000,Ahead,Interstate,True,98.67246421425273,140
12384,7,91,,LA,R,18.087,,"ARTESIA, PIONEER BOULEVARD",-118.08255139624008,33.87634842516327,275000.0,18700,295000,Ahead,State,True,98.67246421425273,140
11931,7,405,,LA,,7.596,,"LONG BEACH, JCT. RTE. 710",-118.20748755792113,33.826550883013795,274000.0,17000,283000,Back,Interstate,True,98.63013698630137,144
12106,7,5,,LA,,37.409,,"LOS ANGELES, OSBORNE STREET",-118.42219865774449,34.24462496172407,274000.0,17800,287000,Back,Interstate,True,98.63013698630137,144
12104,7,5,,LA,,36.358,,"LOS ANGELES, JCT. RTE. 170",-118.40973076743964,34.233358309734584,274000.0,17800,287000,Ahead,Interstate,True,98.63013698630137,144
10662,7,101,,LA,,21.252,,"LOS ANGELES, RESEDA BOULEVARD",-118.53578781459287,34.173312182676966,273000.0,19400,299000,Back,US,True,98.60320147760505,147
10660,7,101,,LA,,20.225,,"LOS ANGELES, WHITE OAK AVENUE",-118.51838271521456,34.17128279695538,273000.0,19400,299000,Ahead,US,True,98.60320147760505,147
75,7,110,,LA,,9.854,,RTE 110/91 SEP BR,-118.2848205131714,33.872547164865196,272000.0,16300,291000,Back,Interstate,True,98.51854702170233,149
10862,7,10,,LA,R,10.43,,"LOS ANGELES, LA BREA AVENUE",-118.35052250612772,34.034190805263314,272000.0,16500,279000,Back,Interstate,True,98.51854702170233,149
11076,7,110,,LA,,9.87,,"LOS ANGELES, JCT. RTE. 91",-118.28482082578512,33.872783358188464,272000.0,16300,291000,Back,Interstate,True,98.51854702170233,149
11853,7,405,,LA,,13.28,,"LOS ANGELES, VERMONT AVENUE",-118.28941895587312,33.85918540396325,272000.0,16900,281000,Back,Interstate,True,98.51854702170233,149
12372,7,91,,LA,R,13.594,,"LONG BEACH, PARAMOUNT BOULEVARD",-118.16031288022023,33.87601190329101,272000.0,18500,293000,Back,State,True,98.51854702170233,149
12388,7,91,,LA,R,19.172,,"CERRITOS, BLOOMFIELD AVENUE",-118.06387484117154,33.87529115908622,272000.0,18500,293000,Back,State,True,98.51854702170233,149
75,7,110,,LA,,9.854,,RTE 110/91 SEP BR,-118.2848205131714,33.872547164865196,272000.0,16300,291000,Ahead,Interstate,True,98.51854702170233,149
10890,7,10,,LA,R,8.965,,"LOS ANGELES, JCT. RTE. 187",-118.3758162833444,34.03651710173688,272000.0,16500,279000,Ahead,Interstate,True,98.51854702170233,149
11074,7,110,,LA,,8.775,,"CARSON, JCT. RTE. 405",-118.28458724584493,33.856833127760765,272000.0,16300,291000,Ahead,Interstate,True,98.51854702170233,149
11851,7,405,,LA,,12.97,,"CARSON, JCT. RTE. 110",-118.28470173163633,33.8570323702645,272000.0,16900,281000,Ahead,Interstate,True,98.51854702170233,149
12370,7,91,,LA,R,13.094,,"LONG BEACH, CHERRY AVENUE",-118.16901718342082,33.87610408913022,272000.0,18500,293000,Ahead,State,True,98.51854702170233,149
12386,7,91,,LA,R,18.645,,"CERRITOS, NORWALK BOULEVARD",-118.07282877001994,33.87641253727354,272000.0,18500,293000,Ahead,State,True,98.51854702170233,149
11020,7,110,,LA,,21.444,,"LOS ANGELES, JCT. RTE. 10",-118.27389671365223,34.03819291929125,271000.0,16300,290000,Back,Interstate,True,98.44928428505465,161
12112,7,5,,LA,,39.361,,"LOS ANGELES, JCT. RTE. 118",-118.44335632010186,34.26671545978024,271000.0,17600,284000,Back,Interstate,True,98.44928428505465,161
11016,7,110,,LA,,19.996,,"LOS ANGELES, EXPOSITION BOULEVARD",-118.27980875201416,34.01814974211872,271000.0,16300,290000,Ahead,Interstate,True,98.44928428505465,161
12110,7,5,,LA,,38.502,,"LOS ANGELES, VAN NUYS BOULEVARD",-118.43479519757777,34.25656409418599,271000.0,17600,284000,Ahead,Interstate,True,98.44928428505465,161
11843,7,405,,LA,,1.112,,"LONG BEACH, PALO VERDE AVENUE",-118.10747712110845,33.796704836243364,270000.0,16700,279000,Back,Interstate,True,98.40695705710328,165
11851,7,405,,LA,,12.97,,"CARSON, JCT. RTE. 110",-118.28470173163633,33.8570323702645,270000.0,16700,279000,Back,Interstate,True,98.40695705710328,165
11841,7,405,,LA,,0.448,,"LONG BEACH, STUDEBAKER ROAD",-118.09896322571379,33.790367512285094,270000.0,16700,279000,Ahead,Interstate,True,98.40695705710328,165
11849,7,405,,LA,,11.224,,"CARSON, AVALON BOULEVARD",-118.26318432814362,33.83931044135836,270000.0,16700,279000,Ahead,Interstate,True,98.40695705710328,165
12370,7,91,,LA,R,13.094,,"LONG BEACH, CHERRY AVENUE",-118.16901718342082,33.87610408913022,269000.0,18300,289000,Back,State,True,98.3261505310143,169
12374,7,91,,LA,R,14.103,,"LONG BEACH, DOWNEY AVENUE",-118.15155218527767,33.8769759434358,269000.0,18300,289000,Back,State,True,98.3261505310143,169
12380,7,91,,LA,R,15.614,,"BELLFLOWER, BELLFLOWER BOULEVARD",-118.12541820748753,33.876132712267506,269000.0,18300,289000,Back,State,True,98.3261505310143,169
12368,7,91,,LA,R,11.681,,"LONG BEACH, JCT. RTE. 710",-118.19320733270025,33.87533244367935,269000.0,18300,289000,Ahead,State,True,98.3261505310143,169
12372,7,91,,LA,R,13.594,,"LONG BEACH, PARAMOUNT BOULEVARD",-118.16031288022023,33.87601190329101,269000.0,18300,289000,Ahead,State,True,98.3261505310143,169
12378,7,91,,LA,R,15.105,,"BELLFLOWER, CLARK AVENUE",-118.13416489320325,33.877039733629054,269000.0,18300,289000,Ahead,State,True,98.3261505310143,169
10658,7,101,,LA,,2.857,,"LOS ANGELES, JCT. RTE. 2 NORTHEAST",-118.2668670201599,34.07209565340227,268000.0,19000,293000,Back,US,True,98.24919193473912,175
10998,7,110,,LA,,13.82,,"LOS ANGELES, JCT. RTE. 105",-118.28053250397733,33.92871767965915,268000.0,16100,286000,Back,Interstate,True,98.24919193473912,175
11865,7,405,,LA,,18.233,,"LAWNDALE, INGLEWOOD AVENUE",-118.36103976498019,33.890867905745495,268000.0,16600,277000,Back,Interstate,True,98.24919193473912,175
11996,7,5,,LA,R,45.584,,JCT. RTE. 14,-118.50838835490916,34.33399985725544,268000.0,17400,281000,Back,Interstate,True,98.24919193473912,175
10656,7,101,,LA,,2.483,,"LOS ANGELES, GLENDALE BOULEVARD",-118.2608840121956,34.069670786193754,268000.0,19000,293000,Ahead,US,True,98.24919193473912,175
10996,7,110,,LA,,12.898,,"LOS ANGELES, EL SEGUNDO BOULEVARD",-118.285732275337,33.91642445625661,268000.0,16100,286000,Ahead,Interstate,True,98.24919193473912,175
11863,7,405,,LA,,17.589,,"LAWNDALE, HAWTHORNE BOULEVARD",-118.35253771297425,33.88477093374844,268000.0,16600,277000,Ahead,Interstate,True,98.24919193473912,175
11992,7,5,,LA,R,44.014,,"LOS ANGELES, JCT. RTE. 210",-118.49060460306218,34.316625382946576,268000.0,17400,281000,Ahead,Interstate,True,98.24919193473912,175
10648,7,101,,LA,,15.908,,"LOS ANGELES, VAN NUYS BOULEVARD",-118.44839491124168,34.156981706308336,267000.0,18900,292000,Back,US,True,98.20301677697398,183
12376,7,91,,LA,R,14.618,,"BELLFLOWER, JCT. RTE. 19",-118.14262999750156,33.877032810242596,267000.0,18200,287000,Back,State,True,98.20301677697398,183
10646,7,101,,LA,,14.885,,"LOS ANGELES, WOODMAN AVENUE",-118.43105373328403,34.15572310557665,267000.0,18900,292000,Ahead,US,True,98.20301677697398,183
12374,7,91,,LA,R,14.103,,"LONG BEACH, DOWNEY AVENUE",-118.15155218527767,33.8769759434358,267000.0,18200,287000,Ahead,State,True,98.20301677697398,183
12382,7,91,,LA,R,16.941,,"CERRITOS, JCT. RTE. 605",-118.10248330020576,33.876348721999456,266000.0,18100,286000,Back,State,True,98.17223333846391,187
12380,7,91,,LA,R,15.614,,"BELLFLOWER, BELLFLOWER BOULEVARD",-118.12541820748753,33.876132712267506,266000.0,18100,286000,Ahead,State,True,98.17223333846391,187
10664,7,101,,LA,,22.254,,"LOS ANGELES, TAMPA AVENUE",-118.55328535151222,34.17365221959657,265000.0,18800,289000,Back,US,True,98.10297060181622,189
10982,7,10,,LA,,47.737,,"POMONA, INDIAN HILL BOULEVARD",-117.71941316669974,34.08165691020493,265000.0,16000,272000,Back,Interstate,True,98.10297060181622,189
10984,7,10,,LA,,48.265,,LOS ANGELES/SAN BERNARDINO COUNTY LINE,-117.71034786921402,34.081821279043794,265000.0,16000,272000,Back,Interstate,True,98.10297060181622,189
11869,7,405,,LA,,2.184,,"LONG BEACH, BELLFLOWER BOULEVARD",-118.12363164793194,33.80281982731496,265000.0,16400,274000,Back,Interstate,True,98.10297060181622,189
11927,7,405,,LA,,5.388,,"SIGNAL HILL, ORANGE AVENUE",-118.17632340710371,33.81441365739869,265000.0,16400,274000,Back,Interstate,True,98.10297060181622,189
11992,7,5,,LA,R,44.014,,"LOS ANGELES, JCT. RTE. 210",-118.49060460306218,34.316625382946576,265000.0,17200,278000,Back,Interstate,True,98.10297060181622,189
12068,7,5,,LA,,21.83,,"LOS ANGELES, STADIUM WAY",-118.24248284825381,34.09422497455839,265000.0,17200,278000,Back,Interstate,True,98.10297060181622,189
10662,7,101,,LA,,21.252,,"LOS ANGELES, RESEDA BOULEVARD",-118.53578781459287,34.173312182676966,265000.0,18800,289000,Ahead,US,True,98.10297060181622,189
10980,7,10,,LA,,46.405,,"POMONA, TOWNE AVENUE",-117.7418299625566,34.07805987660976,265000.0,16000,272000,Ahead,Interstate,True,98.10297060181622,189
10982,7,10,,LA,,47.737,,"POMONA, INDIAN HILL BOULEVARD",-117.71941316669974,34.08165691020493,265000.0,16000,272000,Ahead,Interstate,True,98.10297060181622,189
11845,7,405,,LA,,1.64,,"LONG BEACH, WOODRUFF AVENUE",-118.11447866139979,33.80183847867271,265000.0,16400,274000,Ahead,Interstate,True,98.10297060181622,189
11907,7,405,,LA,,4.879,,"LONG BEACH, CHERRY AVENUE",-118.16763422344766,33.81360539163728,265000.0,16400,274000,Ahead,Interstate,True,98.10297060181622,189
12066,7,5,,LA,,20.444,,"LOS ANGELES, JCT. RTE. 110",-118.2237506452484,34.0818486023935,265000.0,17200,278000,Ahead,Interstate,True,98.10297060181622,189
12120,7,5,,LA,,42.645,,"LOS ANGELES, ROXFORD STREET",-118.47945538300058,34.30319334396004,265000.0,17200,278000,Ahead,Interstate,True,98.10297060181622,189
10818,7,105,,LA,R,7.386,,"LOS ANGELES, JCT. RTE. 110",-118.28090426187619,33.92850298024389,264000.0,16400,273000,Back,Interstate,True,98.02601200554102,203
10996,7,110,,LA,,12.898,,"LOS ANGELES, EL SEGUNDO BOULEVARD",-118.285732275337,33.91642445625661,264000.0,15800,282000,Back,Interstate,True,98.02601200554102,203
12196,7,60,,LA,R,22.97,,"DIAMOND BAR, BREA CANYON ROAD",-117.84510797270623,34.00045573221124,264000.0,16100,275000,Back,State,True,98.02601200554102,203
10816,7,105,,LA,R,6.766,,"LOS ANGELES, VERMONT AVENUE",-118.2915994024263,33.928494378750045,264000.0,16400,273000,Ahead,Interstate,True,98.02601200554102,203
10994,7,110,,LA,,11.891,,"LOS ANGELES, ROSECRANS AVENUE",-118.28651167254212,33.90191935499641,264000.0,15800,282000,Ahead,Interstate,True,98.02601200554102,203
12194,7,60,,LA,R,21.478,,"INDUSTRY, FAIRWAY DRIVE",-117.87053777372154,33.99615960372398,264000.0,16100,275000,Ahead,State,True,98.02601200554102,203
11841,7,405,,LA,,0.448,,"LONG BEACH, STUDEBAKER ROAD",-118.09896322571379,33.790367512285094,263000.0,16300,272000,Back,Interstate,True,97.99522856703094,209
11839,7,405,,LA,,0.266,,ORANGE/LOS ANGELES COUNTY LINE,-118.09658254737876,33.78858306434699,263000.0,16300,272000,Ahead,Interstate,True,97.99522856703094,209
11845,7,405,,LA,,1.64,,"LONG BEACH, WOODRUFF AVENUE",-118.11447866139979,33.80183847867271,261000.0,16200,270000,Back,Interstate,True,97.97214098814837,211
12070,7,5,,LA,,22.548,,"LOS ANGELES, JCT. RTE. 2",-118.2499240635711,34.102615406836684,261000.0,17000,274000,Back,Interstate,True,97.97214098814837,211
11843,7,405,,LA,,1.112,,"LONG BEACH, PALO VERDE AVENUE",-118.10747712110845,33.796704836243364,261000.0,16200,270000,Ahead,Interstate,True,97.97214098814837,211
12068,7,5,,LA,,21.83,,"LOS ANGELES, STADIUM WAY",-118.24248284825381,34.09422497455839,261000.0,17000,274000,Ahead,Interstate,True,97.97214098814837,211
10814,7,105,,LA,R,4.705,,"INGLEWOOD, CRENSHAW BOULEVARD",-118.32680150200541,33.92499807385996,260000.0,16100,268000,Back,Interstate,True,97.90672618131445,215
10820,7,105,,LA,R,8.903,,"LOS ANGELES, CENTRAL AVENUE",-118.2545896023397,33.927883023486096,260000.0,16100,268000,Back,Interstate,True,97.90672618131445,215
10980,7,10,,LA,,46.405,,"POMONA, TOWNE AVENUE",-117.7418299625566,34.07805987660976,260000.0,15700,267000,Back,Interstate,True,97.90672618131445,215
10812,7,105,,LA,R,3.053,,"HAWTHORNE, HAWTHORNE BOULEVARD",-118.35258359802064,33.933407110958456,260000.0,16100,268000,Ahead,Interstate,True,97.90672618131445,215
10818,7,105,,LA,R,7.386,,"LOS ANGELES, JCT. RTE. 110",-118.28090426187619,33.92850298024389,260000.0,16100,268000,Ahead,Interstate,True,97.90672618131445,215
10978,7,10,,LA,,45.726,,"POMONA, GAREY AVENUE",-117.75245219583823,34.07370936915916,260000.0,15700,267000,Ahead,Interstate,True,97.90672618131445,215
10646,7,101,,LA,,14.885,,"LOS ANGELES, WOODMAN AVENUE",-118.43105373328403,34.15572310557665,258000.0,18300,283000,Back,US,True,97.80283207634292,221
10972,7,10,,LA,,43.658,,"POMONA, FAIRPLEX DRIVE",-117.78759682210378,34.07271229497705,258000.0,15600,265000,Back,Interstate,True,97.80283207634292,221
10644,7,101,,LA,,13.878,,"LOS ANGELES, COLDWATER CANYON AVENUE",-118.41365705650982,34.1568297422355,258000.0,18300,283000,Ahead,US,True,97.80283207634292,221
10970,7,10,,LA,,42.443,,"POMONA, JCT. RTES. 57/71",-117.80656295269739,34.06508701504486,258000.0,15600,265000,Ahead,Interstate,True,97.80283207634292,221
12378,7,91,,LA,R,15.105,,"BELLFLOWER, CLARK AVENUE",-118.13416489320325,33.877039733629054,256000.0,17400,275000,Back,State,True,97.74896105895029,225
12376,7,91,,LA,R,14.618,,"BELLFLOWER, JCT. RTE. 19",-118.14262999750156,33.877032810242596,256000.0,17400,275000,Ahead,State,True,97.74896105895029,225
10642,7,101,,LA,,12.852,,"LOS ANGELES, LAUREL CANYON BOULEVARD",-118.39633308488314,34.1545317671695,255000.0,18100,279000,Back,US,True,97.67585039248884,227
10644,7,101,,LA,,13.878,,"LOS ANGELES, COLDWATER CANYON AVENUE",-118.41365705650982,34.1568297422355,255000.0,18100,279000,Back,US,True,97.67585039248884,227
10888,7,10,,LA,R,7.915,,"LOS ANGELES, ROBERTSON BOULEVARD",-118.39158924895436,34.03040365763943,255000.0,15400,262000,Back,Interstate,True,97.67585039248884,227
10976,7,10,,LA,,45.277,,"POMONA, WHITE AVENUE",-117.75956311410025,34.071119023337125,255000.0,15400,262000,Back,Interstate,True,97.67585039248884,227
11863,7,405,,LA,,17.589,,"LAWNDALE, HAWTHORNE BOULEVARD",-118.35253771297425,33.88477093374844,255000.0,15800,264000,Back,Interstate,True,97.67585039248884,227
10642,7,101,,LA,,12.852,,"LOS ANGELES, LAUREL CANYON BOULEVARD",-118.39633308488314,34.1545317671695,255000.0,18100,279000,Ahead,US,True,97.67585039248884,227
10886,7,10,,LA,R,7.207,,"LOS ANGELES, NATIONAL BOULEVARD",-118.40346067138525,34.029583521195555,255000.0,15400,262000,Ahead,Interstate,True,97.67585039248884,227
10974,7,10,,LA,,44.185,,"POMONA, DUDLEY STREET",-117.77839613503001,34.07281616518514,255000.0,15400,262000,Ahead,Interstate,True,97.67585039248884,227
11861,7,405,,LA,,16.573,,"TORRANCE, ARTESIA BOULEVARD",-118.34206707848163,33.87285583395579,255000.0,15800,264000,Ahead,Interstate,True,97.67585039248884,227
10974,7,10,,LA,,44.185,,"POMONA, DUDLEY STREET",-117.77839613503001,34.07281616518514,254000.0,15400,261000,Back,Interstate,True,97.61813144528244,236
10972,7,10,,LA,,43.658,,"POMONA, FAIRPLEX DRIVE",-117.78759682210378,34.07271229497705,254000.0,15400,261000,Ahead,Interstate,True,97.61813144528244,236
10666,7,101,,LA,,23.264,,"LOS ANGELES, WINNETKA AVENUE",-118.57076362495863,34.17237821957524,253000.0,18000,277000,Back,US,True,97.59119593658612,238
12054,7,5,,LA,,16.474,,"LOS ANGELES, JCT. RTE. 60",-118.21590463019949,34.029835160225474,253000.0,16400,265000,Back,Interstate,True,97.59119593658612,238
10664,7,101,,LA,,22.254,,"LOS ANGELES, TAMPA AVENUE",-118.55328535151222,34.17365221959657,253000.0,18000,277000,Ahead,US,True,97.59119593658612,238
10666,7,101,,LA,,23.264,,"LOS ANGELES, WINNETKA AVENUE",-118.57076362495863,34.17237821957524,253000.0,18000,277000,Ahead,US,True,97.59119593658612,238
12052,7,5,,LA,,14.944,,INDIANA STREET,-118.19202978688985,34.02026249003831,253000.0,16400,265000,Ahead,Interstate,True,97.59119593658612,238
10890,7,10,,LA,R,8.965,,"LOS ANGELES, JCT. RTE. 187",-118.3758162833444,34.03651710173688,252000.0,15300,259000,Back,Interstate,True,97.54886870863476,243
10902,7,10,,LA,,16.38,,"LOS ANGELES, SAN PEDRO STREET/CENTRAL AVENUE",-118.2509879221924,34.026738456609706,252000.0,15300,259000,Back,Interstate,True,97.54886870863476,243
10994,7,110,,LA,,11.891,,"LOS ANGELES, ROSECRANS AVENUE",-118.28651167254212,33.90191935499641,252000.0,15100,270000,Back,Interstate,True,97.54886870863476,243
10888,7,10,,LA,R,7.915,,"LOS ANGELES, ROBERTSON BOULEVARD",-118.39158924895436,34.03040365763943,252000.0,15300,259000,Ahead,Interstate,True,97.54886870863476,243
10900,7,10,,LA,,15.8,,"LOS ANGELES, LOS ANGELES STREET",-118.25975256163737,34.03104821473626,252000.0,15300,259000,Ahead,Interstate,True,97.54886870863476,243
10992,7,110,,LA,,11.239,,"LOS ANGELES, REDONDO BEACH BOULEVARD",-118.2855568631081,33.89252187833144,252000.0,15100,270000,Ahead,Interstate,True,97.54886870863476,243
10718,7,101,,LA,,9.221,,"LOS ANGELES, BARHAM BOULEVARD",-118.34691626343708,34.12886220210886,251000.0,17800,274000,Back,US,True,97.47960597198707,249
10900,7,10,,LA,,15.8,,"LOS ANGELES, LOS ANGELES STREET",-118.25975256163737,34.03104821473626,251000.0,15200,258000,Back,Interstate,True,97.47960597198707,249
11511,7,210,,LA,L,29.795,,"PASADENA, ROSEMEAD BOULEVARD",-118.07359462152887,34.14819596701455,251000.0,17100,271000,Back,Interstate,True,97.47960597198707,249
11837,7,405,,LA,R,21.175,,"LOS ANGELES, JCT. RTE 105",-118.3682607187797,33.93006535712919,251000.0,15600,260000,Back,Interstate,True,97.47960597198707,249
12390,7,91,,LA,R,19.434,,"CERRITOS, ARTESIA AVENUE",-118.06038696050274,33.87318731142941,251000.0,17100,270000,Back,State,True,97.47960597198707,249
10716,7,101,,LA,,7.84,,"LOS ANGELES, HIGHLAND AVENUE",-118.33528914144094,34.11173340789785,251000.0,17800,274000,Ahead,US,True,97.47960597198707,249
10898,7,10,,LA,,14.836,,"LOS ANGELES, JCT. RTE. 110",-118.27423689576885,34.03810914870321,251000.0,15200,258000,Ahead,Interstate,True,97.47960597198707,249
11557,7,210,,LA,R,29.293,,"PASADENA, SIERRA MADRE VILLA",-118.08223354264815,34.14754108268559,251000.0,17100,271000,Ahead,Interstate,True,97.47960597198707,249
11871,7,405,,LA,,20.216,,"HAWTHORNE, EL SEGUNDO BOULEVARD",-118.37010581615245,33.91627593856172,251000.0,15600,260000,Ahead,Interstate,True,97.47960597198707,249
12388,7,91,,LA,R,19.172,,"CERRITOS, BLOOMFIELD AVENUE",-118.06387484117154,33.87529115908622,251000.0,17100,270000,Ahead,State,True,97.47960597198707,249
11861,7,405,,LA,,16.573,,"TORRANCE, ARTESIA BOULEVARD",-118.34206707848163,33.87285583395579,250000.0,15500,259000,Back,Interstate,True,97.38725565645683,259
11859,7,405,,LA,,15.447,,"TORRANCE, CRENSHAW BOULEVARD",-118.32620866871511,33.86462860827631,250000.0,15500,259000,Ahead,Interstate,True,97.38725565645683,259
12392,7,91,,LA,R,20.454,,"CERRITOS, CARMENITA AVENUE",-118.04633053975515,33.86390688029633,249000.0,16900,268000,Back,State,True,97.31799291980914,261
12390,7,91,,LA,R,19.434,,"CERRITOS, ARTESIA AVENUE",-118.06038696050274,33.87318731142941,249000.0,16900,268000,Ahead,State,True,97.31799291980914,261
10978,7,10,,LA,,45.726,,"POMONA, GAREY AVENUE",-117.75245219583823,34.07370936915916,247000.0,15000,254000,Back,Interstate,True,97.22949053409266,263
10976,7,10,,LA,,45.277,,"POMONA, WHITE AVENUE",-117.75956311410025,34.071119023337125,247000.0,15000,254000,Ahead,Interstate,True,97.22949053409266,263
10656,7,101,,LA,,2.483,,"LOS ANGELES, GLENDALE BOULEVARD",-118.2608840121956,34.069670786193754,246000.0,17400,269000,Back,US,True,97.11020470986608,265
10634,7,101,,LA,,1.569,,"LOS ANGELES, JCT. RTE. 110",-118.248717220106,34.06270548293521,246000.0,17400,269000,Ahead,US,True,97.11020470986608,265
10668,7,101,,LA,,24.311,,"LOS ANGELES, DE SOTO AVENUE",-118.58800502434272,34.168121620748835,245000.0,17400,268000,Back,US,True,97.04478990303217,267
12394,7,91,,LA,R,20.741,,LOS ANGELES/ORANGE COUNTY LINE,-118.04190725146582,33.8619500062555,245000.0,16700,263000,Back,State,True,97.04478990303217,267
12392,7,91,,LA,R,20.454,,"CERRITOS, CARMENITA AVENUE",-118.04633053975515,33.86390688029633,245000.0,16700,263000,Ahead,State,True,97.04478990303217,267
12052,7,5,,LA,,14.944,,INDIANA STREET,-118.19202978688985,34.02026249003831,244000.0,15900,256000,Back,Interstate,True,96.99476681545327,270
12148,7,605,,LA,R,16.648,,"INDUSTRY, PECK ROAD",-118.03763377072482,34.0271573916648,244000.0,15600,252000,Back,Interstate,True,96.99476681545327,270
12050,7,5,,LA,,14.8,,DITMAN AVENUE,-118.18953559923212,34.02023011807737,244000.0,15900,256000,Ahead,Interstate,True,96.99476681545327,270
12146,7,605,,LA,R,15.565,,"PICO RIVERA, ROSE HILLS ROAD",-118.0526975361809,34.017893461720824,244000.0,15600,252000,Ahead,Interstate,True,96.99476681545327,270
10884,7,10,,LA,R,6.402,,"LOS ANGELES, OVERLAND AVENUE",-118.41702990521155,34.031663540954256,243000.0,14700,250000,Back,Interstate,True,96.92935200861936,274
10992,7,110,,LA,,11.239,,"LOS ANGELES, REDONDO BEACH BOULEVARD",-118.2855568631081,33.89252187833144,243000.0,14600,260000,Back,Interstate,True,96.92935200861936,274
11575,7,210,,LA,R,37.862,,"IRWINDALE, IRWINDALE AVENUE",-117.93365230604587,34.12974522005894,243000.0,16500,262000,Back,Interstate,True,96.92935200861936,274
11935,7,405,,LA,,9.556,,"CARSON, WILMINGTON AVENUE",-118.24146032111874,33.82591915842464,243000.0,15100,251000,Back,Interstate,True,96.92935200861936,274
10882,7,10,,LA,R,5.454,,"LOS ANGELES, JCT. RTE. 405",-118.43353264958192,34.031222694772715,243000.0,14700,250000,Ahead,Interstate,True,96.92935200861936,274
11076,7,110,,LA,,9.87,,"LOS ANGELES, JCT. RTE. 91",-118.28482082578512,33.872783358188464,243000.0,14600,260000,Ahead,Interstate,True,96.92935200861936,274
11573,7,210,,LA,R,36.41,,"DUARTE, JCT. RTE. 605",-117.95769550352125,34.134244664228234,243000.0,16500,262000,Ahead,Interstate,True,96.92935200861936,274
11933,7,405,,LA,,8.784,,"CARSON, ALAMEDA STREET",-118.22792627340381,33.825621140503316,243000.0,15100,251000,Ahead,Interstate,True,96.92935200861936,274
40,7,60,,LA,R,3.876,,BELVEDERE PARK PEDESTRIAN OVERCROSSING,-118.15959602731846,34.03645049129426,242000.0,14800,252000,Back,State,True,96.79467446513776,282
10822,7,105,,LA,R,9.775,,"WILLOWBROOK, WILMINGTON AVENUE",-118.23957996307446,33.928187146087474,242000.0,15000,251000,Back,Interstate,True,96.79467446513776,282
12078,7,5,,LA,,27.08,,"LOS ANGELES, JCT. RTE. 134",-118.2891133085893,34.155435238376924,242000.0,15700,254000,Back,Interstate,True,96.79467446513776,282
12214,7,60,,LA,R,4.426,,"MONTEREY PARK, ATLANTIC BOULEVARD",-118.1503784204763,34.03527047654829,242000.0,14800,252000,Back,State,True,96.79467446513776,282
12232,7,60,,LA,,14.262,,"HACIENDA HEIGHTS, SEVENTH AVENUE",-117.98841278829889,34.01961555328814,242000.0,14800,252000,Back,State,True,96.79467446513776,282
40,7,60,,LA,R,3.876,,BELVEDERE PARK PEDESTRIAN OVERCROSSING,-118.15959602731846,34.03645049129426,242000.0,14800,252000,Ahead,State,True,96.79467446513776,282
10820,7,105,,LA,R,8.903,,"LOS ANGELES, CENTRAL AVENUE",-118.2545896023397,33.927883023486096,242000.0,15000,251000,Ahead,Interstate,True,96.79467446513776,282
12076,7,5,,LA,,25.781,,"LOS ANGELES, COLORADO BOULEVARD EXTENSION",-118.2775491827491,34.14084910196878,242000.0,15700,254000,Ahead,Interstate,True,96.79467446513776,282
12208,7,60,,LA,R,3.27,,JCT. RTE. 710,-118.17000353809438,34.035525163511025,242000.0,14800,252000,Ahead,State,True,96.79467446513776,282
12230,7,60,,LA,,12.627,,"INDUSTRY, CROSSROADS PARKWAY",-118.01280393472484,34.02897543934666,242000.0,14800,252000,Ahead,State,True,96.79467446513776,282
11859,7,405,,LA,,15.447,,"TORRANCE, CRENSHAW BOULEVARD",-118.32620866871511,33.86462860827631,241000.0,14900,249000,Back,Interstate,True,96.71002000923504,292
12298,7,710,,LA,,23.282,,"COMMERCE, JCT. RTE. 5",-118.17247028401677,34.016132120351216,241000.0,15400,266000,Back,Interstate,True,96.71002000923504,292
11857,7,405,,LA,,14.398,,"LOS ANGELES, WESTERN AVENUE",-118.3088446879223,33.859938999854975,241000.0,14900,249000,Ahead,Interstate,True,96.71002000923504,292
12296,7,710,,LA,,22.452,,"COMMERCE, WASHINGTON BOULEVARD",-118.17289395555592,34.00458426699874,241000.0,15400,266000,Ahead,Interstate,True,96.71002000923504,292
10684,7,101,,LA,,3.76,,"LOS ANGELES, SILVER LAKE BOULEVARD",-118.28092344450079,34.07710121963676,240000.0,17100,263000,Back,US,True,96.64845313221487,296
10886,7,10,,LA,R,7.207,,"LOS ANGELES, NATIONAL BOULEVARD",-118.40346067138525,34.029583521195555,240000.0,14500,246000,Back,Interstate,True,96.64845313221487,296
10682,7,101,,LA,,3.342,,"LOS ANGELES, BENTON WAY/RAMPART STREET",-118.2742308554969,34.07523295097647,240000.0,17100,263000,Ahead,US,True,96.64845313221487,296
10884,7,10,,LA,R,6.402,,"LOS ANGELES, OVERLAND AVENUE",-118.41702990521155,34.031663540954256,240000.0,14500,246000,Ahead,Interstate,True,96.64845313221487,296
11577,7,210,,LA,R,38.957,,"AZUSA, VERNON AVENUE",-117.91608580905542,34.126250364324925,239000.0,16300,258000,Back,Interstate,True,96.57919039556718,300
12194,7,60,,LA,R,21.478,,"INDUSTRY, FAIRWAY DRIVE",-117.87053777372154,33.99615960372398,239000.0,14600,249000,Back,State,True,96.57919039556718,300
11575,7,210,,LA,R,37.862,,"IRWINDALE, IRWINDALE AVENUE",-117.93365230604587,34.12974522005894,239000.0,16300,258000,Ahead,Interstate,True,96.57919039556718,300
12240,7,60,,LA,,20.428,,"ROWLAND HEIGHTS, NOGALES STREET",-117.88865512932234,33.99405586607682,239000.0,14600,249000,Ahead,State,True,96.57919039556718,300
10670,7,101,,LA,,24.851,,"LOS ANGELES, CANOGA AVENUE",-118.5972954081976,34.16952748298644,238000.0,16900,261000,Back,US,True,96.52531937817454,304
10812,7,105,,LA,R,3.053,,"HAWTHORNE, HAWTHORNE BOULEVARD",-118.35258359802064,33.933407110958456,238000.0,14800,246000,Back,Interstate,True,96.52531937817454,304
12150,7,605,,LA,R,17.407,,"INDUSTRY, JCT. RTE. 60,",-118.02709214956182,34.03395086610565,238000.0,15200,246000,Back,Interstate,True,96.52531937817454,304
12230,7,60,,LA,,12.627,,"INDUSTRY, CROSSROADS PARKWAY",-118.01280393472484,34.02897543934666,238000.0,14500,248000,Back,State,True,96.52531937817454,304
10668,7,101,,LA,,24.311,,"LOS ANGELES, DE SOTO AVENUE",-118.58800502434272,34.168121620748835,238000.0,16900,261000,Ahead,US,True,96.52531937817454,304
10810,7,105,,LA,R,2.106,,"LOS ANGELES, JCT. RTE. 405",-118.3685637492711,33.92989134015498,238000.0,14800,246000,Ahead,Interstate,True,96.52531937817454,304
12148,7,605,,LA,R,16.648,,"INDUSTRY, PECK ROAD",-118.03763377072482,34.0271573916648,238000.0,15200,246000,Ahead,Interstate,True,96.52531937817454,304
12228,7,60,,LA,,11.711,,"INDUSTRY, JCT. RTE. 605",-118.02753450965214,34.03402504200839,238000.0,14500,248000,Ahead,State,True,96.52531937817454,304
11561,7,210,,LA,R,30.816,,"ARCADIA, BALDWIN AVENUE",-118.05043088639476,34.14868714068289,237000.0,16100,256000,Back,Interstate,True,96.44066492227181,312
12050,7,5,,LA,,14.8,,DITMAN AVENUE,-118.18953559923212,34.02023011807737,237000.0,15400,248000,Back,Interstate,True,96.44066492227181,312
12146,7,605,,LA,R,15.565,,"PICO RIVERA, ROSE HILLS ROAD",-118.0526975361809,34.017893461720824,237000.0,15200,245000,Back,Interstate,True,96.44066492227181,312
11511,7,210,,LA,L,29.795,,"PASADENA, ROSEMEAD BOULEVARD",-118.07359462152887,34.14819596701455,237000.0,16100,256000,Ahead,Interstate,True,96.44066492227181,312
12048,7,5,,LA,,14.251,,DOWNEY ROAD,-118.1800696477398,34.019699652619416,237000.0,15400,248000,Ahead,Interstate,True,96.44066492227181,312
12144,7,605,,LA,R,14.407,,"PICO RIVERA, BEVERLY BOULEVARD",-118.06371260093965,34.00434402147226,237000.0,15200,245000,Ahead,Interstate,True,96.44066492227181,312
10796,7,105,,LA,R,11.506,,"LYNWOOD, LONG BEACH BOULEVARD",-118.21044117994774,33.924916917553155,236000.0,14600,244000,Back,Interstate,True,96.35216253655533,318
11579,7,210,,LA,R,39.6,,"AZUSA, AZUSA AVENUE",-117.90767976898701,34.12052750514349,236000.0,16100,255000,Back,Interstate,True,96.35216253655533,318
10822,7,105,,LA,R,9.775,,"WILLOWBROOK, WILMINGTON AVENUE",-118.23957996307446,33.928187146087474,236000.0,14600,244000,Ahead,Interstate,True,96.35216253655533,318
11577,7,210,,LA,R,38.957,,"AZUSA, VERNON AVENUE",-117.91608580905542,34.126250364324925,236000.0,16100,255000,Ahead,Interstate,True,96.35216253655533,318
11857,7,405,,LA,,14.398,,"LOS ANGELES, WESTERN AVENUE",-118.3088446879223,33.859938999854975,235000.0,14600,243000,Back,Interstate,True,96.28289979990765,322
11855,7,405,,LA,,13.826,,"LOS ANGELES, NORMANDIE AVENUE",-118.29883991344784,33.85991781599909,235000.0,14600,243000,Ahead,Interstate,True,96.28289979990765,322
10682,7,101,,LA,,3.342,,"LOS ANGELES, BENTON WAY/RAMPART STREET",-118.2742308554969,34.07523295097647,234000.0,16600,256000,Back,US,True,96.20978913344621,324
12136,7,605,,LA,R,10.245,,"SANTA FE SPRINGS, TELEGRAPH ROAD",-118.09199255423056,33.949422161251675,234000.0,15000,242000,Back,Interstate,True,96.20978913344621,324
12144,7,605,,LA,R,14.407,,"PICO RIVERA, BEVERLY BOULEVARD",-118.06371260093965,34.00434402147226,234000.0,15000,242000,Back,Interstate,True,96.20978913344621,324
10658,7,101,,LA,,2.857,,"LOS ANGELES, JCT. RTE. 2 NORTHEAST",-118.2668670201599,34.07209565340227,234000.0,16600,256000,Ahead,US,True,96.20978913344621,324
12142,7,605,,LA,R,13.569,,"WHITTIER, JCT. RTE. 72",-118.06915038093386,33.993385506201115,234000.0,15000,242000,Ahead,Interstate,True,96.20978913344621,324
12172,7,605,,LA,R,9.612,,"SANTA FE SPRINGS, JCT. RTE. 5",-118.09654960436065,33.94107852925714,234000.0,15000,242000,Ahead,Interstate,True,96.20978913344621,324
10802,7,105,,LA,R,15.763,,"DOWNEY, LAKEWOOD BOULEVARD",-118.14074269997168,33.91292493045947,232000.0,14400,239000,Back,Interstate,True,96.0558719408958,330
11104,7,118,,LA,R,9.037,,"LOS ANGELES, WOODLEY AVENUE",-118.48500486131385,34.26781322051265,232000.0,19000,248000,Back,State,True,96.0558719408958,330
11585,7,210,,LA,R,40.603,,"AZUSA, CITRUS AVENUE",-117.8901831869768,34.12080426102648,232000.0,15800,250000,Back,Interstate,True,96.0558719408958,330
11591,7,210,,LA,R,44.377,,"GLENDORA, JCT RTE 57",-117.82602700687657,34.12067414062153,232000.0,15800,250000,Back,State,True,96.0558719408958,330
11849,7,405,,LA,,11.224,,"CARSON, AVALON BOULEVARD",-118.26318432814362,33.83931044135836,232000.0,14400,240000,Back,Interstate,True,96.0558719408958,330
12076,7,5,,LA,,25.781,,"LOS ANGELES, COLORADO BOULEVARD EXTENSION",-118.2775491827491,34.14084910196878,232000.0,15100,243000,Back,Interstate,True,96.0558719408958,330
12160,7,605,,LA,R,5.046,,"CERRITOS, JCT. RTE. 91",-118.10235584813158,33.87637565279081,232000.0,14800,240000,Back,Interstate,True,96.0558719408958,330
12216,7,60,,LA,R,5.893,,"MONTEBELLO, FINDLAY/ GARFIELD/WILCOX AVENUES",-118.12531491650122,34.03310040839331,232000.0,14200,242000,Back,State,True,96.0558719408958,330
10800,7,105,,LA,R,14.65,,"SOUTHGATE, PARAMOUNT BOULEVARD",-118.15995767827205,33.91178739174588,232000.0,14400,239000,Ahead,Interstate,True,96.0558719408958,330
11102,7,118,,LA,R,8.343,,"LOS ANGELES, HAYVENHURST AVENUE",-118.4935832045419,34.27483795511167,232000.0,19000,248000,Ahead,State,True,96.0558719408958,330
11579,7,210,,LA,R,39.6,,"AZUSA, AZUSA AVENUE",-117.90767976898701,34.12052750514349,232000.0,15800,250000,Ahead,Interstate,True,96.0558719408958,330
11589,7,210,,LA,R,43.16,,"GLENDORA, SUNFLOWER AVENUE",-117.84656688523667,34.11752086254158,232000.0,15800,250000,Ahead,Interstate,True,96.0558719408958,330
11847,7,405,,LA,,10.541,,"CARSON, CARSON STREET",-118.25551970810342,33.831459266218,232000.0,14400,240000,Ahead,Interstate,True,96.0558719408958,330
12074,7,5,,LA,,24.33,,"LOS ANGELES, LOS FELIZ BOULEVARD/GRIFFITH PARK DRIVE",-118.27109809862283,34.12058819079676,232000.0,15100,243000,Ahead,Interstate,True,96.0558719408958,330
12158,7,605,,LA,R,3.753,,"CERRITOS, SOUTH STREET",-118.09603131057769,33.85838269305942,232000.0,14800,240000,Ahead,Interstate,True,96.0558719408958,330
12214,7,60,,LA,R,4.426,,"MONTEREY PARK, ATLANTIC BOULEVARD",-118.1503784204763,34.03527047654829,232000.0,14200,242000,Ahead,State,True,96.0558719408958,330
10636,7,101,,LA,,10.343,,"LOS ANGELES, LANKERSHIM/VENTURA BOULEVARDS",-118.3627659110363,34.13776052941594,231000.0,16400,253000,Back,US,True,95.92119439741418,346
10882,7,10,,LA,R,5.454,,"LOS ANGELES, JCT. RTE. 405",-118.43353264958192,34.031222694772715,231000.0,14000,237000,Back,Interstate,True,95.92119439741418,346
11573,7,210,,LA,R,36.41,,"DUARTE, JCT. RTE. 605",-117.95769550352125,34.134244664228234,231000.0,15700,249000,Back,Interstate,True,95.92119439741418,346
11587,7,210,,LA,R,41.594,,"GLENDORA, GRAND AVENUE",-117.87292599071847,34.12057908445627,231000.0,15700,249000,Back,Interstate,True,95.92119439741418,346
11589,7,210,,LA,R,43.16,,"GLENDORA, SUNFLOWER AVENUE",-117.84656688523667,34.11752086254158,231000.0,15700,249000,Back,Interstate,True,95.92119439741418,346
10718,7,101,,LA,,9.221,,"LOS ANGELES, BARHAM BOULEVARD",-118.34691626343708,34.12886220210886,231000.0,16400,253000,Ahead,US,True,95.92119439741418,346
10880,7,10,,LA,R,4.51,,"LOS ANGELES, BUNDY DRIVE",-118.44948584149239,34.02811377035924,231000.0,14000,237000,Ahead,Interstate,True,95.92119439741418,346
11571,7,210,,LA,R,35.244,,"DUARTE, BUENA VISTA STREET",-117.9777515196249,34.13528245455244,231000.0,15700,249000,Ahead,Interstate,True,95.92119439741418,346
11585,7,210,,LA,R,40.603,,"AZUSA, CITRUS AVENUE",-117.8901831869768,34.12080426102648,231000.0,15700,249000,Ahead,Interstate,True,95.92119439741418,346
11587,7,210,,LA,R,41.594,,"GLENDORA, GRAND AVENUE",-117.87292599071847,34.12057908445627,231000.0,15700,249000,Ahead,Interstate,True,95.92119439741418,346
10638,7,101,,LA,,11.112,,"LOS ANGELES, VINELAND AVENUE",-118.37000362560234,34.146820618265984,230000.0,16300,251000,Back,US,True,95.77112513467755,356
11565,7,210,,LA,R,32.89,,"MONROVIA, HUNTINGTON DRIVE",-118.0170144902768,34.14052430336878,230000.0,15600,248000,Back,Interstate,True,95.77112513467755,356
10636,7,101,,LA,,10.343,,"LOS ANGELES, LANKERSHIM/VENTURA BOULEVARDS",-118.3627659110363,34.13776052941594,230000.0,16300,251000,Ahead,US,True,95.77112513467755,356
11563,7,210,,LA,R,31.883,,"ARCADIA, SANTA ANITA AVENUE",-118.03189065965375,34.147822372083304,230000.0,15600,248000,Ahead,Interstate,True,95.77112513467755,356
10936,7,10,,LA,,28.673,,"EL MONTE, SANTA ANITA AVENUE",-118.04234439593758,34.068711486594346,229000.0,13900,235000,Back,Interstate,True,95.60566415268585,360
11571,7,210,,LA,R,35.244,,"DUARTE, BUENA VISTA STREET",-117.9777515196249,34.13528245455244,229000.0,15600,247000,Back,Interstate,True,95.60566415268585,360
12048,7,5,,LA,,14.251,,DOWNEY ROAD,-118.1800696477398,34.019699652619416,229000.0,14900,240000,Back,Interstate,True,95.60566415268585,360
12204,7,60,,LA,R,28.043,,"POMONA, PHILLIPS RANCH ROAD",-117.77090657687575,34.023801631093995,229000.0,14000,239000,Back,State,True,95.60566415268585,360
10934,7,10,,LA,,27.963,,"EL MONTE, TEMPLE CITY BOULEVARD/BALDWIN AVENUE",-118.05372407070047,34.0722674007195,229000.0,13900,235000,Ahead,Interstate,True,95.60566415268585,360
11569,7,210,,LA,R,34.741,,"MONROVIA, MOUNTAIN AVENUE",-117.98652574319561,34.13537026987207,229000.0,15600,247000,Ahead,Interstate,True,95.60566415268585,360
12046,7,5,,LA,,13.784,,"COMMERCE, JCT. RTE. 710",-118.1725872635314,34.01635476235135,229000.0,14900,240000,Ahead,Interstate,True,95.60566415268585,360
12202,7,60,,LA,R,25.464,,"DIAMOND BAR, JCT. RTE. 57 NORTH",-117.81324499727646,34.02192922058289,229000.0,14000,239000,Ahead,State,True,95.60566415268585,360
10942,7,10,,LA,,31.151,,"BALDWIN PARK, JCT. RTE. 605",-118.00020260327781,34.06497569220282,228000.0,13800,234000,Back,Interstate,True,95.46713867939049,368
11567,7,210,,LA,R,32.914,,"MONROVIA, MYRTLE AVENUE",-118.01673805890093,34.140252760818065,228000.0,15500,246000,Back,Interstate,True,95.46713867939049,368
12288,7,710,,LA,,16.986,,"SOUTH GATE, IMPERIAL HIGHWAY",-118.17869379074558,33.930856056951484,228000.0,14600,252000,Back,Interstate,True,95.46713867939049,368
10940,7,10,,LA,,30.581,,"EL MONTE, GARVEY AVENUE",-118.01008060839769,34.064122981201926,228000.0,13800,234000,Ahead,Interstate,True,95.46713867939049,368
11565,7,210,,LA,R,32.89,,"MONROVIA, HUNTINGTON DRIVE",-118.0170144902768,34.14052430336878,228000.0,15500,246000,Ahead,Interstate,True,95.46713867939049,368
12256,7,710,,LA,R,15.692,,"LYNWOOD, JCT. RTE. 105",-118.17993876050797,33.91282350591335,228000.0,14600,252000,Ahead,Interstate,True,95.46713867939049,368
10938,7,10,,LA,,29.545,,"EL MONTE, VALLEY BOULEVARD/PECK ROAD",-118.0271081988627,34.06798005907856,227000.0,13700,233000,Back,Interstate,True,95.29398183777128,374
12234,7,60,,LA,,15.932,,"HACIENDA HEIGHTS, HACIENDA BOULEVARD",-117.96465309104235,34.00685908160163,227000.0,13800,237000,Back,State,True,95.29398183777128,374
12256,7,710,,LA,R,15.692,,"LYNWOOD, JCT. RTE. 105",-118.17993876050797,33.91282350591335,227000.0,14500,251000,Back,Interstate,True,95.29398183777128,374
10936,7,10,,LA,,28.673,,"EL MONTE, SANTA ANITA AVENUE",-118.04234439593758,34.068711486594346,227000.0,13700,233000,Ahead,Interstate,True,95.29398183777128,374
12232,7,60,,LA,,14.262,,"HACIENDA HEIGHTS, SEVENTH AVENUE",-117.98841278829889,34.01961555328814,227000.0,13800,237000,Ahead,State,True,95.29398183777128,374
12286,7,710,,LA,,13.945,,"COMPTON, ALONDRA BOULEVARD",-118.18881884155175,33.889073233779044,227000.0,14500,251000,Ahead,Interstate,True,95.29398183777128,374
10804,7,105,,LA,R,16.639,,"DOWNEY, BELLFLOWER. BOULEVARD",-118.12539521690448,33.913063644726385,226000.0,14000,234000,Back,Interstate,True,95.17469601354472,380
10806,7,105,,LA,R,17.823,,"NORWALK, JCT. RTE. 605",-118.10487570335191,33.91391218251087,226000.0,14000,234000,Back,Interstate,True,95.17469601354472,380
11847,7,405,,LA,,10.541,,"CARSON, CARSON STREET",-118.25551970810342,33.831459266218,226000.0,14000,234000,Back,Interstate,True,95.17469601354472,380
12058,7,5,,LA,,18.063,,"LOS ANGELES, CESAR CHAVEZ DRIVE",-118.21402788787422,34.04957465479881,226000.0,14700,237000,Back,Interstate,True,95.17469601354472,380
10802,7,105,,LA,R,15.763,,"DOWNEY, LAKEWOOD BOULEVARD",-118.14074269997168,33.91292493045947,226000.0,14000,234000,Ahead,Interstate,True,95.17469601354472,380
10804,7,105,,LA,R,16.639,,"DOWNEY, BELLFLOWER. BOULEVARD",-118.12539521690448,33.913063644726385,226000.0,14000,234000,Ahead,Interstate,True,95.17469601354472,380
11935,7,405,,LA,,9.556,,"CARSON, WILMINGTON AVENUE",-118.24146032111874,33.82591915842464,226000.0,14000,234000,Ahead,Interstate,True,95.17469601354472,380
12056,7,5,,LA,,17.562,,"LOS ANGELES, FOURTH STREET",-118.21716902423326,34.04289524851031,226000.0,14700,237000,Ahead,Interstate,True,95.17469601354472,380
11106,7,118,,LA,R,9.805,,"LOS ANGELES, JCT. RTE. 405",-118.47216175908787,34.26587869669188,225000.0,18500,241000,Back,State,True,95.03232261043559,388
12142,7,605,,LA,R,13.569,,"WHITTIER, JCT. RTE. 72",-118.06915038093386,33.993385506201115,225000.0,14400,233000,Back,Interstate,True,95.03232261043559,388
12226,7,60,,LA,,11.007,,"SOUTH EL MONTE, PECK ROAD/DURFEE AVENUE",-118.03867279631842,34.03734128029687,225000.0,13700,234000,Back,State,True,95.03232261043559,388
11104,7,118,,LA,R,9.037,,"LOS ANGELES, WOODLEY AVENUE",-118.48500486131385,34.26781322051265,225000.0,18500,241000,Ahead,State,True,95.03232261043559,388
12140,7,605,,LA,R,12.048,,WASHINGTON BOULEVARD,-118.08001588877421,33.97370332287677,225000.0,14400,233000,Ahead,Interstate,True,95.03232261043559,388
12224,7,60,,LA,,10.23,,"SOUTH EL MONTE, SANTA ANITA AVENUE",-118.05211411992975,34.03967711606981,225000.0,13700,234000,Ahead,State,True,95.03232261043559,388
12156,7,605,,LA,R,20.189,,"BALDWIN PARK, JCT. RTE. 10",-118.00005606919035,34.065077981613285,224000.0,14300,232000,Back,Interstate,True,94.9438202247191,394
12208,7,60,,LA,R,3.27,,JCT. RTE. 710,-118.17000353809438,34.035525163511025,224000.0,13700,233000,Back,State,True,94.9438202247191,394
12224,7,60,,LA,,10.23,,"SOUTH EL MONTE, SANTA ANITA AVENUE",-118.05211411992975,34.03967711606981,224000.0,13700,233000,Back,State,True,94.9438202247191,394
11106,7,118,,LA,R,9.805,,"LOS ANGELES, JCT. RTE. 405",-118.47216175908787,34.26587869669188,224000.0,18400,240000,Ahead,State,True,94.9438202247191,394
12152,7,605,,LA,R,19.389,,"INDUSTRY, VALLEY BOULEVARD",-118.00426850581452,34.05405538453317,224000.0,14300,232000,Ahead,Interstate,True,94.9438202247191,394
12192,7,60,,LA,R,2.592,,THIRD STREET/DOWNEY ROAD,-118.18083852028306,34.033224689228135,224000.0,13700,233000,Ahead,State,True,94.9438202247191,394
12242,7,60,,LA,,9.509,,"SOUTH EL MONTE, JCT. RTE. 164",-118.06424827802168,34.041222283262506,224000.0,13700,233000,Ahead,State,True,94.9438202247191,394
11909,7,405,,LA,,40.285,,"LOS ANGELES, BURBANK BOULEVARD",-118.46754975452028,34.17213145003529,223000.0,13800,231000,Back,Interstate,True,94.85916576881638,401
11911,7,405,,LA,,41.359,,"LOS ANGELES, VICTORY BOULEVARD",-118.47400263348047,34.186400803682815,223000.0,13800,231000,Back,Interstate,True,94.85916576881638,401
12236,7,60,,LA,,17.972,,"INDUSTRY, AZUSA AVENUE",-117.93117634700191,33.99689685211002,223000.0,13600,232000,Back,State,True,94.85916576881638,401
11905,7,405,,LA,,39.432,,"LOS ANGELES, JCT. RTE. 101",-118.46939389339066,34.159982706746376,223000.0,13800,231000,Ahead,Interstate,True,94.85916576881638,401
11909,7,405,,LA,,40.285,,"LOS ANGELES, BURBANK BOULEVARD",-118.46754975452028,34.17213145003529,223000.0,13800,231000,Ahead,Interstate,True,94.85916576881638,401
12234,7,60,,LA,,15.932,,"HACIENDA HEIGHTS, HACIENDA BOULEVARD",-117.96465309104235,34.00685908160163,223000.0,13600,232000,Ahead,State,True,94.85916576881638,401
11569,7,210,,LA,R,34.741,,"MONROVIA, MOUNTAIN AVENUE",-117.98652574319561,34.13537026987207,222000.0,15100,239000,Back,Interstate,True,94.74372787440358,407
12080,7,5,,LA,,27.837,,"GLENDALE, WESTERN AVENUE",-118.29635748653382,34.16459974533096,222000.0,14400,233000,Back,Interstate,True,94.74372787440358,407
12192,7,60,,LA,R,2.592,,THIRD STREET/DOWNEY ROAD,-118.18083852028306,34.033224689228135,222000.0,13500,231000,Back,State,True,94.74372787440358,407
11567,7,210,,LA,R,32.914,,"MONROVIA, MYRTLE AVENUE",-118.01673805890093,34.140252760818065,222000.0,15100,239000,Ahead,Interstate,True,94.74372787440358,407
12078,7,5,,LA,,27.08,,"LOS ANGELES, JCT. RTE. 134",-118.2891133085893,34.155435238376924,222000.0,14400,233000,Ahead,Interstate,True,94.74372787440358,407
12190,7,60,,LA,R,1.936,,"LOS ANGELES, INDIANA STREET",-118.19235908591682,34.0311683333027,222000.0,13500,231000,Ahead,State,True,94.74372787440358,407
10702,7,101,,LA,,4.397,,"LOS ANGELES, VERMONT AVENUE",-118.29170765301131,34.08021280925122,221000.0,15700,242000,Back,US,True,94.67061720794213,413
10926,7,10,,LA,,25.327,,"SOUTH SAN GABRIEL, DEL MAR AVENUE",-118.09970743051935,34.07174392342971,221000.0,13400,227000,Back,Interstate,True,94.67061720794213,413
11074,7,110,,LA,,8.775,,"CARSON, JCT. RTE. 405",-118.28458724584493,33.856833127760765,221000.0,13300,237000,Back,Interstate,True,94.67061720794213,413
11199,7,134,,LA,R,6.574,,"GLENDALE, PACIFIC AVENUE",-118.26472542484447,34.156072464541424,221000.0,13900,234000,Back,State,True,94.67061720794213,413
12286,7,710,,LA,,13.945,,"COMPTON, ALONDRA BOULEVARD",-118.18881884155175,33.889073233779044,221000.0,14200,244000,Back,Interstate,True,94.67061720794213,413
10684,7,101,,LA,,3.76,,"LOS ANGELES, SILVER LAKE BOULEVARD",-118.28092344450079,34.07710121963676,221000.0,15700,242000,Ahead,US,True,94.67061720794213,413
10924,7,10,,LA,,24.831,,"MONTEREY PARK, NEW AVENUE",-118.10834672803271,34.07165871563292,221000.0,13400,227000,Ahead,Interstate,True,94.67061720794213,413
11072,7,110,,LA,,8.028,,"CARSON, TORRANCE/DEL AMO BOULEVARDS",-118.28495924000072,33.846077666635004,221000.0,13300,237000,Ahead,Interstate,True,94.67061720794213,413
11197,7,134,,LA,R,6.178,,"GLENDALE, CONCORD STREET/SAN FERNANDO ROAD",-118.27143892842479,34.1546613180602,221000.0,13900,234000,Ahead,State,True,94.67061720794213,413
12284,7,710,,LA,,12.97,,"LONG BEACH, JCT. RTE. 91",-118.19305810366696,33.87550258933386,221000.0,14200,244000,Ahead,Interstate,True,94.67061720794213,413
10638,7,101,,LA,,11.112,,"LOS ANGELES, VINELAND AVENUE",-118.37000362560234,34.146820618265984,220000.0,15600,241000,Ahead,US,True,94.58211482222563,423
10928,7,10,,LA,,25.837,,"ROSEMEAD, SAN GABRIEL BOULEVARD",-118.09080687507355,34.07183299231075,219000.0,13300,225000,Back,Interstate,True,94.42434969986148,424
11201,7,134,,LA,R,7.127,,"GLENDALE, BRAND BOULEVARD",-118.25505086657684,34.15627133330207,219000.0,13800,232000,Back,State,True,94.42434969986148,424
12056,7,5,,LA,,17.562,,"LOS ANGELES, FOURTH STREET",-118.21716902423326,34.04289524851031,219000.0,14200,230000,Back,Interstate,True,94.42434969986148,424
12062,7,5,,LA,,19.196,,"LOS ANGELES, MAIN STREET",-118.21616129953742,34.06588161391643,219000.0,14200,230000,Back,Interstate,True,94.42434969986148,424
12072,7,5,,LA,,23.655,,"LOS ANGELES, GLENDALE BOULEVARD",-118.26553017699848,34.112214139982356,219000.0,14200,230000,Back,Interstate,True,94.42434969986148,424
12126,7,5,,LA,,8.947,,"DOWNEY, PARAMOUNT BOULEVARD",-118.11993139834347,33.96417305238175,219000.0,14200,230000,Back,Interstate,True,94.42434969986148,424
12128,7,5,,LA,,9.698,,"COMMERCE, SLAUSON AVENUE",-118.12416251004406,33.97438047039627,219000.0,14200,230000,Back,Interstate,True,94.42434969986148,424
12240,7,60,,LA,,20.428,,"ROWLAND HEIGHTS, NOGALES STREET",-117.88865512932234,33.99405586607682,219000.0,13400,228000,Back,State,True,94.42434969986148,424
10926,7,10,,LA,,25.327,,"SOUTH SAN GABRIEL, DEL MAR AVENUE",-118.09970743051935,34.07174392342971,219000.0,13300,225000,Ahead,Interstate,True,94.42434969986148,424
11199,7,134,,LA,R,6.574,,"GLENDALE, PACIFIC AVENUE",-118.26472542484447,34.156072464541424,219000.0,13800,232000,Ahead,State,True,94.42434969986148,424
12054,7,5,,LA,,16.474,,"LOS ANGELES, JCT. RTE. 60",-118.21590463019949,34.029835160225474,219000.0,14200,230000,Ahead,Interstate,True,94.42434969986148,424
12060,7,5,,LA,,18.452,,"LOS ANGELES, JCT. RTE. 10",-118.21409949438215,34.055295522818675,219000.0,14200,230000,Ahead,Interstate,True,94.42434969986148,424
12070,7,5,,LA,,22.548,,"LOS ANGELES, JCT. RTE. 2",-118.2499240635711,34.102615406836684,219000.0,14200,230000,Ahead,Interstate,True,94.42434969986148,424
12124,7,5,,LA,,8.307,,"DOWNEY, LAKEWOOD BOULEVARD",-118.11173804879162,33.95794551685715,219000.0,14200,230000,Ahead,Interstate,True,94.42434969986148,424
12126,7,5,,LA,,8.947,,"DOWNEY, PARAMOUNT BOULEVARD",-118.11993139834347,33.96417305238175,219000.0,14200,230000,Ahead,Interstate,True,94.42434969986148,424
12238,7,60,,LA,,19.464,,"INDUSTRY, FULLERTON ROAD",-117.90544587626772,33.994055223323755,219000.0,13400,228000,Ahead,State,True,94.42434969986148,424
10962,7,10,,LA,,38.509,,"WEST COVINA, GRAND AVENUE",-117.87253271277865,34.07170963494751,218000.0,13200,224000,Back,Interstate,True,94.27043250731106,440
11203,7,134,,LA,R,7.87,,"GLENDALE, GLENDALE AVENUE",-118.24229046145932,34.15575547111752,218000.0,13700,231000,Back,State,True,94.27043250731106,440
11913,7,405,,LA,,42.364,,"LOS ANGELES, SHERMAN WAY",-118.47340783198142,34.20096985925931,218000.0,13500,225000,Back,Interstate,True,94.27043250731106,440
12206,7,60,,LA,R,29.392,,"POMONA, JCT. RTE. 71",-117.74770977655263,34.023256269747776,218000.0,13300,227000,Back,State,True,94.27043250731106,440
12210,7,60,,LA,R,30.328,,"POMONA, RESERVOIR STREET",-117.73171476357415,34.02490548402911,218000.0,13300,227000,Back,State,True,94.27043250731106,440
12368,7,91,,LA,R,11.681,,"LONG BEACH, JCT. RTE. 710",-118.19320733270025,33.87533244367935,218000.0,14800,234000,Back,State,True,94.27043250731106,440
10960,7,10,,LA,,38.008,,"WEST COVINA, BARRANCA STREET",-117.88130105148595,34.071823236326566,218000.0,13200,224000,Ahead,Interstate,True,94.27043250731106,440
11201,7,134,,LA,R,7.127,,"GLENDALE, BRAND BOULEVARD",-118.25505086657684,34.15627133330207,218000.0,13700,231000,Ahead,State,True,94.27043250731106,440
11911,7,405,,LA,,41.359,,"LOS ANGELES, VICTORY BOULEVARD",-118.47400263348047,34.186400803682815,218000.0,13500,225000,Ahead,Interstate,True,94.27043250731106,440
12204,7,60,,LA,R,28.043,,"POMONA, PHILLIPS RANCH ROAD",-117.77090657687575,34.023801631093995,218000.0,13300,227000,Ahead,State,True,94.27043250731106,440
12206,7,60,,LA,R,29.392,,"POMONA, JCT. RTE. 71",-117.74770977655263,34.023256269747776,218000.0,13300,227000,Ahead,State,True,94.27043250731106,440
12366,7,91,,LA,R,11.096,,"LONG BEACH, LONG BEACH BOULEVARD",-118.20254653370262,33.87252925097314,218000.0,14800,234000,Ahead,State,True,94.27043250731106,440
10704,7,101,,LA,,4.851,,"LOS ANGELES, MELROSE AVENUE",-118.29815242647268,34.08336911237088,217000.0,15400,238000,Back,US,True,94.10497152531939,452
10916,7,10,,LA,,21.382,,"MONTEREY PARK, JCT. RTE. 710",-118.16516331203725,34.06112329924666,217000.0,13100,223000,Back,Interstate,True,94.10497152531939,452
11197,7,134,,LA,R,6.178,,"GLENDALE, CONCORD STREET/SAN FERNANDO ROAD",-118.27143892842479,34.1546613180602,217000.0,13700,230000,Back,State,True,94.10497152531939,452
11919,7,405,,LA,,46.85,,"LOS ANGELES, JCT. RTE. 118",-118.4720529569373,34.26602086505848,217000.0,13500,224000,Back,Interstate,True,94.10497152531939,452
12228,7,60,,LA,,11.711,,"INDUSTRY, JCT. RTE. 605",-118.02753450965214,34.03402504200839,217000.0,13200,226000,Back,State,True,94.10497152531939,452
10702,7,101,,LA,,4.397,,"LOS ANGELES, VERMONT AVENUE",-118.29170765301131,34.08021280925122,217000.0,15400,238000,Ahead,US,True,94.10497152531939,452
10914,7,10,,LA,,20.222,,CITY TERRACE DRIVE,-118.18309241758541,34.05604166042753,217000.0,13100,223000,Ahead,Interstate,True,94.10497152531939,452
11917,7,405,,LA,,44.735,,"LOS ANGELES, NORDHOFF STREET",-118.47294820357642,34.23543768996866,217000.0,13500,224000,Ahead,Interstate,True,94.10497152531939,452
12226,7,60,,LA,,11.007,,"SOUTH EL MONTE, PECK ROAD/DURFEE AVENUE",-118.03867279631842,34.03734128029687,217000.0,13200,226000,Ahead,State,True,94.10497152531939,452
10798,7,105,,LA,R,13.471,,"LYNWOOD, JCT. RTE. 710",-118.18004291747019,33.91264224173092,216000.0,13400,223000,Back,Interstate,True,93.88563952593505,461
10940,7,10,,LA,,30.581,,"EL MONTE, GARVEY AVENUE",-118.01008060839769,34.064122981201926,216000.0,13100,222000,Back,Interstate,True,93.88563952593505,461
10944,7,10,,LA,,31.54,,"BALDWIN PARK, BESS AVENUE/ FRAZIER STREET",-117.99346929993031,34.06587918423714,216000.0,13100,222000,Back,Interstate,True,93.88563952593505,461
11915,7,405,,LA,,43.756,,"LOS ANGELES, ROSCOE BOULEVARD",-118.47308831201464,34.221161311586364,216000.0,13400,223000,Back,Interstate,True,93.88563952593505,461
12064,7,5,,LA,,19.725,,"LOS ANGELES, NORTH BROADWAY",-118.2191696029137,34.07306105570663,216000.0,14100,226000,Back,Interstate,True,93.88563952593505,461
12082,7,5,,LA,,28.426,,"BURBANK, ALAMEDA AVENUE",-118.30408218051035,34.17023853972909,216000.0,14100,226000,Back,Interstate,True,93.88563952593505,461
12218,7,60,,LA,R,7.774,,"MONTEBELLO, PARAMOUNT BOULEVARD",-118.09282984426248,34.035933081659344,216000.0,13200,225000,Back,State,True,93.88563952593505,461
12242,7,60,,LA,,9.509,,"SOUTH EL MONTE, JCT. RTE. 164",-118.06424827802168,34.041222283262506,216000.0,13200,225000,Back,State,True,93.88563952593505,461
12366,7,91,,LA,R,11.096,,"LONG BEACH, LONG BEACH BOULEVARD",-118.20254653370262,33.87252925097314,216000.0,14700,233000,Back,State,True,93.88563952593505,461
10796,7,105,,LA,R,11.506,,"LYNWOOD, LONG BEACH BOULEVARD",-118.21044117994774,33.924916917553155,216000.0,13400,223000,Ahead,Interstate,True,93.88563952593505,461
10938,7,10,,LA,,29.545,,"EL MONTE, VALLEY BOULEVARD/PECK ROAD",-118.0271081988627,34.06798005907856,216000.0,13100,222000,Ahead,Interstate,True,93.88563952593505,461
10942,7,10,,LA,,31.151,,"BALDWIN PARK, JCT. RTE. 605",-118.00020260327781,34.06497569220282,216000.0,13100,222000,Ahead,Interstate,True,93.88563952593505,461
11913,7,405,,LA,,42.364,,"LOS ANGELES, SHERMAN WAY",-118.47340783198142,34.20096985925931,216000.0,13400,223000,Ahead,Interstate,True,93.88563952593505,461
12062,7,5,,LA,,19.196,,"LOS ANGELES, MAIN STREET",-118.21616129953742,34.06588161391643,216000.0,14100,226000,Ahead,Interstate,True,93.88563952593505,461
12080,7,5,,LA,,27.837,,"GLENDALE, WESTERN AVENUE",-118.29635748653382,34.16459974533096,216000.0,14100,226000,Ahead,Interstate,True,93.88563952593505,461
12216,7,60,,LA,R,5.893,,"MONTEBELLO, FINDLAY/ GARFIELD/WILCOX AVENUES",-118.12531491650122,34.03310040839331,216000.0,13200,225000,Ahead,State,True,93.88563952593505,461
12220,7,60,,LA,R,8.548,,"ROSEMEAD, SAN GABRIEL BOULEVARD",-118.08066068601045,34.039389092835485,216000.0,13200,225000,Ahead,State,True,93.88563952593505,461
12364,7,91,,LA,R,10.41,,"COMPTON, ALAMEDA STREET/SANTA FE AVENUE",-118.21437611709916,33.87337309726652,216000.0,14700,233000,Ahead,State,True,93.88563952593505,461
10960,7,10,,LA,,38.008,,"WEST COVINA, BARRANCA STREET",-117.88130105148595,34.071823236326566,215000.0,13000,221000,Back,Interstate,True,93.65476373710943,479
11917,7,405,,LA,,44.735,,"LOS ANGELES, NORDHOFF STREET",-118.47294820357642,34.23543768996866,215000.0,13300,222000,Back,Interstate,True,93.65476373710943,479
12044,7,5,,LA,,12.8,,"COMMERCE, ATLANTIC BOULEVARD",-118.1586422096245,34.00891222281452,215000.0,14000,225000,Back,Interstate,True,93.65476373710943,479
12140,7,605,,LA,R,12.048,,WASHINGTON BOULEVARD,-118.08001588877421,33.97370332287677,215000.0,13800,222000,Back,Interstate,True,93.65476373710943,479
12152,7,605,,LA,R,19.389,,"INDUSTRY, VALLEY BOULEVARD",-118.00426850581452,34.05405538453317,215000.0,13800,222000,Back,Interstate,True,93.65476373710943,479
10958,7,10,,LA,,37.48,,"WEST COVINA, CITRUS STREET",-117.89048861058015,34.07188274252958,215000.0,13000,221000,Ahead,Interstate,True,93.65476373710943,479
11915,7,405,,LA,,43.756,,"LOS ANGELES, ROSCOE BOULEVARD",-118.47308831201464,34.221161311586364,215000.0,13300,222000,Ahead,Interstate,True,93.65476373710943,479
12042,7,5,,LA,,11.554,,"COMMERCE, WASHINGTON BOULEVARD",-118.14465354700215,33.995054209214445,215000.0,14000,225000,Ahead,Interstate,True,93.65476373710943,479
12138,7,605,,LA,R,11.543,,SLAUSON AVENUE,-118.08334083661008,33.96698917369049,215000.0,13800,222000,Ahead,Interstate,True,93.65476373710943,479
12150,7,605,,LA,R,17.407,,"INDUSTRY, JCT. RTE. 60,",-118.02709214956182,34.03395086610565,215000.0,13800,222000,Ahead,Interstate,True,93.65476373710943,479
10930,7,10,,LA,,26.34,,"ROSEMEAD, WALNUT GROVE AVENUE",-118.08204899095954,34.07193765606971,214000.0,13000,220000,Back,Interstate,True,93.48545482530398,489
12060,7,5,,LA,,18.452,,"LOS ANGELES, JCT. RTE. 10",-118.21409949438215,34.055295522818675,214000.0,13900,224000,Back,Interstate,True,93.48545482530398,489
12124,7,5,,LA,,8.307,,"DOWNEY, LAKEWOOD BOULEVARD",-118.11173804879162,33.95794551685715,214000.0,13900,224000,Back,Interstate,True,93.48545482530398,489
12290,7,710,,LA,,18.44,,"SOUTH GATE, FIRESTONE BOULEVARD",-118.17030773280239,33.94975281348704,214000.0,13700,236000,Back,Interstate,True,93.48545482530398,489
10928,7,10,,LA,,25.837,,"ROSEMEAD, SAN GABRIEL BOULEVARD",-118.09080687507355,34.07183299231075,214000.0,13000,220000,Ahead,Interstate,True,93.48545482530398,489
12058,7,5,,LA,,18.063,,"LOS ANGELES, CESAR CHAVEZ DRIVE",-118.21402788787422,34.04957465479881,214000.0,13900,224000,Ahead,Interstate,True,93.48545482530398,489
12122,7,5,,LA,,6.848,,"SANTA FE SPRINGS, JCT. RTE. 605",-118.09660916535893,33.941286825067635,214000.0,13900,224000,Ahead,Interstate,True,93.48545482530398,489
12288,7,710,,LA,,16.986,,"SOUTH GATE, IMPERIAL HIGHWAY",-118.17869379074558,33.930856056951484,214000.0,13700,236000,Ahead,Interstate,True,93.48545482530398,489
100,7,134,,LA,R,8.256,,"GLENDALE, VERDUGO ROAD UNDERCROSSING",-118.23673783095774,34.15233974352332,213000.0,13400,226000,Back,State,True,93.39310450977374,497
10672,7,101,,LA,,25.337,,"LOS ANGELES, JCT. RTE. 27",-118.60564090001922,34.170794311444915,213000.0,15100,233000,Back,US,True,93.39310450977374,497
11219,7,134,,LA,,4.811,,"LOS ANGELES, VICTORY BOULEVARD/RIVERSIDE DRIVE",-118.29393903763433,34.155247937509905,213000.0,13400,226000,Back,State,True,93.39310450977374,497
12046,7,5,,LA,,13.784,,"COMMERCE, JCT. RTE. 710",-118.1725872635314,34.01635476235135,213000.0,13900,223000,Back,Interstate,True,93.39310450977374,497
12138,7,605,,LA,R,11.543,,SLAUSON AVENUE,-118.08334083661008,33.96698917369049,213000.0,13600,220000,Back,Interstate,True,93.39310450977374,497
10670,7,101,,LA,,24.851,,"LOS ANGELES, CANOGA AVENUE",-118.5972954081976,34.16952748298644,213000.0,15100,233000,Ahead,US,True,93.39310450977374,497
11203,7,134,,LA,R,7.87,,"GLENDALE, GLENDALE AVENUE",-118.24229046145932,34.15575547111752,213000.0,13400,226000,Ahead,State,True,93.39310450977374,497
11217,7,134,,LA,,3.811,,"LOS ANGELES, FOREST LAWN DRIVE",-118.31105072298634,34.154817639251334,213000.0,13400,226000,Ahead,State,True,93.39310450977374,497
12044,7,5,,LA,,12.8,,"COMMERCE, ATLANTIC BOULEVARD",-118.1586422096245,34.00891222281452,213000.0,13900,223000,Ahead,Interstate,True,93.39310450977374,497
12136,7,605,,LA,R,10.245,,"SANTA FE SPRINGS, TELEGRAPH ROAD",-118.09199255423056,33.949422161251675,213000.0,13600,220000,Ahead,Interstate,True,93.39310450977374,497
10932,7,10,,LA,,26.857,,"EL MONTE, JCT. RTE. 164",-118.07303785020736,34.07206730525047,212000.0,12800,218000,Back,Interstate,True,93.24688317685086,507
10958,7,10,,LA,,37.48,,"WEST COVINA, CITRUS STREET",-117.89048861058015,34.07188274252958,212000.0,12800,218000,Back,Interstate,True,93.24688317685086,507
10930,7,10,,LA,,26.34,,"ROSEMEAD, WALNUT GROVE AVENUE",-118.08204899095954,34.07193765606971,212000.0,12800,218000,Ahead,Interstate,True,93.24688317685086,507
10956,7,10,,LA,,36.5,,"WEST COVINA, AZUSA AVENUE",-117.9075722397492,34.072053554194554,212000.0,12800,218000,Ahead,Interstate,True,93.24688317685086,507
10716,7,101,,LA,,7.84,,"LOS ANGELES, HIGHLAND AVENUE",-118.33528914144094,34.11173340789785,211000.0,15000,231000,Back,US,True,93.13914114206557,511
10914,7,10,,LA,,20.222,,CITY TERRACE DRIVE,-118.18309241758541,34.05604166042753,211000.0,12800,217000,Back,Interstate,True,93.13914114206557,511
10920,7,10,,LA,,23.326,,"ALHAMBRA, ATLANTIC BOULEVARD",-118.13456966688375,34.07130541525944,211000.0,12700,216000,Back,Interstate,True,93.13914114206557,511
10966,7,10,,LA,,40.457,,VIA VERDE,-117.83973345387096,34.06876689034173,211000.0,12800,217000,Back,Interstate,True,93.13914114206557,511
12238,7,60,,LA,,19.464,,"INDUSTRY, FULLERTON ROAD",-117.90544587626772,33.994055223323755,211000.0,12900,220000,Back,State,True,93.13914114206557,511
10714,7,101,,LA,,7.459,,"LOS ANGELES, CAHUENGA BOULEVARD",-118.33049988130148,34.10787427885911,211000.0,15000,231000,Ahead,US,True,93.13914114206557,511
10912,7,10,,LA,,19.072,,"LOS ANGELES, SOTO STREET",-118.2024742920858,34.05446469165424,211000.0,12800,217000,Ahead,Interstate,True,93.13914114206557,511
10918,7,10,,LA,,22.312,,"ALHAMBRA, FREMONT AVENUE",-118.15107149856576,34.068250656443894,211000.0,12700,216000,Ahead,Interstate,True,93.13914114206557,511
10964,7,10,,LA,,38.969,,"WEST COVINA, HOLT AVENUE",-117.86495456726263,34.07040537055003,211000.0,12800,217000,Ahead,Interstate,True,93.13914114206557,511
12236,7,60,,LA,,17.972,,"INDUSTRY, AZUSA AVENUE",-117.93117634700191,33.99689685211002,211000.0,12900,220000,Ahead,State,True,93.13914114206557,511
10968,7,10,,LA,,40.84,,E/O VIA VERDE DR; W/O KELLOGG,-117.8333882514723,34.0669345522084,210000.0,12700,216000,Back,Interstate,True,92.95059258119132,521
10970,7,10,,LA,,42.443,,"POMONA, JCT. RTES. 57/71",-117.80656295269739,34.06508701504486,210000.0,12700,216000,Back,Interstate,True,92.95059258119132,521
11563,7,210,,LA,R,31.883,,"ARCADIA, SANTA ANITA AVENUE",-118.03189065965375,34.147822372083304,210000.0,14200,226000,Back,Interstate,True,92.95059258119132,521
12074,7,5,,LA,,24.33,,"LOS ANGELES, LOS FELIZ BOULEVARD/GRIFFITH PARK DRIVE",-118.27109809862283,34.12058819079676,210000.0,13700,220000,Back,Interstate,True,92.95059258119132,521
12084,7,5,,LA,,29.16,,"BURBANK, OLIVE AVENUE",-118.31092229624007,34.17887502993053,210000.0,13700,220000,Back,Interstate,True,92.95059258119132,521
10966,7,10,,LA,,40.457,,VIA VERDE,-117.83973345387096,34.06876689034173,210000.0,12700,216000,Ahead,Interstate,True,92.95059258119132,521
10968,7,10,,LA,,40.84,,E/O VIA VERDE DR; W/O KELLOGG,-117.8333882514723,34.0669345522084,210000.0,12700,216000,Ahead,Interstate,True,92.95059258119132,521
11561,7,210,,LA,R,30.816,,"ARCADIA, BALDWIN AVENUE",-118.05043088639476,34.14868714068289,210000.0,14200,226000,Ahead,Interstate,True,92.95059258119132,521
12072,7,5,,LA,,23.655,,"LOS ANGELES, GLENDALE BOULEVARD",-118.26553017699848,34.112214139982356,210000.0,13700,220000,Ahead,Interstate,True,92.95059258119132,521
12082,7,5,,LA,,28.426,,"BURBANK, ALAMEDA AVENUE",-118.30408218051035,34.17023853972909,210000.0,13700,220000,Ahead,Interstate,True,92.95059258119132,521
11072,7,110,,LA,,8.028,,"CARSON, TORRANCE/DEL AMO BOULEVARDS",-118.28495924000072,33.846077666635004,209000.0,12500,224000,Back,Interstate,True,92.78513159919963,531
12362,7,91,,LA,R,10.271,,"COMPTON, ALAMEDA STREET",-118.21684033965396,33.87337338441706,209000.0,14200,225000,Back,State,True,92.78513159919963,531
12364,7,91,,LA,R,10.41,,"COMPTON, ALAMEDA STREET/SANTA FE AVENUE",-118.21437611709916,33.87337309726652,209000.0,14200,225000,Back,State,True,92.78513159919963,531
11070,7,110,,LA,,7.016,,"CARSON, CARSON STREET",-118.28724416601133,33.83159831143443,209000.0,12500,224000,Ahead,Interstate,True,92.78513159919963,531
12362,7,91,,LA,R,10.271,,"COMPTON, ALAMEDA STREET",-118.21684033965396,33.87337338441706,209000.0,14200,225000,Ahead,State,True,92.78513159919963,531
12402,7,91,,LA,R,9.162,,"COMPTON, WILMINGTON AVENUE",-118.23605418338212,33.87360477893473,209000.0,14200,225000,Ahead,State,True,92.78513159919963,531
10706,7,101,,LA,,5.554,,"LOS ANGELES, JCT. RTE. 2 WEST",-118.30638162778749,34.09079962813421,208000.0,14700,227000,Back,US,True,92.68508542404187,537
10964,7,10,,LA,,38.969,,"WEST COVINA, HOLT AVENUE",-117.86495456726263,34.07040537055003,208000.0,12600,214000,Back,Interstate,True,92.68508542404187,537
10704,7,101,,LA,,4.851,,"LOS ANGELES, MELROSE AVENUE",-118.29815242647268,34.08336911237088,208000.0,14700,227000,Ahead,US,True,92.68508542404187,537
10962,7,10,,LA,,38.509,,"WEST COVINA, GRAND AVENUE",-117.87253271277865,34.07170963494751,208000.0,12600,214000,Ahead,Interstate,True,92.68508542404187,537
10800,7,105,,LA,R,14.65,,"SOUTHGATE, PARAMOUNT BOULEVARD",-118.15995767827205,33.91178739174588,207000.0,12800,214000,Back,Interstate,True,92.5465599507465,541
12190,7,60,,LA,R,1.936,,"LOS ANGELES, INDIANA STREET",-118.19235908591682,34.0311683333027,207000.0,12600,216000,Back,State,True,92.5465599507465,541
12212,7,60,,LA,R,30.456,,LOS ANGELES/SAN BERNARDINO COUNTY LINE,-117.72948681770201,34.024990955477094,207000.0,12600,216000,Back,State,True,92.5465599507465,541
10798,7,105,,LA,R,13.471,,"LYNWOOD, JCT. RTE. 710",-118.18004291747019,33.91264224173092,207000.0,12800,214000,Ahead,Interstate,True,92.5465599507465,541
12188,7,60,,LA,R,1.475,,"LOS ANGELES, LORENA STREET",-118.20003136678976,34.02928888844091,207000.0,12600,216000,Ahead,State,True,92.5465599507465,541
12210,7,60,,LA,R,30.328,,"POMONA, RESERVOIR STREET",-117.73171476357415,34.02490548402911,207000.0,12600,216000,Ahead,State,True,92.5465599507465,541
12040,7,5,,LA,,10.876,,"COMMERCE, GARFIELD AVENUE",-118.13732977652683,33.98748538828882,206000.0,13400,216000,Back,Interstate,True,92.4003386178236,547
12066,7,5,,LA,,20.444,,"LOS ANGELES, JCT. RTE. 110",-118.2237506452484,34.0818486023935,206000.0,13400,216000,Back,Interstate,True,92.4003386178236,547
12220,7,60,,LA,R,8.548,,"ROSEMEAD, SAN GABRIEL BOULEVARD",-118.08066068601045,34.039389092835485,206000.0,12600,215000,Back,State,True,92.4003386178236,547
12296,7,710,,LA,,22.452,,"COMMERCE, WASHINGTON BOULEVARD",-118.17289395555592,34.00458426699874,206000.0,13200,227000,Back,Interstate,True,92.4003386178236,547
12064,7,5,,LA,,19.725,,"LOS ANGELES, NORTH BROADWAY",-118.2191696029137,34.07306105570663,206000.0,13400,216000,Ahead,Interstate,True,92.4003386178236,547
12128,7,5,,LA,,9.698,,"COMMERCE, SLAUSON AVENUE",-118.12416251004406,33.97438047039627,206000.0,13400,216000,Ahead,Interstate,True,92.4003386178236,547
12218,7,60,,LA,R,7.774,,"MONTEBELLO, PARAMOUNT BOULEVARD",-118.09282984426248,34.035933081659344,206000.0,12600,215000,Ahead,State,True,92.4003386178236,547
12294,7,710,,LA,,21.915,,"BELL, ATLANTIC BOULEVARD",-118.17665355054702,33.997565726043504,206000.0,13200,227000,Ahead,Interstate,True,92.4003386178236,547
12042,7,5,,LA,,11.554,,"COMMERCE, WASHINGTON BOULEVARD",-118.14465354700215,33.995054209214445,205000.0,13300,215000,Back,Interstate,True,92.23487763583192,555
12040,7,5,,LA,,10.876,,"COMMERCE, GARFIELD AVENUE",-118.13732977652683,33.98748538828882,205000.0,13300,215000,Ahead,Interstate,True,92.23487763583192,555
11957,7,57,,LA,R,1.937,,"DIAMOND BAR, DIAMOND BAR BOULEVARD",-117.84888355950604,33.968322018484926,204000.0,15300,223000,Back,State,True,92.05402493458519,557
12158,7,605,,LA,R,3.753,,"CERRITOS, SOUTH STREET",-118.09603131057769,33.85838269305942,204000.0,13100,211000,Back,Interstate,True,92.05402493458519,557
11953,7,57,,LA,R,0.912,,"DIAMOND BAR, BREA CANYON ROAD",-117.86002494356342,33.95758636028436,204000.0,15300,223000,Ahead,State,True,92.05402493458519,557
12154,7,605,,LA,R,2.866,,"CERRITOS, DEL AMO BOULEVARD",-118.0922540897424,33.845926609873935,204000.0,13100,211000,Ahead,Interstate,True,92.05402493458519,557
11100,7,118,,LA,R,7.8,,"LOS ANGELES, BALBOA BOULEVARD",-118.50216020299203,34.27798941047058,203000.0,16600,217000,Back,State,True,91.9385870401724,561
10628,7,101,,LA,,0.865,,"LOS ANGELES, LOS ANGELES STREET",-118.23930869611316,34.055109952315036,203000.0,14400,223000,Ahead,US,True,91.9385870401724,561
11098,7,118,,LA,R,6.8,,"LOS ANGELES, WHITE OAK AVENUE",-118.51968761787772,34.27796549607357,203000.0,16600,217000,Ahead,State,True,91.9385870401724,561
10634,7,101,,LA,,1.569,,"LOS ANGELES, JCT. RTE. 110",-118.248717220106,34.06270548293521,202000.0,14400,221000,Back,US,True,91.71155918116054,564
10710,7,101,,LA,,6.38,,"LOS ANGELES, SUNSET/HOLLYWOOD BOULEVARDS",-118.31543343437428,34.099854067511245,202000.0,14400,221000,Back,US,True,91.71155918116054,564
12086,7,5,,LA,,29.777,,"BURBANK, BURBANK BOULEVARD",-118.31763220745755,34.18561088431926,202000.0,13100,212000,Back,Interstate,True,91.71155918116054,564
12292,7,710,,LA,,19.73,,"BELL, FLORENCE AVENUE",-118.16763824251025,33.96820711627396,202000.0,12900,223000,Back,Interstate,True,91.71155918116054,564
12402,7,91,,LA,R,9.162,,"COMPTON, WILMINGTON AVENUE",-118.23605418338212,33.87360477893473,202000.0,13700,217000,Back,State,True,91.71155918116054,564
10632,7,101,,LA,,1.007,,"LOS ANGELES, SPRING STREET",-118.24128891627434,34.05634665240033,202000.0,14400,221000,Ahead,US,True,91.71155918116054,564
10708,7,101,,LA,,5.812,,"LOS ANGELES, WESTERN AVENUE",-118.30922078827726,34.09382089283319,202000.0,14400,221000,Ahead,US,True,91.71155918116054,564
12084,7,5,,LA,,29.16,,"BURBANK, OLIVE AVENUE",-118.31092229624007,34.17887502993053,202000.0,13100,212000,Ahead,Interstate,True,91.71155918116054,564
12290,7,710,,LA,,18.44,,"SOUTH GATE, FIRESTONE BOULEVARD",-118.17030773280239,33.94975281348704,202000.0,12900,223000,Ahead,Interstate,True,91.71155918116054,564
12400,7,91,,LA,R,8.435,,"COMPTON, CENTRAL AVENUE",-118.24869335815708,33.873300758428236,202000.0,13700,217000,Ahead,State,True,91.71155918116054,564
11192,7,134,,LA,R,12.965,,"PASADENA, ORANGE GROVE BOULEVARD",-118.16110147078398,34.146704246356094,201000.0,12700,213000,Back,State,True,91.59996921656149,574
11194,7,134,,LA,R,13.341,,"PASADENA, JCT. RTES. 210/710",-118.15553238045143,34.149520388191924,201000.0,12700,213000,Back,State,True,91.59996921656149,574
12188,7,60,,LA,R,1.475,,"LOS ANGELES, LORENA STREET",-118.20003136678976,34.02928888844091,201000.0,12300,209000,Back,State,True,91.59996921656149,574
11190,7,134,,LA,R,12.36,,"PASADENA, SAN RAFAEL AVENUE",-118.17064023522165,34.143288020381796,201000.0,12700,213000,Ahead,State,True,91.59996921656149,574
11192,7,134,,LA,R,12.965,,"PASADENA, ORANGE GROVE BOULEVARD",-118.16110147078398,34.146704246356094,201000.0,12700,213000,Ahead,State,True,91.59996921656149,574
12186,7,60,,LA,R,0.545,,"LOS ANGELES, JCT. RTE. 5",-118.21607666566125,34.02905248511184,201000.0,12300,209000,Ahead,State,True,91.59996921656149,574
10628,7,101,,LA,,0.865,,"LOS ANGELES, LOS ANGELES STREET",-118.23930869611316,34.055109952315036,200000.0,14200,219000,Back,US,True,91.511466830845,580
11219,7,134,,LA,,4.811,,"LOS ANGELES, VICTORY BOULEVARD/RIVERSIDE DRIVE",-118.29393903763433,34.155247937509905,200000.0,12600,212000,Ahead,State,True,91.511466830845,580
11217,7,134,,LA,,3.811,,"LOS ANGELES, FOREST LAWN DRIVE",-118.31105072298634,34.154817639251334,199000.0,12500,211000,Back,State,True,91.41911651531476,582
12300,7,710,,LA,,23.77,,WHITTIER BOULEVARD,-118.17249091292896,34.023494141804534,199000.0,12700,219000,Back,Interstate,True,91.41911651531476,582
11215,7,134,,LA,,2.896,,"BURBANK, RIVERSIDE DRIVE",-118.32673643433442,34.15344718574793,199000.0,12500,211000,Ahead,State,True,91.41911651531476,582
12298,7,710,,LA,,23.282,,"COMMERCE, JCT. RTE. 5",-118.17247028401677,34.016132120351216,199000.0,12700,219000,Ahead,Interstate,True,91.41911651531476,582
10934,7,10,,LA,,27.963,,"EL MONTE, TEMPLE CITY BOULEVARD/BALDWIN AVENUE",-118.05372407070047,34.0722674007195,198000.0,12000,203000,Back,Interstate,True,91.29983069108819,586
11102,7,118,,LA,R,8.343,,"LOS ANGELES, HAYVENHURST AVENUE",-118.4935832045419,34.27483795511167,198000.0,16300,212000,Back,State,True,91.29983069108819,586
11213,7,134,,LA,,2.106,,"BURBANK, HOLLYWOOD WAY",-118.34004198747203,34.15353111359558,198000.0,12500,210000,Back,State,True,91.29983069108819,586
10932,7,10,,LA,,26.857,,"EL MONTE, JCT. RTE. 164",-118.07303785020736,34.07206730525047,198000.0,12000,203000,Ahead,Interstate,True,91.29983069108819,586
11100,7,118,,LA,R,7.8,,"LOS ANGELES, BALBOA BOULEVARD",-118.50216020299203,34.27798941047058,198000.0,16300,212000,Ahead,State,True,91.29983069108819,586
11209,7,134,,LA,,0.857,,"LOS ANGELES, CAHUENGA BOULEVARD",-118.36170409069238,34.15313157632957,198000.0,12500,210000,Ahead,State,True,91.29983069108819,586
10922,7,10,,LA,,23.985,,"ALHAMBRA, GARFIELD AVENUE",-118.12306455137455,34.07145343302318,197000.0,11900,202000,Back,Interstate,True,91.06510697244882,592
11953,7,57,,LA,R,0.912,,"DIAMOND BAR, BREA CANYON ROAD",-117.86002494356342,33.95758636028436,197000.0,14700,215000,Back,State,True,91.06510697244882,592
12294,7,710,,LA,,21.915,,"BELL, ATLANTIC BOULEVARD",-118.17665355054702,33.997565726043504,197000.0,12600,217000,Back,Interstate,True,91.06510697244882,592
12400,7,91,,LA,R,8.435,,"COMPTON, CENTRAL AVENUE",-118.24869335815708,33.873300758428236,197000.0,13400,212000,Back,State,True,91.06510697244882,592
10920,7,10,,LA,,23.326,,"ALHAMBRA, ATLANTIC BOULEVARD",-118.13456966688375,34.07130541525944,197000.0,11900,202000,Ahead,Interstate,True,91.06510697244882,592
11955,7,57,,LA,R,0,,ORANGE/LOS ANGELES COUNTY LINE,-117.86830346148899,33.94602140131916,197000.0,14700,215000,Ahead,State,True,91.06510697244882,592
12292,7,710,,LA,,19.73,,"BELL, FLORENCE AVENUE",-118.16763824251025,33.96820711627396,197000.0,12600,217000,Ahead,Interstate,True,91.06510697244882,592
12398,7,91,,LA,R,7.426,,"CARSON, AVALON BOULEVARD",-118.26621159495558,33.87317548900607,197000.0,13400,212000,Ahead,State,True,91.06510697244882,592
10624,7,101,,LA,,0.387,,"LOS ANGELES, VIGNES STREET",-118.23243298194534,34.05363692021353,196000.0,13900,214000,Back,US,True,90.96890872710482,600
10918,7,10,,LA,,22.312,,"ALHAMBRA, FREMONT AVENUE",-118.15107149856576,34.068250656443894,196000.0,11900,201000,Back,Interstate,True,90.96890872710482,600
10630,7,101,,LA,,0,,"LOS ANGELES, JCT. RTE. 10",-118.22658790041143,34.0527900344348,196000.0,13900,214000,Ahead,US,True,90.96890872710482,600
10916,7,10,,LA,,21.382,,"MONTEREY PARK, JCT. RTE. 710",-118.16516331203725,34.06112329924666,196000.0,11900,201000,Ahead,Interstate,True,90.96890872710482,600
10946,7,10,,LA,,32.218,,"BALDWIN PARK, BALDWIN PARK BOULEVARD",-117.98189655475497,34.06748146629815,195000.0,11800,200000,Back,Interstate,True,90.85731876250577,604
11215,7,134,,LA,,2.896,,"BURBANK, RIVERSIDE DRIVE",-118.32673643433442,34.15344718574793,195000.0,12300,207000,Back,State,True,90.85731876250577,604
10944,7,10,,LA,,31.54,,"BALDWIN PARK, BESS AVENUE/ FRAZIER STREET",-117.99346929993031,34.06587918423714,195000.0,11800,200000,Ahead,Interstate,True,90.85731876250577,604
11213,7,134,,LA,,2.106,,"BURBANK, HOLLYWOOD WAY",-118.34004198747203,34.15353111359558,195000.0,12300,207000,Ahead,State,True,90.85731876250577,604
10626,7,101,,LA,,0.82,,"LOS ANGELES, ALAMEDA/ LOS ANGELES STREETS",-118.23870531749975,34.054733128431984,194000.0,13800,212000,Back,US,True,90.72648914883793,608
10678,7,101,,LA,,27.364,,"LOS ANGELES, MULHOLLAND DRIVE",-118.63777990348129,34.15940829083974,194000.0,13800,212000,Back,US,True,90.72648914883793,608
10714,7,101,,LA,,7.459,,"LOS ANGELES, CAHUENGA BOULEVARD",-118.33049988130148,34.10787427885911,194000.0,13800,212000,Back,US,True,90.72648914883793,608
10956,7,10,,LA,,36.5,,"WEST COVINA, AZUSA AVENUE",-117.9075722397492,34.072053554194554,194000.0,11700,199000,Back,Interstate,True,90.72648914883793,608
12398,7,91,,LA,R,7.426,,"CARSON, AVALON BOULEVARD",-118.26621159495558,33.87317548900607,194000.0,13200,209000,Back,State,True,90.72648914883793,608
10624,7,101,,LA,,0.387,,"LOS ANGELES, VIGNES STREET",-118.23243298194534,34.05363692021353,194000.0,13800,212000,Ahead,US,True,90.72648914883793,608
10676,7,101,,LA,,26.86,,"LOS ANGELES, WOODLAKE AVENUE",-118.6304005353747,34.162119733517436,194000.0,13800,212000,Ahead,US,True,90.72648914883793,608
10712,7,101,,LA,,6.912,,"LOS ANGELES, GOWER STREET/ARGYLE AVENUE",-118.32220755716828,34.104404215958205,194000.0,13800,212000,Ahead,US,True,90.72648914883793,608
10954,7,10,,LA,,35.402,,"WEST COVINA, CALIFORNIA/VINCENT AVENUES",-117.92671426586534,34.07221157437817,194000.0,11700,199000,Ahead,Interstate,True,90.72648914883793,608
12396,7,91,,LA,R,6.344,,"LOS ANGELES, JCT. RTE. 110",-118.28499353049176,33.872681685260694,194000.0,13200,209000,Ahead,State,True,90.72648914883793,608
11998,7,5,,LA,R,49.03,,"SANTA CLARITA, CALGROVE BOULEVARD",-118.55496032234323,34.36216537271005,193000.0,12600,202000,Back,Interstate,True,90.6033553947976,618
11968,7,57,,LA,R,3.167,,"DIAMOND BAR, PATHFINDER ROAD",-117.84265442034038,33.98426337011913,193000.0,14500,212000,Ahead,State,True,90.6033553947976,618
11996,7,5,,LA,R,45.584,,JCT. RTE. 14,-118.50838835490916,34.33399985725544,193000.0,12600,202000,Ahead,Interstate,True,90.6033553947976,618
10912,7,10,,LA,,19.072,,"LOS ANGELES, SOTO STREET",-118.2024742920858,34.05446469165424,192000.0,11600,197000,Back,Interstate,True,90.43404648299214,621
12000,7,5,,LA,R,50.326,,"SANTA CLARITA, LYONS AVENUE",-118.56532979665339,34.378700147971934,192000.0,12500,201000,Back,Interstate,True,90.43404648299214,621
12094,7,5,,LA,,33.281,,"LOS ANGELES, ROSCOE BOULEVARD",-118.35970657886031,34.22155988868674,192000.0,12500,201000,Back,Interstate,True,90.43404648299214,621
10892,7,10,,LA,S,0.655,,"LOS ANGELES, JCT. RTE. 5",-118.21417713397553,34.05515491266373,192000.0,11600,197000,Ahead,Interstate,True,90.43404648299214,621
11998,7,5,,LA,R,49.03,,"SANTA CLARITA, CALGROVE BOULEVARD",-118.55496032234323,34.36216537271005,192000.0,12500,201000,Ahead,Interstate,True,90.43404648299214,621
12092,7,5,,LA,,32.35,,"LOS ANGELES, HOLLYWOOD WAY",-118.34835547232005,34.212178802864024,192000.0,12500,201000,Ahead,Interstate,True,90.43404648299214,621
10674,7,101,,LA,,25.755,,"LOS ANGELES, VENTURA BOULEVARD",-118.61258931753791,34.169148959533906,191000.0,13500,209000,Back,US,True,90.3224565183931,627
12088,7,5,,LA,,30.61,,"BURBANK, VICTORY BOULEVARD/LINCOLN STREET",-118.3289691906849,34.19316592734863,191000.0,12400,200000,Back,Interstate,True,90.3224565183931,627
10672,7,101,,LA,,25.337,,"LOS ANGELES, JCT. RTE. 27",-118.60564090001922,34.170794311444915,191000.0,13500,209000,Ahead,US,True,90.3224565183931,627
12086,7,5,,LA,,29.777,,"BURBANK, BURBANK BOULEVARD",-118.31763220745755,34.18561088431926,191000.0,12400,200000,Ahead,Interstate,True,90.3224565183931,627
11968,7,57,,LA,R,3.167,,"DIAMOND BAR, PATHFINDER ROAD",-117.84265442034038,33.98426337011913,190000.0,14300,208000,Back,State,True,90.18393104509774,631
12154,7,605,,LA,R,2.866,,"CERRITOS, DEL AMO BOULEVARD",-118.0922540897424,33.845926609873935,190000.0,12200,196000,Back,Interstate,True,90.18393104509774,631
11957,7,57,,LA,R,1.937,,"DIAMOND BAR, DIAMOND BAR BOULEVARD",-117.84888355950604,33.968322018484926,190000.0,14300,208000,Ahead,State,True,90.18393104509774,631
12134,7,605,,LA,R,1.74,,"LAKEWOOD, CARSON STREET",-118.08379546768715,33.83119290708191,190000.0,12200,196000,Ahead,Interstate,True,90.18393104509774,631
10676,7,101,,LA,,26.86,,"LOS ANGELES, WOODLAKE AVENUE",-118.6304005353747,34.162119733517436,189000.0,13400,206000,Back,US,True,90.08773279975372,635
12284,7,710,,LA,,12.97,,"LONG BEACH, JCT. RTE. 91",-118.19305810366696,33.87550258933386,189000.0,12100,209000,Back,Interstate,True,90.08773279975372,635
10674,7,101,,LA,,25.755,,"LOS ANGELES, VENTURA BOULEVARD",-118.61258931753791,34.169148959533906,189000.0,13400,206000,Ahead,US,True,90.08773279975372,635
12282,7,710,,LA,,12.012,,"LONG BEACH, LONG BEACH BOULEVARD",-118.19928724462922,33.86244096663983,189000.0,12100,209000,Ahead,Interstate,True,90.08773279975372,635
10880,7,10,,LA,R,4.51,,"LOS ANGELES, BUNDY DRIVE",-118.44948584149239,34.02811377035924,188000.0,11400,193000,Back,Interstate,True,89.98383869478221,639
11373,7,170,,LA,R,16.626,,"LOS ANGELES, OXNARD STREET/LAUREL CANYON BOULEVARD",-118.39492449058503,34.179171354658095,188000.0,12200,193000,Back,State,True,89.98383869478221,639
10878,7,10,,LA,R,4.242,,"SANTA MONICA, CENTINELA AVENUE/PICO BOULEVARD",-118.45427865716374,34.027674066400785,188000.0,11400,193000,Ahead,Interstate,True,89.98383869478221,639
11371,7,170,,LA,R,15.988,,"LOS ANGELES, BURBANK BOULEVARD",-118.38838531945864,34.171908479379105,188000.0,12200,193000,Ahead,State,True,89.98383869478221,639
10632,7,101,,LA,,1.007,,"LOS ANGELES, SPRING STREET",-118.24128891627434,34.05634665240033,187000.0,13200,204000,Back,US,True,89.7914422040942,643
11375,7,170,,LA,R,17.248,,"LOS ANGELES, VICTORY BOULEVARD",-118.40115757874467,34.186448719432285,187000.0,12200,192000,Back,State,True,89.7914422040942,643
10626,7,101,,LA,,0.82,,"LOS ANGELES, ALAMEDA/ LOS ANGELES STREETS",-118.23870531749975,34.054733128431984,187000.0,13200,204000,Ahead,US,True,89.7914422040942,643
11373,7,170,,LA,R,16.626,,"LOS ANGELES, OXNARD STREET/LAUREL CANYON BOULEVARD",-118.39492449058503,34.179171354658095,187000.0,12200,192000,Ahead,State,True,89.7914422040942,643
11188,7,134,,LA,R,11.439,,"LOS ANGELES, EAGLE ROCK/FIGUEROA STREETS",-118.1860009747275,34.142944098404726,186000.0,11700,197000,Back,State,True,89.61058950284747,647
11205,7,134,,LA,R,8.963,,"GLENDALE, JCT. RTE. 2",-118.22634442193515,34.146717838080036,186000.0,11700,197000,Ahead,State,True,89.61058950284747,647
10948,7,10,,LA,,32.657,,"BALDWIN PARK, FRANCISQUITO AVENUE",-117.97415774555037,34.068458099600846,185000.0,11200,190000,Back,Interstate,True,89.33738648607049,649
11190,7,134,,LA,R,12.36,,"PASADENA, SAN RAFAEL AVENUE",-118.17064023522165,34.143288020381796,185000.0,11700,196000,Back,State,True,89.33738648607049,649
12174,7,605,,LA,,21.074,,"BALDWIN PARK, RAMONA BOULEVARD",-117.9979649771602,34.077458981759456,185000.0,11800,191000,Back,Interstate,True,89.33738648607049,649
10946,7,10,,LA,,32.218,,"BALDWIN PARK, BALDWIN PARK BOULEVARD",-117.98189655475497,34.06748146629815,185000.0,11200,190000,Ahead,Interstate,True,89.33738648607049,649
11034,7,110,,LA,,24.31,,"LOS ANGELES, HILL STREET/STADIUM WAY",-118.24014111727622,34.066816476392766,185000.0,11100,198000,Ahead,State,True,89.33738648607049,649
11188,7,134,,LA,R,11.439,,"LOS ANGELES, EAGLE ROCK/FIGUEROA STREETS",-118.1860009747275,34.142944098404726,185000.0,11700,196000,Ahead,State,True,89.33738648607049,649
12156,7,605,,LA,R,20.189,,"BALDWIN PARK, JCT. RTE. 10",-118.00005606919035,34.065077981613285,185000.0,11800,191000,Ahead,Interstate,True,89.33738648607049,649
11096,7,118,,LA,R,5.804,,"LOS ANGELES, RESEDA BOULEVARD",-118.53633039073628,34.2749819581869,184000.0,15100,197000,Back,State,True,89.06033553947977,656
11371,7,170,,LA,R,15.988,,"LOS ANGELES, BURBANK BOULEVARD",-118.38838531945864,34.171908479379105,184000.0,12000,189000,Back,State,True,89.06033553947977,656
12098,7,5,,LA,,34.275,,"LOS ANGELES, PENROSE STREET",-118.37538457278177,34.226161441555035,184000.0,12000,193000,Back,Interstate,True,89.06033553947977,656
12114,7,5,,LA,,39.98,,"LOS ANGELES, BRAND BOULEVARD",-118.44988115501464,34.273836862989874,184000.0,12000,193000,Back,Interstate,True,89.06033553947977,656
11369,7,170,,LA,R,15.367,,"LOS ANGELES, MAGNOLIA BOULEVARD",-118.38246605864184,34.16466557858469,184000.0,12000,189000,Ahead,State,True,89.06033553947977,656
12096,7,5,,LA,,33.678,,"LOS ANGELES, SUNLAND BOULEVARD",-118.3665760874661,34.222116617652965,184000.0,12000,193000,Ahead,Interstate,True,89.06033553947977,656
12112,7,5,,LA,,39.361,,"LOS ANGELES, JCT. RTE. 118",-118.44335632010186,34.26671545978024,184000.0,12000,193000,Ahead,Interstate,True,89.06033553947977,656
11040,7,110,,LA,,25.751,,"LOS ANGELES, JCT. RTE. 5",-118.22369783598779,34.0818668338274,183000.0,11000,196000,Back,State,True,88.91026627674312,663
10708,7,101,,LA,,5.812,,"LOS ANGELES, WESTERN AVENUE",-118.30922078827726,34.09382089283319,182000.0,12900,199000,Back,US,True,88.64860704940742,664
10712,7,101,,LA,,6.912,,"LOS ANGELES, GOWER STREET/ARGYLE AVENUE",-118.32220755716828,34.104404215958205,182000.0,12900,199000,Back,US,True,88.64860704940742,664
10878,7,10,,LA,R,4.242,,"SANTA MONICA, CENTINELA AVENUE/PICO BOULEVARD",-118.45427865716374,34.027674066400785,182000.0,11000,187000,Back,Interstate,True,88.64860704940742,664
12092,7,5,,LA,,32.35,,"LOS ANGELES, HOLLYWOOD WAY",-118.34835547232005,34.212178802864024,182000.0,11800,191000,Back,Interstate,True,88.64860704940742,664
12104,7,5,,LA,,36.358,,"LOS ANGELES, JCT. RTE. 170",-118.40973076743964,34.233358309734584,182000.0,11800,191000,Back,Interstate,True,88.64860704940742,664
10706,7,101,,LA,,5.554,,"LOS ANGELES, JCT. RTE. 2 WEST",-118.30638162778749,34.09079962813421,182000.0,12900,199000,Ahead,US,True,88.64860704940742,664
10710,7,101,,LA,,6.38,,"LOS ANGELES, SUNSET/HOLLYWOOD BOULEVARDS",-118.31543343437428,34.099854067511245,182000.0,12900,199000,Ahead,US,True,88.64860704940742,664
10876,7,10,,LA,R,3.21,,"SANTA MONICA, CLOVERFIELD BOULEVARD",-118.47137229985324,34.02387936205502,182000.0,11000,187000,Ahead,Interstate,True,88.64860704940742,664
12090,7,5,,LA,,31.234,,"BURBANK, BUENA VISTA STREET",-118.33760296445759,34.19880703971854,182000.0,11800,191000,Ahead,Interstate,True,88.64860704940742,664
12102,7,5,,LA,,35.942,,"LOS ANGELES, SHELDON STREET/LAUREL CANYON BOULEVARD",-118.40328339425383,34.231574448315904,182000.0,11800,191000,Ahead,Interstate,True,88.64860704940742,664
10924,7,10,,LA,,24.831,,"MONTEREY PARK, NEW AVENUE",-118.10834672803271,34.07165871563292,181000.0,11000,186000,Back,Interstate,True,88.4369709096506,674
10954,7,10,,LA,,35.402,,"WEST COVINA, CALIFORNIA/VINCENT AVENUES",-117.92671426586534,34.07221157437817,181000.0,11000,186000,Back,Interstate,True,88.4369709096506,674
11377,7,170,,LA,R,18.274,,"LOS ANGELES, SHERMAN WAY",-118.40351381661577,34.20121573089574,181000.0,11800,186000,Back,State,True,88.4369709096506,674
12096,7,5,,LA,,33.678,,"LOS ANGELES, SUNLAND BOULEVARD",-118.3665760874661,34.222116617652965,181000.0,11800,190000,Back,Interstate,True,88.4369709096506,674
12100,7,5,,LA,,34.989,,"LOS ANGELES, LANKERSHIM BOULEVARD",-118.3877694731274,34.226743816007286,181000.0,11800,190000,Back,Interstate,True,88.4369709096506,674
12102,7,5,,LA,,35.942,,"LOS ANGELES, SHELDON STREET/LAUREL CANYON BOULEVARD",-118.40328339425383,34.231574448315904,181000.0,11800,190000,Back,Interstate,True,88.4369709096506,674
12302,7,710,,LA,,24.627,,JCT. RTE. 60,-118.1699088484769,34.035599812980315,181000.0,11600,200000,Back,Interstate,True,88.4369709096506,674
10922,7,10,,LA,,23.985,,"ALHAMBRA, GARFIELD AVENUE",-118.12306455137455,34.07145343302318,181000.0,11000,186000,Ahead,Interstate,True,88.4369709096506,674
10952,7,10,,LA,,34.457,,"WEST COVINA, ORANGE/ PACIFIC AVENUES",-117.94302998099356,34.072069332191624,181000.0,11000,186000,Ahead,Interstate,True,88.4369709096506,674
11375,7,170,,LA,R,17.248,,"LOS ANGELES, VICTORY BOULEVARD",-118.40115757874467,34.186448719432285,181000.0,11800,186000,Ahead,State,True,88.4369709096506,674
12094,7,5,,LA,,33.281,,"LOS ANGELES, ROSCOE BOULEVARD",-118.35970657886031,34.22155988868674,181000.0,11800,190000,Ahead,Interstate,True,88.4369709096506,674
12098,7,5,,LA,,34.275,,"LOS ANGELES, PENROSE STREET",-118.37538457278177,34.226161441555035,181000.0,11800,190000,Ahead,Interstate,True,88.4369709096506,674
12100,7,5,,LA,,34.989,,"LOS ANGELES, LANKERSHIM BOULEVARD",-118.3877694731274,34.226743816007286,181000.0,11800,190000,Ahead,Interstate,True,88.4369709096506,674
12300,7,710,,LA,,23.77,,WHITTIER BOULEVARD,-118.17249091292896,34.023494141804534,181000.0,11600,200000,Ahead,Interstate,True,88.4369709096506,674
10680,7,101,,LA,,28.287,,"CALABASAS, PARKWAY CALABASAS",-118.65214451015173,34.15345117700407,180000.0,12800,197000,Back,US,True,88.08680929659843,688
10766,7,101,,VEN,,3.107,,"THOUSAND OAKS, JCT. RTE. 23 NORTH",-118.85985855587028,34.17623212202679,180000.0,12800,197000,Back,US,True,88.08680929659843,688
11070,7,110,,LA,,7.016,,"CARSON, CARSON STREET",-118.28724416601133,33.83159831143443,180000.0,10800,193000,Back,Interstate,True,88.08680929659843,688
11098,7,118,,LA,R,6.8,,"LOS ANGELES, WHITE OAK AVENUE",-118.51968761787772,34.27796549607357,180000.0,14700,192000,Back,State,True,88.08680929659843,688
11209,7,134,,LA,,0.857,,"LOS ANGELES, CAHUENGA BOULEVARD",-118.36170409069238,34.15313157632957,180000.0,11300,191000,Back,State,True,88.08680929659843,688
11369,7,170,,LA,R,15.367,,"LOS ANGELES, MAGNOLIA BOULEVARD",-118.38246605864184,34.16466557858469,180000.0,11700,185000,Back,State,True,88.08680929659843,688
12002,7,5,,LA,R,51.442,,"SANTA CLARITA, MC BEAN PARKWAY",-118.57107780533936,34.394141839301255,180000.0,11700,189000,Back,Interstate,True,88.08680929659843,688
12090,7,5,,LA,,31.234,,"BURBANK, BUENA VISTA STREET",-118.33760296445759,34.19880703971854,180000.0,11700,189000,Back,Interstate,True,88.08680929659843,688
12122,7,5,,LA,,6.848,,"SANTA FE SPRINGS, JCT. RTE. 605",-118.09660916535893,33.941286825067635,180000.0,11700,189000,Back,Interstate,True,88.08680929659843,688
12282,7,710,,LA,,12.012,,"LONG BEACH, LONG BEACH BOULEVARD",-118.19928724462922,33.86244096663983,180000.0,11500,199000,Back,Interstate,True,88.08680929659843,688
10678,7,101,,LA,,27.364,,"LOS ANGELES, MULHOLLAND DRIVE",-118.63777990348129,34.15940829083974,180000.0,12800,197000,Ahead,US,True,88.08680929659843,688
10734,7,101,,VEN,,1.622,,"THOUSAND OAKS, HAMPSHIRE ROAD",-118.83750518646241,34.165997206227814,180000.0,12800,197000,Ahead,US,True,88.08680929659843,688
11068,7,110,,LA,,5.451,,"CARSON, SEPULVEDA BOULEVARD",-118.28753852596363,33.80888093714092,180000.0,10800,193000,Ahead,Interstate,True,88.08680929659843,688
11096,7,118,,LA,R,5.804,,"LOS ANGELES, RESEDA BOULEVARD",-118.53633039073628,34.2749819581869,180000.0,14700,192000,Ahead,State,True,88.08680929659843,688
11207,7,134,,LA,,0.509,,"LOS ANGELES, LANKERSHIM BOULEVARD",-118.36742212349564,34.153037862063535,180000.0,11300,191000,Ahead,State,True,88.08680929659843,688
11367,7,170,,LA,R,14.78,,"LOS ANGELES, RIVERSIDE DRIVE",-118.37899850055972,34.15680548046944,180000.0,11700,185000,Ahead,State,True,88.08680929659843,688
12000,7,5,,LA,R,50.326,,"SANTA CLARITA, LYONS AVENUE",-118.56532979665339,34.378700147971934,180000.0,11700,189000,Ahead,Interstate,True,88.08680929659843,688
12088,7,5,,LA,,30.61,,"BURBANK, VICTORY BOULEVARD/LINCOLN STREET",-118.3289691906849,34.19316592734863,180000.0,11700,189000,Ahead,Interstate,True,88.08680929659843,688
12280,7,710,,LA,,10.823,,"LONG BEACH, DEL AMO BOULEVARD",-118.20542475473755,33.846513518051864,180000.0,11500,199000,Ahead,Interstate,True,88.08680929659843,688
10772,7,101,,VEN,,4.06,,"THOUSAND OAKS, MOORPARK ROAD",-118.87623446171578,34.17742773220107,179000.0,12700,196000,Back,US,True,87.80206249038017,707
12176,7,605,,LA,,22.153,,"IRWINDALE, LOWER AZUSA ROAD/LOS ANGELES STREET",-117.99173252321113,34.09156957140793,179000.0,11500,185000,Back,Interstate,True,87.80206249038017,707
10766,7,101,,VEN,,3.107,,"THOUSAND OAKS, JCT. RTE. 23 NORTH",-118.85985855587028,34.17623212202679,179000.0,12700,196000,Ahead,US,True,87.80206249038017,707
11591,7,210,,LA,R,44.377,,"GLENDORA, JCT RTE 57",-117.82602700687657,34.12067414062153,179000.0,12200,193000,Ahead,State,True,87.80206249038017,707
12174,7,605,,LA,,21.074,,"BALDWIN PARK, RAMONA BOULEVARD",-117.9979649771602,34.077458981759456,179000.0,11500,185000,Ahead,Interstate,True,87.80206249038017,707
12116,7,5,,LA,,40.241,,"LOS ANGELES, SAN FERNANDO MISSION BOULEVARD",-118.45280007152857,34.27674187183767,178000.0,11600,187000,Back,Interstate,True,87.64044943820225,712
12114,7,5,,LA,,39.98,,"LOS ANGELES, BRAND BOULEVARD",-118.44988115501464,34.273836862989874,178000.0,11600,187000,Ahead,Interstate,True,87.64044943820225,712
12134,7,605,,LA,R,1.74,,"LAKEWOOD, CARSON STREET",-118.08379546768715,33.83119290708191,176000.0,11300,182000,Back,Interstate,True,87.33261505310143,714
12130,7,605,,LA,R,0.287,,"LONG BEACH, SPRING STREET",-118.08133589301565,33.810395165816814,176000.0,11300,182000,Ahead,Interstate,True,87.33261505310143,714
12314,7,710,,LA,,9.41,,"LONG BEACH, JCT. RTE. 405",-118.20738494695948,33.82648736703985,176000.0,11300,194000,Ahead,Interstate,True,87.33261505310143,714
11595,7,210,,LA,R,46.628,,"LA VERNE, JCT. RTE. 66",-117.7871461490038,34.12000778289426,175000.0,11900,189000,Back,State,True,87.14791442204094,717
12118,7,5,,LA,,41.597,,"LOS ANGELES, JCT. RTE. 405",-118.46800762941388,34.291604303233406,175000.0,11400,183000,Back,Interstate,True,87.14791442204094,717
11593,7,210,,LA,R,45.456,,"SAN DIMAS, SAN DIMAS AVENUE",-117.80743894125342,34.119705735366004,175000.0,11900,189000,Ahead,State,True,87.14791442204094,717
12116,7,5,,LA,,40.241,,"LOS ANGELES, SAN FERNANDO MISSION BOULEVARD",-118.45280007152857,34.27674187183767,175000.0,11400,183000,Ahead,Interstate,True,87.14791442204094,717
10774,7,101,,VEN,,5.046,,"THOUSAND OAKS, LYNN ROAD",-118.89155401346585,34.18364499332079,174000.0,12300,190000,Back,US,True,86.94782207172541,721
11205,7,134,,LA,R,8.963,,"GLENDALE, JCT. RTE. 2",-118.22634442193515,34.146717838080036,174000.0,11000,184000,Back,State,True,86.94782207172541,721
11207,7,134,,LA,,0.509,,"LOS ANGELES, LANKERSHIM BOULEVARD",-118.36742212349564,34.153037862063535,174000.0,11000,184000,Back,State,True,86.94782207172541,721
12280,7,710,,LA,,10.823,,"LONG BEACH, DEL AMO BOULEVARD",-118.20542475473755,33.846513518051864,174000.0,11100,192000,Back,Interstate,True,86.94782207172541,721
100,7,134,,LA,R,8.256,,"GLENDALE, VERDUGO ROAD UNDERCROSSING",-118.23673783095774,34.15233974352332,174000.0,11000,184000,Ahead,State,True,86.94782207172541,721
10772,7,101,,VEN,,4.06,,"THOUSAND OAKS, MOORPARK ROAD",-118.87623446171578,34.17742773220107,174000.0,12300,190000,Ahead,US,True,86.94782207172541,721
11211,7,134,,LA,,0,,"LOS ANGELES, JCT. RTES. 101/170",-118.37653487358791,34.153164932317914,174000.0,11000,184000,Ahead,State,True,86.94782207172541,721
11034,7,110,,LA,,24.31,,"LOS ANGELES, HILL STREET/STADIUM WAY",-118.24014111727622,34.066816476392766,171000.0,10300,183000,Back,State,True,86.53224565183932,728
11271,7,14,,LA,R,27.048,,"SANTA CLARITA, SAN FERNANDO ROAD",-118.50344941837538,34.3651173705319,171000.0,13900,181000,Back,State,True,86.53224565183932,728
11032,7,110,,LA,,24.06,,"LOS ANGELES, FIGUEROA STREET/SUNSET BOULEVARD",-118.24391872079386,34.065073209276065,171000.0,10300,183000,Ahead,State,True,86.53224565183932,728
11269,7,14,,LA,R,24.788,,JCT. RTE. 5,-118.50739380670193,34.33359958010626,171000.0,13900,181000,Ahead,State,True,86.53224565183932,728
10686,7,101,,LA,,31.058,,"CALABASAS, LAS VIRGENES CANYON ROAD",-118.69793453006358,34.14855185248338,170000.0,12000,186000,Back,US,True,86.37063259966138,732
12004,7,5,,LA,R,52.465,,"SANTA CLARITA, VALENCIA BOULEVARD",-118.57617654856894,34.408314118879716,170000.0,11100,178000,Back,Interstate,True,86.37063259966138,732
10680,7,101,,LA,,28.287,,"CALABASAS, PARKWAY CALABASAS",-118.65214451015173,34.15345117700407,170000.0,12000,186000,Ahead,US,True,86.37063259966138,732
12002,7,5,,LA,R,51.442,,"SANTA CLARITA, MC BEAN PARKWAY",-118.57107780533936,34.394141839301255,170000.0,11100,178000,Ahead,Interstate,True,86.37063259966138,732
10952,7,10,,LA,,34.457,,"WEST COVINA, ORANGE/ PACIFIC AVENUES",-117.94302998099356,34.072069332191624,169000.0,10200,174000,Back,Interstate,True,86.1859319686009,736
11593,7,210,,LA,R,45.456,,"SAN DIMAS, SAN DIMAS AVENUE",-117.80743894125342,34.119705735366004,169000.0,11500,182000,Back,State,True,86.1859319686009,736
10950,7,10,,LA,,33.351,,"BALDWIN PARK, PUENTE AVENUE",-117.96239761989159,34.07000835518884,169000.0,10200,174000,Ahead,Interstate,True,86.1859319686009,736
10776,7,101,,VEN,,6.186,,"THOUSAND OAKS, VENTU PARK ROAD",-118.91119098345575,34.18446761779899,168000.0,11900,183000,Back,US,True,86.02816684623672,739
11529,7,210,,LA,R,18.872,,"LA CANADA-FLINTRIDGE, WEST JCT. RTE. 2",-118.21774952365469,34.20755974546508,168000.0,11400,181000,Back,Interstate,True,86.02816684623672,739
11605,7,210,,LA,R,52.15,,LOS ANGELES/SAN BERNARDINO COUNTY LINE,-117.69251069545541,34.124205025265915,168000.0,11400,181000,Back,State,True,86.02816684623672,739
10774,7,101,,VEN,,5.046,,"THOUSAND OAKS, LYNN ROAD",-118.89155401346585,34.18364499332079,168000.0,11900,183000,Ahead,US,True,86.02816684623672,739
11527,7,210,,LA,R,17.383,,LA CRESCENTA AVENUE,-118.23993908796548,34.218460700277234,168000.0,11400,181000,Ahead,Interstate,True,86.02816684623672,739
10950,7,10,,LA,,33.351,,"BALDWIN PARK, PUENTE AVENUE",-117.96239761989159,34.07000835518884,167000.0,10100,172000,Back,Interstate,True,85.80883484685239,744
12186,7,60,,LA,R,0.545,,"LOS ANGELES, JCT. RTE. 5",-118.21607666566125,34.02905248511184,167000.0,10200,174000,Back,State,True,85.80883484685239,744
10948,7,10,,LA,,32.657,,"BALDWIN PARK, FRANCISQUITO AVENUE",-117.97415774555037,34.068458099600846,167000.0,10100,172000,Ahead,Interstate,True,85.80883484685239,744
12222,7,60,,LA,,0,,"LOS ANGELES, JCT. RTE. 10",-118.22421306471898,34.029268455433794,167000.0,10200,174000,Ahead,State,True,85.80883484685239,744
11367,7,170,,LA,R,14.78,,"LOS ANGELES, RIVERSIDE DRIVE",-118.37899850055972,34.15680548046944,166000.0,10800,169000,Back,State,True,85.65876558411574,748
12178,7,605,,LA,,23.515,,"IRWINDALE, LIVE OAK AVENUE",-117.9813029057944,34.10833964840789,166000.0,10600,172000,Back,Interstate,True,85.65876558411574,748
11365,7,170,,LA,R,14.5,,"LOS ANGELES, JCT. RTES. 101/134",-118.37637531213221,34.153117193181714,166000.0,10800,169000,Ahead,State,True,85.65876558411574,748
12176,7,605,,LA,,22.153,,"IRWINDALE, LOWER AZUSA ROAD/LOS ANGELES STREET",-117.99173252321113,34.09156957140793,166000.0,10600,172000,Ahead,Interstate,True,85.65876558411574,748
10734,7,101,,VEN,,1.622,,"THOUSAND OAKS, HAMPSHIRE ROAD",-118.83750518646241,34.165997206227814,164000.0,11700,180000,Back,US,True,85.41249807603509,752
10730,7,101,,VEN,,0.701,,"THOUSAND OAKS, JCT. RTE. 23 SOUTH",-118.82503795911423,34.15771434266801,164000.0,11700,180000,Ahead,US,True,85.41249807603509,752
11032,7,110,,LA,,24.06,,"LOS ANGELES, FIGUEROA STREET/SUNSET BOULEVARD",-118.24391872079386,34.065073209276065,162000.0,9700,173000,Back,State,True,85.03924888410035,754
11030,7,110,,LA,,23.727,,"LOS ANGELES, JCT. RTE. 101L",-118.24871798996222,34.06262072670072,162000.0,9700,173000,Ahead,State,True,85.03924888410035,754
10810,7,105,,LA,R,2.106,,"LOS ANGELES, JCT. RTE. 405",-118.3685637492711,33.92989134015498,160000.0,9900,165000,Back,Interstate,True,84.75065414806834,756
12038,7,5,,LA,,1.21,,"SANTA FE SPRINGS, VALLEY VIEW AVENUE",-118.02890515551938,33.88419777466709,160000.0,10400,168000,Back,Interstate,True,84.75065414806834,756
12130,7,605,,LA,R,0.287,,"LONG BEACH, SPRING STREET",-118.08133589301565,33.810395165816814,160000.0,10200,165000,Back,Interstate,True,84.75065414806834,756
12314,7,710,,LA,,9.41,,"LONG BEACH, JCT. RTE. 405",-118.20738494695948,33.82648736703985,160000.0,10200,176000,Back,Interstate,True,84.75065414806834,756
10794,7,105,,LA,R,1.244,,"LOS ANGELES, DOUGLAS STREET",-118.38328956941561,33.93103255170485,160000.0,9900,165000,Ahead,Interstate,True,84.75065414806834,756
11603,7,210,,LA,R,51.849,,"CLAREMONT, BASELINE ROAD",-117.69625350722208,34.12159463802994,160000.0,10900,173000,Ahead,State,True,84.75065414806834,756
12036,7,5,,LA,,0,,ORANGE/LOS ANGELES COUNTY LINE,-118.0114664205219,33.874873840791835,160000.0,10400,168000,Ahead,Interstate,True,84.75065414806834,756
12132,7,605,,LA,R,0,,ORANGE/LOS ANGELES COUNTY LINE,-118.08130272721534,33.80643443906152,160000.0,10200,165000,Ahead,Interstate,True,84.75065414806834,756
12312,7,710,,LA,,7.887,,"LONG BEACH, WILLOW STREET",-118.20736485523982,33.80439023194982,160000.0,10200,176000,Ahead,Interstate,True,84.75065414806834,756
11094,7,118,,LA,R,4.639,,"LOS ANGELES, TAMPA AVENUE",-118.55620270944915,34.27226759408836,159000.0,13000,170000,Ahead,State,True,84.56980144682161,765
11597,7,210,,LA,R,48.083,,"LA VERNE, FRUIT STREET",-117.76160939726573,34.11958857648019,158000.0,10800,171000,Back,State,True,84.44666769278129,766
11959,7,57,,LA,R,10.272,,"SAN DIMAS, COVINA AVENUE",-117.81921506051754,34.099249966542445,158000.0,11900,174000,Back,State,True,84.44666769278129,766
11976,7,57,,LA,R,8.711,,"POMONA, VIA VERDE/RAGING WATERS DRIVE",-117.81384485629057,34.07798340216106,158000.0,11900,174000,Back,State,True,84.44666769278129,766
11595,7,210,,LA,R,46.628,,"LA VERNE, JCT. RTE. 66",-117.7871461490038,34.12000778289426,158000.0,10800,171000,Ahead,State,True,84.44666769278129,766
11974,7,57,,LA,R,7.719,,"POMONA, JCT. RTES. 10/71",-117.8064724528224,34.06529931120019,158000.0,11900,174000,Ahead,State,True,84.44666769278129,766
11976,7,57,,LA,R,8.711,,"POMONA, VIA VERDE/RAGING WATERS DRIVE",-117.81384485629057,34.07798340216106,158000.0,11900,174000,Ahead,State,True,84.44666769278129,766
12038,7,5,,LA,,1.21,,"SANTA FE SPRINGS, VALLEY VIEW AVENUE",-118.02890515551938,33.88419777466709,158000.0,10300,166000,Ahead,Interstate,True,84.44666769278129,766
10692,7,101,,LA,,33.688,,"AGOURA HILLS, CHESEBRO/PALO COMADO CANYON ROADS",-118.7380603055964,34.14327042075595,156000.0,11100,171000,Back,US,True,84.0195474834539,773
10700,7,101,,LA,,38.19,,LOS ANGELES/VENTURA COUNTY LINE,-118.81457534118722,34.15245296383986,156000.0,11100,171000,Back,US,True,84.0195474834539,773
10730,7,101,,VEN,,0.701,,"THOUSAND OAKS, JCT. RTE. 23 SOUTH",-118.82503795911423,34.15771434266801,156000.0,11100,171000,Back,US,True,84.0195474834539,773
11273,7,14,,LA,R,28.08,,"SANTA CLARITA, PLACERITA CANYON ROAD",-118.49367251414915,34.37744507101858,156000.0,12700,165000,Back,State,True,84.0195474834539,773
10690,7,101,,LA,,32.79,,"AGOURA HILLS, LIBERTY CANYON ROAD",-118.72427873698639,34.13827726286701,156000.0,11100,171000,Ahead,US,True,84.0195474834539,773
10698,7,101,,LA,,37.536,,"WESTLAKE VILLAGE, LINDERO CANYON ROAD",-118.8040650505664,34.149181613053166,156000.0,11100,171000,Ahead,US,True,84.0195474834539,773
10732,7,101,,VEN,,0,,LOS ANGELES/VENTURA COUNTY LINE,-118.81457534118722,34.15245296383986,156000.0,11100,171000,Ahead,US,True,84.0195474834539,773
11271,7,14,,LA,R,27.048,,"SANTA CLARITA, SAN FERNANDO ROAD",-118.50344941837538,34.3651173705319,156000.0,12700,165000,Ahead,State,True,84.0195474834539,773
10690,7,101,,LA,,32.79,,"AGOURA HILLS, LIBERTY CANYON ROAD",-118.72427873698639,34.13827726286701,155000.0,11000,170000,Back,US,True,83.80021548406957,781
11379,7,170,,LA,R,19.721,,"LOS ANGELES, ROSCOE BOULEVARD",-118.40998121504592,34.221451867031604,155000.0,10000,158000,Back,State,True,83.80021548406957,781
10688,7,101,,LA,,31.917,,"CALABASAS, LOST HILLS ROAD",-118.70968552075422,34.140948498938535,155000.0,11000,170000,Ahead,US,True,83.80021548406957,781
11377,7,170,,LA,R,18.274,,"LOS ANGELES, SHERMAN WAY",-118.40351381661577,34.20121573089574,155000.0,10000,158000,Ahead,State,True,83.80021548406957,781
11921,7,405,,LA,,47.239,,"LOS ANGELES, SAN FERNANDO MISSION BOULEVARD",-118.47196379555207,34.271649466927975,154000.0,9500,159000,Back,Interstate,True,83.63860243189164,785
11919,7,405,,LA,,46.85,,"LOS ANGELES, JCT. RTE. 118",-118.4720529569373,34.26602086505848,154000.0,9500,159000,Ahead,Interstate,True,83.63860243189164,785
11092,7,118,,LA,R,3.864,,"LOS ANGELES, PORTER RANCH DRIVE/WINNETKA AVENUE",-118.56967940602142,34.27333861628691,153000.0,12500,163000,Ahead,State,True,83.50392488841003,787
10688,7,101,,LA,,31.917,,"CALABASAS, LOST HILLS ROAD",-118.70968552075422,34.140948498938535,151000.0,10700,165000,Back,US,True,83.0614129598276,788
10694,7,101,,LA,,35.035,,"AGOURA HILLS, KANAN ROAD",-118.76116323736218,34.14615594909473,151000.0,10700,165000,Back,US,True,83.0614129598276,788
11084,7,118,,LA,R,12.385,,"LOS ANGELES, SAN FERNANDO ROAD",-118.42899621219435,34.27220584979804,151000.0,12400,161000,Back,State,True,83.0614129598276,788
11599,7,210,,LA,R,49.533,,"CLAREMONT, TOWNE AVENUE",-117.7364774236997,34.120297894755204,151000.0,10300,163000,Back,State,True,83.0614129598276,788
11603,7,210,,LA,R,51.849,,"CLAREMONT, BASELINE ROAD",-117.69625350722208,34.12159463802994,151000.0,10300,163000,Back,State,True,83.0614129598276,788
10686,7,101,,LA,,31.058,,"CALABASAS, LAS VIRGENES CANYON ROAD",-118.69793453006358,34.14855185248338,151000.0,10700,165000,Ahead,US,True,83.0614129598276,788
10692,7,101,,LA,,33.688,,"AGOURA HILLS, CHESEBRO/PALO COMADO CANYON ROADS",-118.7380603055964,34.14327042075595,151000.0,10700,165000,Ahead,US,True,83.0614129598276,788
11597,7,210,,LA,R,48.083,,"LA VERNE, FRUIT STREET",-117.76160939726573,34.11958857648019,151000.0,10300,163000,Ahead,State,True,83.0614129598276,788
11599,7,210,,LA,R,49.533,,"CLAREMONT, TOWNE AVENUE",-117.7364774236997,34.120297894755204,151000.0,10300,163000,Ahead,State,True,83.0614129598276,788
10778,7,101,,VEN,,7.017,,"THOUSAND OAKS, BORCHARD ROAD",-118.92561996070454,34.184520423603715,150000.0,10600,164000,Back,US,True,82.81899338156073,797
11092,7,118,,LA,R,3.864,,"LOS ANGELES, PORTER RANCH DRIVE/WINNETKA AVENUE",-118.56967940602142,34.27333861628691,150000.0,12300,160000,Back,State,True,82.81899338156073,797
11094,7,118,,LA,R,4.639,,"LOS ANGELES, TAMPA AVENUE",-118.55620270944915,34.27226759408836,150000.0,12300,160000,Back,State,True,82.81899338156073,797
11527,7,210,,LA,R,17.383,,LA CRESCENTA AVENUE,-118.23993908796548,34.218460700277234,150000.0,10200,162000,Back,Interstate,True,82.81899338156073,797
12182,7,605,,LA,,25.76,,"IRWINDALE, JCT. RTE. 210",-117.95709091667378,34.13284989682505,150000.0,9600,155000,Back,Interstate,True,82.81899338156073,797
12184,7,605,,LA,,26,,JCT. RTE. 210,-117.95293415583428,34.132893679724916,150000.0,9600,155000,Back,Interstate,True,82.81899338156073,797
10776,7,101,,VEN,,6.186,,"THOUSAND OAKS, VENTU PARK ROAD",-118.91119098345575,34.18446761779899,150000.0,10600,164000,Ahead,US,True,82.81899338156073,797
11525,7,210,,LA,R,16.773,,"GLENDALE, PENNSYLVANIA AVENUE",-118.24897468175801,34.22314755564748,150000.0,10200,162000,Ahead,Interstate,True,82.81899338156073,797
12180,7,605,,LA,,23.958,,"IRWINDALE, ARROW HIGHWAY",-117.978201819924,34.1142250947108,150000.0,9600,155000,Ahead,Interstate,True,82.81899338156073,797
12182,7,605,,LA,,25.76,,"IRWINDALE, JCT. RTE. 210",-117.95709091667378,34.13284989682505,150000.0,9600,155000,Ahead,Interstate,True,82.81899338156073,797
10696,7,101,,LA,,36.18,,"AGOURA HILLS, REYES ADOBE ROAD",-118.78117914368839,34.14703385582558,149000.0,10600,163000,Back,US,True,82.55348622441126,807
10698,7,101,,LA,,37.536,,"WESTLAKE VILLAGE, LINDERO CANYON ROAD",-118.8040650505664,34.149181613053166,149000.0,10600,163000,Back,US,True,82.55348622441126,807
11961,7,57,,LA,R,10.794,,"SAN DIMAS, ARROW HIGHWAY",-117.8214104424606,34.10648456866041,149000.0,11200,163000,Back,State,True,82.55348622441126,807
12006,7,5,,LA,R,53.565,,"SANTA CLARITA, SOUTH JCT. RTE. 126",-118.583248825799,34.4233202577548,149000.0,9700,156000,Back,Interstate,True,82.55348622441126,807
10650,7,101,,LA,,17.17,L,"LOS ANGELES, JCT. RTE. 405, LEFT ALIGN",-118.46977869482743,34.16018591329096,149000.0,10600,163000,Ahead,US,True,82.55348622441126,807
10651,7,101,,LA,,17.17,R,"LOS ANGELES, JCT. RTE. 405, RIGHT ALIGN",-118.4696196975137,34.16106087335632,149000.0,10600,163000,Ahead,US,True,82.55348622441126,807
10694,7,101,,LA,,35.035,,"AGOURA HILLS, KANAN ROAD",-118.76116323736218,34.14615594909473,149000.0,10600,163000,Ahead,US,True,82.55348622441126,807
10696,7,101,,LA,,36.18,,"AGOURA HILLS, REYES ADOBE ROAD",-118.78117914368839,34.14703385582558,149000.0,10600,163000,Ahead,US,True,82.55348622441126,807
11959,7,57,,LA,R,10.272,,"SAN DIMAS, COVINA AVENUE",-117.81921506051754,34.099249966542445,149000.0,11200,163000,Ahead,State,True,82.55348622441126,807
12004,7,5,,LA,R,52.465,,"SANTA CLARITA, VALENCIA BOULEVARD",-118.57617654856894,34.408314118879716,149000.0,9700,156000,Ahead,Interstate,True,82.55348622441126,807
11275,7,14,,LA,R,29.675,,"SANTA CLARITA, GOLDEN VALLEY ROAD",-118.47262018464872,34.39236343033631,147000.0,11900,155000,Back,State,True,82.17638910266277,817
11923,7,405,,LA,,47.754,,"LOS ANGELES, RINALDI STREET",-118.46972687820521,34.27885520251983,147000.0,9100,152000,Back,Interstate,True,82.17638910266277,817
11925,7,405,,LA,,48.643,,"LOS ANGELES, JCT. RTE. 5",-118.46788424401295,34.2913878703362,147000.0,9100,152000,Back,Interstate,True,82.17638910266277,817
11273,7,14,,LA,R,28.08,,"SANTA CLARITA, PLACERITA CANYON ROAD",-118.49367251414915,34.37744507101858,147000.0,11900,155000,Ahead,State,True,82.17638910266277,817
11921,7,405,,LA,,47.239,,"LOS ANGELES, SAN FERNANDO MISSION BOULEVARD",-118.47196379555207,34.271649466927975,147000.0,9100,152000,Ahead,Interstate,True,82.17638910266277,817
11923,7,405,,LA,,47.754,,"LOS ANGELES, RINALDI STREET",-118.46972687820521,34.27885520251983,147000.0,9100,152000,Ahead,Interstate,True,82.17638910266277,817
11974,7,57,,LA,R,7.719,,"POMONA, JCT. RTES. 10/71",-117.8064724528224,34.06529931120019,146000.0,11000,160000,Back,State,True,82.00323226104356,823
11980,7,57,,LA,,6.168,,"POMONA, TEMPLE AVENUE",-117.8008109060842,34.04333991957607,146000.0,11000,160000,Ahead,State,True,82.00323226104356,823
10876,7,10,,LA,R,3.21,,"SANTA MONICA, CLOVERFIELD BOULEVARD",-118.47137229985324,34.02387936205502,145000.0,8800,149000,Back,Interstate,True,81.83392334923812,825
12312,7,710,,LA,,7.887,,"LONG BEACH, WILLOW STREET",-118.20736485523982,33.80439023194982,145000.0,9300,161000,Back,Interstate,True,81.83392334923812,825
10874,7,10,,LA,R,2.155,,"SANTA MONICA, JCT. RTE. 1",-118.48579622497687,34.01475483803789,145000.0,8800,149000,Ahead,Interstate,True,81.83392334923812,825
12310,7,710,,LA,,6.881,,"LONG BEACH, JCT. RTE. 1",-118.20778803899378,33.78993280359722,145000.0,9300,161000,Ahead,Interstate,True,81.83392334923812,825
11090,7,118,,LA,R,2.68,,"LOS ANGELES, DE SOTO AVENUE",-118.59032767151041,34.27339290228116,142000.0,11700,152000,Ahead,State,True,81.44528243804832,829
11525,7,210,,LA,R,16.773,,"GLENDALE, PENNSYLVANIA AVENUE",-118.24897468175801,34.22314755564748,141000.0,9600,152000,Back,Interstate,True,81.32984454363552,830
11523,7,210,,LA,R,15.619,,"GLENDALE, LOWELL AVENUE",-118.26642251219774,34.231153655298684,141000.0,9600,152000,Ahead,Interstate,True,81.32984454363552,830
10650,7,101,,LA,,17.17,L,"LOS ANGELES, JCT. RTE. 405, LEFT ALIGN",-118.46977869482743,34.16018591329096,140000.0,10000,153000,Back,US,True,81.14514391257504,832
10651,7,101,,LA,,17.17,R,"LOS ANGELES, JCT. RTE. 405, RIGHT ALIGN",-118.4696196975137,34.16106087335632,140000.0,10000,153000,Back,US,True,81.14514391257504,832
10720,7,101,,VEN,R,23.45,,"VENTURA, JOHNSON DRIVE",-119.19269039812875,34.24368446805465,140000.0,10000,153000,Back,US,True,81.14514391257504,832
11068,7,110,,LA,,5.451,,"CARSON, SEPULVEDA BOULEVARD",-118.28753852596363,33.80888093714092,140000.0,8400,150000,Back,Interstate,True,81.14514391257504,832
10756,7,101,,VEN,,22.729,,"OXNARD, JCT. RTE. 1 SOUTH",-119.18102702372101,34.239517171341255,140000.0,10000,153000,Ahead,US,True,81.14514391257504,832
11066,7,110,,LA,,4.061,,"LOS ANGELES, JCT. RTE. 1",-118.28187620128436,33.79035110864632,140000.0,8400,150000,Ahead,Interstate,True,81.14514391257504,832
11961,7,57,,LA,R,10.794,,"SAN DIMAS, ARROW HIGHWAY",-117.8214104424606,34.10648456866041,140000.0,10500,153000,Ahead,State,True,81.14514391257504,832
11381,7,170,,LA,R,20.101,,"LOS ANGELES, SHELDON/ ARLETA STREETS",-118.41078785635696,34.22677830825893,138000.0,8900,141000,Back,State,True,80.78728643989534,839
11379,7,170,,LA,R,19.721,,"LOS ANGELES, ROSCOE BOULEVARD",-118.40998121504592,34.221451867031604,138000.0,8900,141000,Ahead,State,True,80.78728643989534,839
10746,7,101,,VEN,,17.747,,"CAMARILLO, CENTRAL AVENUE",-119.10198383247662,34.22186547526918,137000.0,9700,150000,Back,US,True,80.6179775280899,841
12180,7,605,,LA,,23.958,,"IRWINDALE, ARROW HIGHWAY",-117.978201819924,34.1142250947108,137000.0,8800,142000,Back,Interstate,True,80.6179775280899,841
10744,7,101,,VEN,,15.888,,"CAMARILLO, LAS POSAS ROAD",-119.06978773029847,34.21929577330078,137000.0,9700,150000,Ahead,US,True,80.6179775280899,841
12178,7,605,,LA,,23.515,,"IRWINDALE, LIVE OAK AVENUE",-117.9813029057944,34.10833964840789,137000.0,8800,142000,Ahead,Interstate,True,80.6179775280899,841
11086,7,118,,LA,R,13.182,,"LOS ANGELES, GLENOAKS BOULEVARD",-118.41883261108607,34.28009971397772,136000.0,11200,146000,Back,State,True,80.47560412498076,845
11084,7,118,,LA,R,12.385,,"LOS ANGELES, SAN FERNANDO ROAD",-118.42899621219435,34.27220584979804,136000.0,11200,146000,Ahead,State,True,80.47560412498076,845
10780,7,101,,VEN,,7.885,,"THOUSAND OAKS, WENDY DRIVE",-118.93922837365365,34.18985323165977,135000.0,9600,148000,Back,US,True,80.29090349392027,847
11980,7,57,,LA,,6.168,,"POMONA, TEMPLE AVENUE",-117.8008109060842,34.04333991957607,135000.0,10100,148000,Back,State,True,80.29090349392027,847
12008,7,5,,LA,R,54.161,,"SANTA CLARITA, RYE CANYON ROAD",-118.5878523026596,34.431042987965,135000.0,8800,141000,Back,Interstate,True,80.29090349392027,847
10778,7,101,,VEN,,7.017,,"THOUSAND OAKS, BORCHARD ROAD",-118.92561996070454,34.184520423603715,135000.0,9600,148000,Ahead,US,True,80.29090349392027,847
11978,7,57,,LA,,4.977,,"DIAMOND BAR, SUNSET CROSSING ROAD",-117.81129705807503,34.02860617795821,135000.0,10100,148000,Ahead,State,True,80.29090349392027,847
12006,7,5,,LA,R,53.565,,"SANTA CLARITA, SOUTH JCT. RTE. 126",-118.583248825799,34.4233202577548,135000.0,8800,141000,Ahead,Interstate,True,80.29090349392027,847
10742,7,101,,VEN,,14.801,,"CAMARILLO, CARMEN DRIVE",-119.05054538212804,34.21774784088038,134000.0,9500,146000,Back,US,True,80.15237802062491,853
10740,7,101,,VEN,,13.848,,"CAMARILLO, JCT. RTE. 34, LEWIS ROAD",-119.03411645771448,34.216900933344284,134000.0,9500,146000,Ahead,US,True,80.15237802062491,853
10744,7,101,,VEN,,15.888,,"CAMARILLO, LAS POSAS ROAD",-119.06978773029847,34.21929577330078,133000.0,9400,145000,Back,US,True,80.0177004771433,855
10742,7,101,,VEN,,14.801,,"CAMARILLO, CARMEN DRIVE",-119.05054538212804,34.21774784088038,133000.0,9400,145000,Ahead,US,True,80.0177004771433,855
10748,7,101,,VEN,,19.172,,"OXNARD, ALMOND DRIVE",-119.13157449154745,34.222172119952646,132000.0,9400,144000,Back,US,True,79.813760197014,857
10746,7,101,,VEN,,17.747,,"CAMARILLO, CENTRAL AVENUE",-119.10198383247662,34.22186547526918,132000.0,9400,144000,Ahead,US,True,79.813760197014,857
10754,7,101,,VEN,,22.006,,"OXNARD, JCT. RTE. 232",-119.17320253320463,34.232104096265566,130000.0,9200,142000,Back,US,True,79.55979682930582,859
11545,7,210,,LA,R,24.962,,"PASADENA, JCT. RTES. 134/710",-118.15565901146546,34.14961269014031,130000.0,8800,140000,Back,Interstate,True,79.55979682930582,859
10752,7,101,,VEN,,21.01,,"OXNARD, ROSE AVENUE",-119.15857064090623,34.225143217090675,130000.0,9200,142000,Ahead,US,True,79.55979682930582,859
11543,7,210,,LA,R,24.06,,"PASADENA, MOUNTAIN STREET",-118.15856418555215,34.16233390172848,130000.0,8800,140000,Ahead,Interstate,True,79.55979682930582,859
11709,7,2,,LA,R,18.814,,"LOS ANGELES, JCT. RTE. 134",-118.22618774047822,34.14656981812587,128000.0,12300,151000,Back,State,True,79.35585654917654,863
11739,7,2,,LA,,16.008,,"LOS ANGELES, SAN FERNANDO ROAD",-118.24430093418431,34.11314528468639,128000.0,12300,151000,Back,State,True,79.35585654917654,863
10640,7,101,,LA,,11.747,L,"LOS ANGELES, JCT. RTES. 134/170, LEFT ALIGN",-118.37763242621892,34.15326784069974,128000.0,9100,140000,Ahead,US,True,79.35585654917654,863
10641,7,101,,LA,,11.747,R,"LOS ANGELES, JCT. RTES. 134/170, RIGHT ALIGN",-118.37728310643921,34.15430372774074,128000.0,9100,140000,Ahead,US,True,79.35585654917654,863
11707,7,2,,LA,R,17.288,,"LOS ANGELES, YORK BOULEVARD",-118.22817639132836,34.124914083954295,128000.0,12300,151000,Ahead,State,True,79.35585654917654,863
11737,7,2,,LA,,15.143,,"LOS ANGELES, JCT. RTE. 5",-118.24983979171596,34.10247280586622,128000.0,12300,151000,Ahead,State,True,79.35585654917654,863
12010,7,5,,LA,R,55.48,,"SANTA CLARITA, NORTH JCT. RTE. 126",-118.6075729722778,34.44444161908559,127000.0,8300,133000,Back,Interstate,True,79.1673079883023,869
12008,7,5,,LA,R,54.161,,"SANTA CLARITA, RYE CANYON ROAD",-118.5878523026596,34.431042987965,127000.0,8300,133000,Ahead,Interstate,True,79.1673079883023,869
10616,7,101,,LA,S,0.624,,"LOS ANGELES, FOURTH STREET",-118.22100748591643,34.04299546249492,126000.0,9000,138000,Back,US,True,78.99030321686934,871
10740,7,101,,VEN,,13.848,,"CAMARILLO, JCT. RTE. 34, LEWIS ROAD",-119.03411645771448,34.216900933344284,126000.0,9000,138000,Back,US,True,78.99030321686934,871
10750,7,101,,VEN,,20.077,,"OXNARD, SANTA CLARA/RICE AVENUES",-119.14212217813522,34.222652905366274,126000.0,9000,138000,Back,US,True,78.99030321686934,871
10794,7,105,,LA,R,1.244,,"LOS ANGELES, DOUGLAS STREET",-118.38328956941561,33.93103255170485,126000.0,7800,130000,Back,Interstate,True,78.99030321686934,871
11090,7,118,,LA,R,2.68,,"LOS ANGELES, DE SOTO AVENUE",-118.59032767151041,34.27339290228116,126000.0,10300,135000,Back,State,True,78.99030321686934,871
11383,7,170,,LA,R,20.551,,"LOS ANGELES, JCT. RTE. 5",-118.40958273675892,34.2330728396962,126000.0,8200,129000,Back,State,True,78.99030321686934,871
12310,7,710,,LA,,6.881,,"LONG BEACH, JCT. RTE. 1",-118.20778803899378,33.78993280359722,126000.0,8100,139000,Back,Interstate,True,78.99030321686934,871
10620,7,101,,LA,S,0,,"LOS ANGELES, JCT. RTE. 5",-118.22115290609295,34.034108356566975,126000.0,9000,138000,Ahead,US,True,78.99030321686934,871
10738,7,101,,VEN,,12.298,,"CAMARILLO, PLEASANT VALLEY ROAD",-119.00771438311767,34.213781592909164,126000.0,9000,138000,Ahead,US,True,78.99030321686934,871
10748,7,101,,VEN,,19.172,,"OXNARD, ALMOND DRIVE",-119.13157449154745,34.222172119952646,126000.0,9000,138000,Ahead,US,True,78.99030321686934,871
10790,7,105,,LA,R,0.5,,"LOS ANGELES, JCT. RTE. 1",-118.39608512291527,33.931224440337296,126000.0,7800,130000,Ahead,Interstate,True,78.99030321686934,871
11080,7,118,,LA,R,1.799,,"LOS ANGELES, JCT. RTE. 27",-118.60482852206675,34.277642382708464,126000.0,10300,135000,Ahead,State,True,78.99030321686934,871
11381,7,170,,LA,R,20.101,,"LOS ANGELES, SHELDON/ ARLETA STREETS",-118.41078785635696,34.22677830825893,126000.0,8200,129000,Ahead,State,True,78.99030321686934,871
12308,7,710,,LA,,6.384,,"LONG BEACH, ANAHEIM STREET",-118.2075303617461,33.78268652974571,126000.0,8100,139000,Ahead,Interstate,True,78.99030321686934,871
11042,7,110,,LA,,27.119,,"LOS ANGELES, AVENUE 43",-118.20622096391321,34.093246329241346,124000.0,7400,132000,Back,State,True,78.62090195474835,885
11040,7,110,,LA,,25.751,,"LOS ANGELES, JCT. RTE. 5",-118.22369783598779,34.0818668338274,124000.0,7400,132000,Ahead,State,True,78.62090195474835,885
10722,7,101,,VEN,R,24.645,,"VENTURA, VICTORIA AVENUE",-119.21068696715474,34.25247988872762,123000.0,8800,135000,Back,US,True,78.42080960443282,887
10738,7,101,,VEN,,12.298,,"CAMARILLO, PLEASANT VALLEY ROAD",-119.00771438311767,34.213781592909164,123000.0,8800,135000,Back,US,True,78.42080960443282,887
11543,7,210,,LA,R,24.06,,"PASADENA, MOUNTAIN STREET",-118.15856418555215,34.16233390172848,123000.0,8300,132000,Back,Interstate,True,78.42080960443282,887
11705,7,2,,LA,R,17.002,,"LOS ANGELES, VERDUGO ROAD",-118.22992048931711,34.12104249443047,123000.0,11800,145000,Back,State,True,78.42080960443282,887
10720,7,101,,VEN,R,23.45,,"VENTURA, JOHNSON DRIVE",-119.19269039812875,34.24368446805465,123000.0,8800,135000,Ahead,US,True,78.42080960443282,887
10736,7,101,,VEN,,10.738,,"CAMARILLO, CAMARILLO SPRINGS ROAD",-118.98323436276742,34.20524613116815,123000.0,8800,135000,Ahead,US,True,78.42080960443282,887
11541,7,210,,LA,R,23.191,,"PASADENA, LINCOLN BOULEVARD",-118.15989696473525,34.17432704378265,123000.0,8300,132000,Ahead,Interstate,True,78.42080960443282,887
11739,7,2,,LA,,16.008,,"LOS ANGELES, SAN FERNANDO ROAD",-118.24430093418431,34.11314528468639,123000.0,11800,145000,Ahead,State,True,78.42080960443282,887
11978,7,57,,LA,,4.977,,"DIAMOND BAR, SUNSET CROSSING ROAD",-117.81129705807503,34.02860617795821,121000.0,9100,133000,Back,State,True,78.03216869324304,895
12304,7,710,,LA,,26.497,,"MONTEREY PARK, JCT. RTE. 10",-118.16501241842573,34.061232797162134,121000.0,7700,133000,Back,Interstate,True,78.03216869324304,895
36,7,57,,LA,R,4.518,,"DIAMOND BAR, NORTH JCT. RTE. 60",-117.81293335733135,34.022325760498056,121000.0,9100,133000,Ahead,State,True,78.03216869324304,895
12302,7,710,,LA,,24.627,,JCT. RTE. 60,-118.1699088484769,34.035599812980315,121000.0,7700,133000,Ahead,Interstate,True,78.03216869324304,895
10752,7,101,,VEN,,21.01,,"OXNARD, ROSE AVENUE",-119.15857064090623,34.225143217090675,120000.0,8500,131000,Back,US,True,77.74357395721103,899
10756,7,101,,VEN,,22.729,,"OXNARD, JCT. RTE. 1 SOUTH",-119.18102702372101,34.239517171341255,120000.0,8500,131000,Back,US,True,77.74357395721103,899
11277,7,14,,LA,R,30.811,,SIERRA HIGHWAY,-118.456219005601,34.40171806048804,120000.0,9700,127000,Back,State,True,77.74357395721103,899
10750,7,101,,VEN,,20.077,,"OXNARD, SANTA CLARA/RICE AVENUES",-119.14212217813522,34.222652905366274,120000.0,8500,131000,Ahead,US,True,77.74357395721103,899
10754,7,101,,VEN,,22.006,,"OXNARD, JCT. RTE. 232",-119.17320253320463,34.232104096265566,120000.0,8500,131000,Ahead,US,True,77.74357395721103,899
11275,7,14,,LA,R,29.675,,"SANTA CLARITA, GOLDEN VALLEY ROAD",-118.47262018464872,34.39236343033631,120000.0,9700,127000,Ahead,State,True,77.74357395721103,899
10762,7,101,,VEN,,28.452,,"VENTURA, SEAWARD AVENUE",-119.26913559509613,34.26509843716187,119000.0,8500,130000,Back,US,True,77.53963367708174,905
10760,7,101,,VEN,,26.39,,"VENTURA, JCT. RTE. 126",-119.23719156288163,34.26492253823035,119000.0,8500,130000,Ahead,US,True,77.53963367708174,905
11044,7,110,,LA,,28.05,,"LOS ANGELES, AVENUE 52",-118.1962837705959,34.10289083408043,118000.0,7100,127000,Back,State,True,77.36647683546252,907
11124,7,118,,VEN,R,28.815,,"SIMI VALLEY, STEARNS STREET",-118.69163702551154,34.28149420085589,118000.0,10800,133000,Back,State,True,77.36647683546252,907
11531,7,210,,LA,R,19.881,,"LA CANADA-FLINTRIDGE, EAST JCT. RTE. 2",-118.20016262143255,34.2065349181952,118000.0,8000,127000,Back,Interstate,True,77.36647683546252,907
11601,7,210,,LA,R,5.911,,"LOS ANGELES, JCT. RTE. 118",-118.40830857444477,34.2886460143752,118000.0,8000,127000,Back,Interstate,True,77.36647683546252,907
11042,7,110,,LA,,27.119,,"LOS ANGELES, AVENUE 43",-118.20622096391321,34.093246329241346,118000.0,7100,127000,Ahead,State,True,77.36647683546252,907
11122,7,118,,VEN,R,27.304,,"SIMI VALLEY, TAPO CANYON ROAD",-118.71809262083464,34.281610778675834,118000.0,10800,133000,Ahead,State,True,77.36647683546252,907
11529,7,210,,LA,R,18.872,,"LA CANADA-FLINTRIDGE, WEST JCT. RTE. 2",-118.21774952365469,34.20755974546508,118000.0,8000,127000,Ahead,Interstate,True,77.36647683546252,907
11583,7,210,,LA,R,4.936,,"LOS ANGELES, MACLAY STREET",-118.41968655768,34.29937306983984,118000.0,8000,127000,Ahead,Interstate,True,77.36647683546252,907
11607,7,210,,LA,R,7.822,,"LOS ANGELES, OSBORNE STREET/FOOTHILL BOULEVARD",-118.38121468658642,34.274978084773046,117000.0,7900,126000,Back,Interstate,True,77.08173002924427,915
11601,7,210,,LA,R,5.911,,"LOS ANGELES, JCT. RTE. 118",-118.40830857444477,34.2886460143752,117000.0,7900,126000,Ahead,Interstate,True,77.08173002924427,915
10758,7,101,,VEN,,25.966,,"VENTURA, TELEPHONE ROAD",-119.23052266514676,34.26220903432096,116000.0,8200,127000,Back,US,True,76.87009388948745,917
10764,7,101,,VEN,,29.45,,"VENTURA, VISTA DEL MAR DRIVE",-119.28269373652529,34.272523284376454,116000.0,8200,127000,Back,US,True,76.87009388948745,917
10722,7,101,,VEN,R,24.645,,"VENTURA, VICTORIA AVENUE",-119.21068696715474,34.25247988872762,116000.0,8200,127000,Ahead,US,True,76.87009388948745,917
10762,7,101,,VEN,,28.452,,"VENTURA, SEAWARD AVENUE",-119.26913559509613,34.26509843716187,116000.0,8200,127000,Ahead,US,True,76.87009388948745,917
10618,7,101,,LA,S,0.907,,"LOS ANGELES, FIRST STREET",-118.2213783446017,34.04734013411733,115000.0,8200,126000,Back,US,True,76.72772048637833,921
10616,7,101,,LA,S,0.624,,"LOS ANGELES, FOURTH STREET",-118.22100748591643,34.04299546249492,115000.0,8200,126000,Ahead,US,True,76.72772048637833,921
10622,7,101,,LA,S,1.329,,"LOS ANGELES, JCT. RTE. 10",-118.22658790041143,34.0527900344348,114000.0,8100,125000,Back,US,True,76.57765122364168,923
11523,7,210,,LA,R,15.619,,"GLENDALE, LOWELL AVENUE",-118.26642251219774,34.231153655298684,114000.0,7800,124000,Back,Interstate,True,76.57765122364168,923
11537,7,210,,LA,R,21.532,,"LA CANADA-FLINTRIDGE, BERKSHIRE PLACE",-118.18108853310473,34.190218022531745,114000.0,7800,124000,Back,Interstate,True,76.57765122364168,923
10618,7,101,,LA,S,0.907,,"LOS ANGELES, FIRST STREET",-118.2213783446017,34.04734013411733,114000.0,8100,125000,Ahead,US,True,76.57765122364168,923
11521,7,210,,LA,R,14.173,,"LOS ANGELES,LA TUNA CANYON ROAD",-118.2911350255267,34.234876357599035,114000.0,7800,124000,Ahead,Interstate,True,76.57765122364168,923
11535,7,210,,LA,R,20.854,,"LA CANADA-FLINTRIDGE, HAMPTON AVENUE/FOOTHILL BOULEVARD",-118.18654897040702,34.198570405360925,114000.0,7800,124000,Ahead,Interstate,True,76.57765122364168,923
10768,7,101,,VEN,,30.147,,"VENTURA, CALIFORNIA STREET",-119.29311225795166,34.27756859714768,113000.0,8000,123000,Back,US,True,76.37755887332615,929
11315,7,14,,LA,,33.423,,"SANTA CLARITA, SAND CANYON ROAD",-118.42367737183872,34.42514788248831,113000.0,9200,119000,Back,State,True,76.37755887332615,929
11519,7,210,,LA,R,11.084,,"LOS ANGELES, SUNLAND BOULEVARD",-118.33026663822955,34.26000393127957,113000.0,7700,122000,Back,Interstate,True,76.37755887332615,929
11533,7,210,,LA,R,20.6,,"LA CANADA-FLINTRIDGE, GOULD AVENUE/FOOTHILL BOULEVARD",-118.18924050535624,34.20145801625998,113000.0,7700,122000,Back,Interstate,True,76.37755887332615,929
11707,7,2,,LA,R,17.288,,"LOS ANGELES, YORK BOULEVARD",-118.22817639132836,34.124914083954295,113000.0,10800,133000,Back,State,True,76.37755887332615,929
12308,7,710,,LA,,6.384,,"LONG BEACH, ANAHEIM STREET",-118.2075303617461,33.78268652974571,113000.0,7200,124000,Back,Interstate,True,76.37755887332615,929
10764,7,101,,VEN,,29.45,,"VENTURA, VISTA DEL MAR DRIVE",-119.28269373652529,34.272523284376454,113000.0,8000,123000,Ahead,US,True,76.37755887332615,929
11277,7,14,,LA,R,30.811,,SIERRA HIGHWAY,-118.456219005601,34.40171806048804,113000.0,9200,119000,Ahead,State,True,76.37755887332615,929
11531,7,210,,LA,R,19.881,,"LA CANADA-FLINTRIDGE, EAST JCT. RTE. 2",-118.20016262143255,34.2065349181952,113000.0,7700,122000,Ahead,Interstate,True,76.37755887332615,929
11609,7,210,,LA,R,9.444,,"LOS ANGELES, WHEATLAND AVENUE",-118.35299515218492,34.27212270223348,113000.0,7700,122000,Ahead,Interstate,True,76.37755887332615,929
11705,7,2,,LA,R,17.002,,"LOS ANGELES, VERDUGO ROAD",-118.22992048931711,34.12104249443047,113000.0,10800,133000,Ahead,State,True,76.37755887332615,929
12306,7,710,,LA,,6.058,,"LONG BEACH, SHORELINE DRIVE",-118.20683238244844,33.77796815554075,113000.0,7200,124000,Ahead,Interstate,True,76.37755887332615,929
11126,7,118,,VEN,R,29.563,,"SIMI VALLEY, YOSEMITE STREET",-118.67852928948435,34.281452239392394,112000.0,10200,126000,Back,State,True,76.13898722487302,941
11539,7,210,,LA,R,22.494,,"PASADENA, ARROYO BOULEVARD",-118.16905544536371,34.18108315230018,112000.0,7600,121000,Back,Interstate,True,76.13898722487302,941
11124,7,118,,VEN,R,28.815,,"SIMI VALLEY, STEARNS STREET",-118.69163702551154,34.28149420085589,112000.0,10200,126000,Ahead,State,True,76.13898722487302,941
11537,7,210,,LA,R,21.532,,"LA CANADA-FLINTRIDGE, BERKSHIRE PLACE",-118.18108853310473,34.190218022531745,112000.0,7600,121000,Ahead,Interstate,True,76.13898722487302,941
10640,7,101,,LA,,11.747,L,"LOS ANGELES, JCT. RTES. 134/170, LEFT ALIGN",-118.37763242621892,34.15326784069974,111000.0,7900,121000,Back,US,True,75.93119901492997,945
10641,7,101,,LA,,11.747,R,"LOS ANGELES, JCT. RTES. 134/170, RIGHT ALIGN",-118.37728310643921,34.15430372774074,111000.0,7900,121000,Back,US,True,75.93119901492997,945
11082,7,118,,LA,R,11.447,R,"LOS ANGELES, JCT. RTE. 5, BEGIN RIGHT ALIGN",-118.4435149257501,34.26658192734793,111000.0,9100,119000,Back,State,True,75.93119901492997,945
12010,7,5,,LA,R,55.48,,"SANTA CLARITA, NORTH JCT. RTE. 126",-118.6075729722778,34.44444161908559,111000.0,7200,116000,Ahead,Interstate,True,75.93119901492997,945
10736,7,101,,VEN,,10.738,,"CAMARILLO, CAMARILLO SPRINGS ROAD",-118.98323436276742,34.20524613116815,110000.0,7800,120000,Back,US,True,75.73110666461443,949
11046,7,110,,LA,,28.375,,"LOS ANGELES, AVENUE 57/HERMON AVENUE",-118.19101395400027,34.10398130680774,110000.0,6600,118000,Back,State,True,75.73110666461443,949
11609,7,210,,LA,R,9.444,,"LOS ANGELES, WHEATLAND AVENUE",-118.35299515218492,34.27212270223348,110000.0,7500,119000,Back,Interstate,True,75.73110666461443,949
10780,7,101,,VEN,,7.885,,"THOUSAND OAKS, WENDY DRIVE",-118.93922837365365,34.18985323165977,110000.0,7800,120000,Ahead,US,True,75.73110666461443,949
11044,7,110,,LA,,28.05,,"LOS ANGELES, AVENUE 52",-118.1962837705959,34.10289083408043,110000.0,6600,118000,Ahead,State,True,75.73110666461443,949
11607,7,210,,LA,R,7.822,,"LOS ANGELES, OSBORNE STREET/FOOTHILL BOULEVARD",-118.38121468658642,34.274978084773046,110000.0,7500,119000,Ahead,Interstate,True,75.73110666461443,949
11122,7,118,,VEN,R,27.304,,"SIMI VALLEY, TAPO CANYON ROAD",-118.71809262083464,34.281610778675834,109000.0,9900,123000,Back,State,True,75.54640603355395,955
99,7,134,,LA,R,5.076,L,"LOS ANGELES, JCT. RTE. 5, LEFT ALIGN",-118.28940495922268,34.15542559610296,109000.0,6900,115000,Ahead,State,True,75.54640603355395,955
11120,7,118,,VEN,R,25.813,,"SIMI VALLEY, SYCAMORE DRIVE",-118.74407488125811,34.28213631730117,109000.0,9900,123000,Ahead,State,True,75.54640603355395,955
11196,7,134,,LA,R,5.47,R,"LOS ANGELES, JCT. RTE. 5, RIGHT ALIGN",-118.28307131634512,34.15217750399646,109000.0,6900,115000,Ahead,State,True,75.54640603355395,955
11080,7,118,,LA,R,1.799,,"LOS ANGELES, JCT. RTE. 27",-118.60482852206675,34.277642382708464,108000.0,8900,116000,Back,State,True,75.39248884100354,959
11521,7,210,,LA,R,14.173,,"LOS ANGELES,LA TUNA CANYON ROAD",-118.2911350255267,34.234876357599035,108000.0,7400,117000,Back,Interstate,True,75.39248884100354,959
12012,7,5,,LA,R,56.602,,HASLEY CANYON ROAD,-118.61589680212462,34.456039703410276,108000.0,7000,113000,Back,Interstate,True,75.39248884100354,959
11078,7,118,,LA,R,0,,VENTURA/LOS ANGELES COUNTY LINE,-118.63339666837551,34.269584920798046,108000.0,8900,116000,Ahead,State,True,75.39248884100354,959
11519,7,210,,LA,R,11.084,,"LOS ANGELES, SUNLAND BOULEVARD",-118.33026663822955,34.26000393127957,108000.0,7400,117000,Ahead,Interstate,True,75.39248884100354,959
11128,7,118,,VEN,R,30.521,,"SIMI VALLEY, KUEHNER DRIVE",-118.66238136976976,34.27895739485311,107000.0,9800,120000,Back,State,True,75.24626750808065,964
11541,7,210,,LA,R,23.191,,"PASADENA, LINCOLN BOULEVARD",-118.15989696473525,34.17432704378265,107000.0,7300,116000,Back,Interstate,True,75.24626750808065,964
11126,7,118,,VEN,R,29.563,,"SIMI VALLEY, YOSEMITE STREET",-118.67852928948435,34.281452239392394,107000.0,9800,120000,Ahead,State,True,75.24626750808065,964
11539,7,210,,LA,R,22.494,,"PASADENA, ARROYO BOULEVARD",-118.16905544536371,34.18108315230018,107000.0,7300,116000,Ahead,Interstate,True,75.24626750808065,964
11088,7,118,,LA,R,14.08,,"LOS ANGELES, JCT. RTE. 210",-118.40620471645609,34.2859194767134,106000.0,8700,113000,Back,State,True,75.08465445590272,968
11178,7,126,,VEN,,1.448,,"VENTURA, VICTORIA AVENUE",-119.2135820172282,34.27134081179203,106000.0,8700,113000,Back,State,True,75.08465445590272,968
11086,7,118,,LA,R,13.182,,"LOS ANGELES, GLENOAKS BOULEVARD",-118.41883261108607,34.28009971397772,106000.0,8700,113000,Ahead,State,True,75.08465445590272,968
11176,7,126,,VEN,,0,,JCT. RTE. 101,-119.23734974722001,34.26490085253359,106000.0,8700,113000,Ahead,State,True,75.08465445590272,968
11178,7,126,,VEN,,1.448,,"VENTURA, VICTORIA AVENUE",-119.2135820172282,34.27134081179203,106000.0,8700,113000,Ahead,State,True,75.08465445590272,968
11625,7,213,,LA,,8.973,,W 204TH STREET,-118.30919971559733,33.845681981602446,106000.0,7700,108000,Ahead,State,True,75.08465445590272,968
11583,7,210,,LA,R,4.936,,"LOS ANGELES, MACLAY STREET",-118.41968655768,34.29937306983984,105000.0,7200,114000,Back,Interstate,True,74.89225796521471,974
11581,7,210,,LA,R,4.11,,"LOS ANGELES, HUBBARD STREET",-118.4294554498322,34.3081774119887,105000.0,7200,114000,Ahead,Interstate,True,74.89225796521471,974
11711,7,2,,LA,R,20.053,,"GLENDALE, MOUNTAIN STREET",-118.22478311403874,34.164295175368636,104000.0,9900,122000,Back,State,True,74.71525319378175,976
11709,7,2,,LA,R,18.814,,"LOS ANGELES, JCT. RTE. 134",-118.22618774047822,34.14656981812587,104000.0,9900,122000,Ahead,State,True,74.71525319378175,976
11120,7,118,,VEN,R,25.813,,"SIMI VALLEY, SYCAMORE DRIVE",-118.74407488125811,34.28213631730117,103000.0,9400,116000,Back,State,True,74.54979221179005,978
11535,7,210,,LA,R,20.854,,"LA CANADA-FLINTRIDGE, HAMPTON AVENUE/FOOTHILL BOULEVARD",-118.18654897040702,34.198570405360925,103000.0,7000,111000,Back,Interstate,True,74.54979221179005,978
11118,7,118,,VEN,R,24.808,,"SIMI VALLEY, ERRINGER ROAD",-118.76165719668242,34.28213101760379,103000.0,9400,116000,Ahead,State,True,74.54979221179005,978
11533,7,210,,LA,R,20.6,,"LA CANADA-FLINTRIDGE, GOULD AVENUE/FOOTHILL BOULEVARD",-118.18924050535624,34.20145801625998,103000.0,7000,111000,Ahead,Interstate,True,74.54979221179005,978
11317,7,14,,LA,,35.712,,"SANTA CLARITA, SHADOW PINES BOULEVARD/SOLEDAD ROAD",-118.38600412818558,34.43360829841699,102000.0,8300,108000,Back,State,True,74.342004001847,982
11435,7,1,,LA,,26.904,,"LOS ANGELES, LOS ANGELES INTERNATIONAL AIRPORT, CENTURY BOULEVARD",-118.39612308931241,33.94466717548514,102000.0,6600,110000,Back,State,True,74.342004001847,982
11315,7,14,,LA,,33.423,,"SANTA CLARITA, SAND CANYON ROAD",-118.42367737183872,34.42514788248831,102000.0,8300,108000,Ahead,State,True,74.342004001847,982
11433,7,1,,LA,,25.924,,"LOS ANGELES, JCT. RTE. 105",-118.39602682674489,33.93110666691522,102000.0,6600,110000,Ahead,State,True,74.342004001847,982
11130,7,118,,VEN,R,32.427,,"SIMI VALLEY, ROCKY PEAK ROAD",-118.6355496273793,34.26786469645213,101000.0,9200,114000,Back,State,True,74.17269509004156,986
11128,7,118,,VEN,R,30.521,,"SIMI VALLEY, KUEHNER DRIVE",-118.66238136976976,34.27895739485311,101000.0,9200,114000,Ahead,State,True,74.17269509004156,986
11132,7,118,,VEN,R,32.6,,VENTURA/LOS ANGELES COUNTY LINE,-118.63339666837551,34.269584920798046,100000.0,9100,112000,Back,State,True,73.9841465291673,988
11130,7,118,,VEN,R,32.427,,"SIMI VALLEY, ROCKY PEAK ROAD",-118.6355496273793,34.26786469645213,100000.0,9100,112000,Ahead,State,True,73.9841465291673,988
99,7,134,,LA,R,5.076,L,"LOS ANGELES, JCT. RTE. 5, LEFT ALIGN",-118.28940495922268,34.15542559610296,99000.0,6200,105000,Back,State,True,73.7147914422041,990
11048,7,110,,LA,,28.762,,"LOS ANGELES, AVENUE 60",-118.18611581535342,34.107664866747605,99000.0,5900,106000,Back,State,True,73.7147914422041,990
11050,7,110,,LA,,29.028,,"LOS ANGELES, AVENUE 64",-118.18430579988744,34.11090251073718,99000.0,5900,106000,Back,State,True,73.7147914422041,990
11196,7,134,,LA,R,5.47,R,"LOS ANGELES, JCT. RTE. 5, RIGHT ALIGN",-118.28307131634512,34.15217750399646,99000.0,6200,105000,Back,State,True,73.7147914422041,990
11283,7,14,,LA,R,52.172,,SOLEDAD CANYON ROAD/SIERRA HIGHWAY,-118.13970164328725,34.48755020519,99000.0,8000,105000,Back,State,True,73.7147914422041,990
11285,7,14,,LA,R,54.543,,ANGELES FOREST HIGHWAY,-118.11103066143801,34.51086587206635,99000.0,8000,105000,Back,State,True,73.7147914422041,990
11319,7,14,,LA,,39.854,,AGUA DULCE CANYON ROAD,-118.32994918259129,34.466510357827865,99000.0,8000,105000,Back,State,True,73.7147914422041,990
11713,7,2,,LA,R,22.939,,"LA CANADA-FLINTRIDGE, JCT. RTE. 210",-118.21826137651706,34.20463483708691,99000.0,9500,118000,Back,State,True,73.7147914422041,990
11046,7,110,,LA,,28.375,,"LOS ANGELES, AVENUE 57/HERMON AVENUE",-118.19101395400027,34.10398130680774,99000.0,5900,106000,Ahead,State,True,73.7147914422041,990
11048,7,110,,LA,,28.762,,"LOS ANGELES, AVENUE 60",-118.18611581535342,34.107664866747605,99000.0,5900,106000,Ahead,State,True,73.7147914422041,990
11281,7,14,,LA,R,50.746,,SANTIAGO ROAD,-118.1631713850313,34.488686797333045,99000.0,8000,105000,Ahead,State,True,73.7147914422041,990
11283,7,14,,LA,R,52.172,,SOLEDAD CANYON ROAD/SIERRA HIGHWAY,-118.13970164328725,34.48755020519,99000.0,8000,105000,Ahead,State,True,73.7147914422041,990
11317,7,14,,LA,,35.712,,"SANTA CLARITA, SHADOW PINES BOULEVARD/SOLEDAD ROAD",-118.38600412818558,34.43360829841699,99000.0,8000,105000,Ahead,State,True,73.7147914422041,990
11711,7,2,,LA,R,20.053,,"GLENDALE, MOUNTAIN STREET",-118.22478311403874,34.164295175368636,99000.0,9500,118000,Ahead,State,True,73.7147914422041,990
11279,7,14,,LA,R,48.607,,CROWN VALLEY ROAD,-118.1985199773754,34.49144370576563,98000.0,8000,104000,Back,State,True,73.48391565337849,1004
11281,7,14,,LA,R,50.746,,SANTIAGO ROAD,-118.1631713850313,34.488686797333045,98000.0,8000,104000,Back,State,True,73.48391565337849,1004
11279,7,14,,LA,R,48.607,,CROWN VALLEY ROAD,-118.1985199773754,34.49144370576563,98000.0,8000,104000,Ahead,State,True,73.48391565337849,1004
11323,7,14,,LA,,46.759,,WARD ROAD,-118.22804574664163,34.50050514195941,98000.0,8000,104000,Ahead,State,True,73.48391565337849,1004
11321,7,14,,LA,,43.288,,ESCONDIDO CANYON ROAD,-118.28360194489522,34.49204369284302,97000.0,7900,103000,Back,State,True,73.24919193473912,1008
11319,7,14,,LA,,39.854,,AGUA DULCE CANYON ROAD,-118.32994918259129,34.466510357827865,97000.0,7900,103000,Ahead,State,True,73.24919193473912,1008
11066,7,110,,LA,,4.061,,"LOS ANGELES, JCT. RTE. 1",-118.28187620128436,33.79035110864632,96000.0,5700,102000,Back,Interstate,True,73.0567954440511,1010
11323,7,14,,LA,,46.759,,WARD ROAD,-118.22804574664163,34.50050514195941,96000.0,7800,101000,Back,State,True,73.0567954440511,1010
11972,7,57,,LA,R,4.518,L,"DIAMOND BAR, SOUTH JCT. RTE. 60, LEFT ALIGN",-117.83484918970369,34.00206716897635,96000.0,7200,105000,Back,State,True,73.0567954440511,1010
11973,7,57,,LA,R,4.518,R,"DIAMOND BAR, NORTH JCT. RTE. 60, RIGHT ALIGN",-117.8341202984788,34.00152300627412,96000.0,7200,105000,Back,State,True,73.0567954440511,1010
11056,7,110,,LA,,3.264,,"LOS ANGELES, ANAHEIM STREET",-118.28014268814462,33.77890079777214,96000.0,5700,102000,Ahead,Interstate,True,73.0567954440511,1010
11321,7,14,,LA,,43.288,,ESCONDIDO CANYON ROAD,-118.28360194489522,34.49204369284302,96000.0,7800,101000,Ahead,State,True,73.0567954440511,1010
11970,7,57,,LA,R,4.296,L,"DIAMOND BAR, BEGIN LEFT ALIGN",-117.83722374781671,33.999509116022104,96000.0,7200,105000,Ahead,State,True,73.0567954440511,1010
11971,7,57,,LA,R,4.296,R,"DIAMOND BAR, BEGIN RIGHT ALIGNMENT",-117.83699899651914,33.999390212012244,96000.0,7200,105000,Ahead,State,True,73.0567954440511,1010
10770,7,101,,VEN,,30.906,,"VENTURA, JCT. RTE. 33",-119.30617478266893,34.27917354726582,94000.0,6700,103000,Back,US,True,72.73741726950901,1018
12326,7,71,,LA,R,4.697,,LOS ANGELES/SAN BERNARDINO COUNTY LINE,-117.7462334537737,34.02031397928541,94000.0,6500,115000,Back,State,True,72.73741726950901,1018
10768,7,101,,VEN,,30.147,,"VENTURA, CALIFORNIA STREET",-119.29311225795166,34.27756859714768,94000.0,6700,103000,Ahead,US,True,72.73741726950901,1018
12324,7,71,,LA,R,4.31,,"POMONA, JCT. RTE. 60, POMONA FREEWAY",-117.75046721550437,34.02420134882741,94000.0,6500,115000,Ahead,State,True,72.73741726950901,1018
11036,7,110,,LA,,25.086,L,"LOS ANGELES, SOLANO AVENUE",-118.23214391935828,34.07545998415636,93000.0,5600,99000,Back,State,True,72.54886870863476,1022
11038,7,110,,LA,,25.086,R,"LOS ANGELES, SOLANO AVENUE",-118.23200964817278,34.075137195667686,93000.0,5600,99000,Back,State,True,72.54886870863476,1022
11118,7,118,,VEN,R,24.808,,"SIMI VALLEY, ERRINGER ROAD",-118.76165719668242,34.28213101760379,92000.0,8400,103000,Back,State,True,72.35647221794675,1024
11036,7,110,,LA,,25.086,L,"LOS ANGELES, SOLANO AVENUE",-118.23214391935828,34.07545998415636,92000.0,5500,98000,Ahead,State,True,72.35647221794675,1024
11038,7,110,,LA,,25.086,R,"LOS ANGELES, SOLANO AVENUE",-118.23200964817278,34.075137195667686,92000.0,5500,98000,Ahead,State,True,72.35647221794675,1024
11116,7,118,,VEN,R,23.821,,"SIMI VALLEY, FIRST STREET",-118.77887245239678,34.282132827962606,92000.0,8400,103000,Ahead,State,True,72.35647221794675,1024
10760,7,101,,VEN,,26.39,,"VENTURA, JCT. RTE. 126",-119.23719156288163,34.26492253823035,90000.0,6400,98000,Back,US,True,72.04863783284593,1028
10758,7,101,,VEN,,25.966,,"VENTURA, TELEPHONE ROAD",-119.23052266514676,34.26220903432096,90000.0,6400,98000,Ahead,US,True,72.04863783284593,1028
11056,7,110,,LA,,3.264,,"LOS ANGELES, ANAHEIM STREET",-118.28014268814462,33.77890079777214,89000.0,5300,95000,Back,Interstate,True,71.87163306141296,1030
11295,7,14,,LA,R,64.678,,"LANCASTER, COLUMBIA WAY/AVENUE M",-118.15311506163256,34.645726990312056,89000.0,7200,94000,Back,State,True,71.87163306141296,1030
12014,7,5,,LA,R,59.007,,PARKER ROAD,-118.6191281194567,34.489737837440906,89000.0,5800,93000,Back,Interstate,True,71.87163306141296,1030
12330,7,71,,LA,,1.622,,"POMONA, MISSION BOULEVARD",-117.78131935896572,34.053435031719154,89000.0,6200,110000,Back,State,True,71.87163306141296,1030
12332,7,71,,LA,,1.912,,"POMONA, NINTH STREET",-117.77795511253113,34.05023897094288,89000.0,6200,110000,Back,State,True,71.87163306141296,1030
11018,7,110,,LA,,2.771,,"LOS ANGELES, C STREET",-118.27987342262979,33.77171234939276,89000.0,5300,95000,Ahead,Interstate,True,71.87163306141296,1030
11293,7,14,,LA,R,63.671,,"PALMDALE, AVENUE N",-118.15301857807948,34.631118394670594,89000.0,7200,94000,Ahead,State,True,71.87163306141296,1030
12012,7,5,,LA,R,56.602,,HASLEY CANYON ROAD,-118.61589680212462,34.456039703410276,89000.0,5800,93000,Ahead,Interstate,True,71.87163306141296,1030
12320,7,71,,LA,R,1.479,,"POMONA, VALLEY BOULEVARD",-117.7897838137821,34.061608282363935,89000.0,6200,110000,Ahead,State,True,71.87163306141296,1030
12330,7,71,,LA,,1.622,,"POMONA, MISSION BOULEVARD",-117.78131935896572,34.053435031719154,89000.0,6200,110000,Ahead,State,True,71.87163306141296,1030
11018,7,110,,LA,,2.771,,"LOS ANGELES, C STREET",-118.27987342262979,33.77171234939276,88000.0,5300,94000,Back,Interstate,True,71.60612590426351,1040
10990,7,110,,LA,R,1.23,,"LOS ANGELES, CHANNEL STREET",-118.29103174442184,33.753208999915664,88000.0,5300,94000,Ahead,Interstate,True,71.60612590426351,1040
11633,7,22,,LA,,1.467,,LOS ANGELES/ORANGE COUNTY  LINE,-118.09758031245302,33.77418402056948,87000.0,7500,97000,Back,State,True,71.42527320301679,1042
11631,7,22,,LA,,1.142,,"LONG BEACH, STUDEBAKER ROAD",-118.10310651631559,33.77417844562392,87000.0,7500,97000,Ahead,State,True,71.42527320301679,1042
10892,7,10,,LA,S,0.655,,"LOS ANGELES, JCT. RTE. 5",-118.21417713397553,34.05515491266373,86000.0,5200,88000,Back,Interstate,True,71.24442050177005,1044
11297,7,14,,LA,R,65.683,,"LANCASTER, AVENUE L",-118.15319246227408,34.66037930078008,86000.0,6900,90000,Back,State,True,71.24442050177005,1044
11581,7,210,,LA,R,4.11,,"LOS ANGELES, HUBBARD STREET",-118.4294554498322,34.3081774119887,86000.0,5800,93000,Back,Interstate,True,71.24442050177005,1044
10894,7,10,,LA,S,0,,"LOS ANGELES, JCT. RTE. 101",-118.22451118412079,34.052404858379056,86000.0,5200,88000,Ahead,Interstate,True,71.24442050177005,1044
11295,7,14,,LA,R,64.678,,"LANCASTER, COLUMBIA WAY/AVENUE M",-118.15311506163256,34.645726990312056,86000.0,6900,90000,Ahead,State,True,71.24442050177005,1044
11559,7,210,,LA,R,3.275,,"LOS ANGELES, POLK STREET",-118.44005990096281,34.31647832688287,86000.0,5800,93000,Ahead,Interstate,True,71.24442050177005,1044
12328,7,71,,LA,,1.239,,"POMONA, POMONA BOULEVARD",-117.7855098964599,34.057815977292286,86000.0,5900,106000,Ahead,State,True,71.24442050177005,1044
12328,7,71,,LA,,1.239,,"POMONA, POMONA BOULEVARD",-117.7855098964599,34.057815977292286,85000.0,5900,105000,Back,State,True,71.08665537940588,1051
11291,7,14,,LA,R,61.766,,"PALMDALE, 10TH STREET WEST",-118.14736479907354,34.60540076792321,84000.0,6800,89000,Back,State,True,70.90580267815915,1052
11293,7,14,,LA,R,63.671,,"PALMDALE, AVENUE N",-118.15301857807948,34.631118394670594,84000.0,6800,89000,Back,State,True,70.90580267815915,1052
12320,7,71,,LA,R,1.479,,"POMONA, VALLEY BOULEVARD",-117.7897838137821,34.061608282363935,84000.0,5800,103000,Back,State,True,70.90580267815915,1052
11289,7,14,,LA,R,59.803,,"PALMDALE, SOUTH JCT. RTE. 138",-118.13368055034815,34.58132677435383,84000.0,6800,89000,Ahead,State,True,70.90580267815915,1052
11291,7,14,,LA,R,61.766,,"PALMDALE, 10TH STREET WEST",-118.14736479907354,34.60540076792321,84000.0,6800,89000,Ahead,State,True,70.90580267815915,1052
11052,7,110,,LA,,29.5,,"LOS ANGELES, YORK BOULEVARD",-118.17707919029496,34.11283329925254,82000.0,4950,88000,Back,State,True,70.36709250423272,1057
11058,7,110,,LA,,30.587,,"SOUTH PASADENA, ORANGE GROVE AVENUE",-118.16049247859836,34.119184737098905,82000.0,4950,88000,Back,State,True,70.36709250423272,1057
11050,7,110,,LA,,29.028,,"LOS ANGELES, AVENUE 64",-118.18430579988744,34.11090251073718,82000.0,4950,88000,Ahead,State,True,70.36709250423272,1057
11054,7,110,,LA,,29.95,,"SOUTH PASADENA, BRIDEWELL STREET",-118.17083421293253,34.11638331314798,82000.0,4950,88000,Ahead,State,True,70.36709250423272,1057
11054,7,110,,LA,,29.95,,"SOUTH PASADENA, BRIDEWELL STREET",-118.17083421293253,34.11638331314798,81000.0,4900,87000,Back,State,True,70.13236878559334,1061
11052,7,110,,LA,,29.5,,"LOS ANGELES, YORK BOULEVARD",-118.17707919029496,34.11283329925254,81000.0,4900,87000,Ahead,State,True,70.13236878559334,1061
11116,7,118,,VEN,R,23.821,,"SIMI VALLEY, FIRST STREET",-118.77887245239678,34.282132827962606,80000.0,7300,90000,Back,State,True,69.91303678620902,1063
11661,7,23,,VEN,R,5.064,,"THOUSAND OAKS, JANSS ROAD",-118.85704091542145,34.199781898150576,80000.0,7100,93000,Back,State,True,69.91303678620902,1063
11114,7,118,,VEN,R,23.022,,"SIMI VALLEY, MADERA ROAD",-118.79264889791473,34.283678885433794,80000.0,7300,90000,Ahead,State,True,69.91303678620902,1063
11659,7,23,,VEN,R,3.32,,"THOUSAND OAKS, JCT. RTE. 101",-118.82506661447349,34.15760402327651,80000.0,7100,93000,Ahead,State,True,69.91303678620902,1063
11289,7,14,,LA,R,59.803,,"PALMDALE, SOUTH JCT. RTE. 138",-118.13368055034815,34.58132677435383,79000.0,6400,84000,Back,State,True,69.72448822533477,1067
12360,7,90,,LA,,2.65,,"CULVER CITY, JCT. RTE. 405",-118.39899028891715,33.98764892297605,79000.0,10300,85000,Back,State,True,69.72448822533477,1067
11287,7,14,,LA,R,58.172,,"PALMDALE, AVENUE S",-118.13233444645445,34.55770935998966,79000.0,6400,84000,Ahead,State,True,69.72448822533477,1067
12350,7,90,,LA,R,1.722,,"LOS ANGELES, CENTINELA AVENUE",-118.41406240780705,33.985180949195616,79000.0,10300,85000,Ahead,State,True,69.72448822533477,1067
11437,7,1,,LA,,27.363,,"LOS ANGELES, LOS ANGELES INTERNATIONAL AIRPORT, VIA LINCOLN BOULEVARD",-118.39627321755934,33.95179198854008,77000.0,5000,83000,Back,State,True,69.22810527935971,1071
11513,7,210,,LA,R,0.843,,"LOS ANGELES, YARNELL STREET",-118.47938773896135,34.322832078471144,77000.0,5200,83000,Back,Interstate,True,69.22810527935971,1071
11663,7,23,,VEN,R,6.028,,"THOUSAND OAKS, AVENIDA DE LOS ARBOLES",-118.8489504535124,34.211461263674465,77000.0,6800,89000,Back,State,True,69.22810527935971,1071
12324,7,71,,LA,R,4.31,,"POMONA, JCT. RTE. 60, POMONA FREEWAY",-117.75046721550437,34.02420134882741,77000.0,5300,95000,Back,State,True,69.22810527935971,1071
11435,7,1,,LA,,26.904,,"LOS ANGELES, LOS ANGELES INTERNATIONAL AIRPORT, CENTURY BOULEVARD",-118.39612308931241,33.94466717548514,77000.0,5000,83000,Ahead,State,True,69.22810527935971,1071
11515,7,210,,LA,R,0,,"LOS ANGELES, JCT. RTE. 5",-118.49079925001794,34.316670871134754,77000.0,5200,83000,Ahead,Interstate,True,69.22810527935971,1071
11661,7,23,,VEN,R,5.064,,"THOUSAND OAKS, JANSS ROAD",-118.85704091542145,34.199781898150576,77000.0,6800,89000,Ahead,State,True,69.22810527935971,1071
12322,7,71,,LA,R,3.614,,"POMONA, RIO RANCHO ROAD",-117.75846350522556,34.03171879917996,77000.0,5300,95000,Ahead,State,True,69.22810527935971,1071
11083,7,118,,LA,R,11.822,R,"LOS ANGELES, END RIGHT ALIGN",-118.43709904031164,34.26774791248961,76000.0,6200,81000,Back,State,True,68.9587501923965,1079
11287,7,14,,LA,R,58.172,,"PALMDALE, AVENUE S",-118.13233444645445,34.55770935998966,76000.0,6200,80000,Back,State,True,68.9587501923965,1079
11082,7,118,,LA,R,11.447,R,"LOS ANGELES, JCT. RTE. 5, BEGIN RIGHT ALIGN",-118.4435149257501,34.26658192734793,76000.0,6200,81000,Ahead,State,True,68.9587501923965,1079
11285,7,14,,LA,R,54.543,,ANGELES FOREST HIGHWAY,-118.11103066143801,34.51086587206635,76000.0,6200,80000,Ahead,State,True,68.9587501923965,1079
11357,7,164,,LA,,5.599,,"EL MONTE, JCT. RTE. 10",-118.07292655253693,34.071764309741376,75000.0,4650,82000,Back,State,True,68.6970909650608,1083
11355,7,164,,LA,,4.81,,"SOUTH EL MONTE, GARVEY AVENUE",-118.06531574966705,34.06272269672104,75000.0,4650,82000,Ahead,State,True,68.6970909650608,1083
11517,7,210,,LA,R,1.924,,"LOS ANGELES, ROXFORD STREET",-118.46057065863633,34.32361600773996,74000.0,5000,79000,Back,Interstate,True,68.3969524395875,1085
11559,7,210,,LA,R,3.275,,"LOS ANGELES, POLK STREET",-118.44005990096281,34.31647832688287,74000.0,5000,79000,Back,Interstate,True,68.3969524395875,1085
11455,7,1,,LA,,37.045,,"LOS ANGELES, CHAUTAUQUA BOULEVARD",-118.51939937635083,34.02827120911873,74000.0,4800,80000,Ahead,State,True,68.3969524395875,1085
11513,7,210,,LA,R,0.843,,"LOS ANGELES, YARNELL STREET",-118.47938773896135,34.322832078471144,74000.0,5000,79000,Ahead,Interstate,True,68.3969524395875,1085
11517,7,210,,LA,R,1.924,,"LOS ANGELES, ROXFORD STREET",-118.46057065863633,34.32361600773996,74000.0,5000,79000,Ahead,Interstate,True,68.3969524395875,1085
12332,7,71,,LA,,1.912,,"POMONA, NINTH STREET",-117.77795511253113,34.05023897094288,74000.0,5100,91000,Ahead,State,True,68.3969524395875,1085
11455,7,1,,LA,,37.045,,"LOS ANGELES, CHAUTAUQUA BOULEVARD",-118.51939937635083,34.02827120911873,73000.0,4750,79000,Back,State,True,68.11605356318302,1091
11453,7,1,,LA,,36.11,,"SANTA MONICA, CALIFORNIA AVENUE INCLINE",-118.50660529069833,34.020246936190475,73000.0,4750,79000,Ahead,State,True,68.11605356318302,1091
11299,7,14,,LA,R,66.73,,"LANCASTER, AVENUE K",-118.15728904766763,34.674755876786946,72000.0,5800,76000,Back,State,True,67.91211328305373,1093
12322,7,71,,LA,R,3.614,,"POMONA, RIO RANCHO ROAD",-117.75846350522556,34.03171879917996,72000.0,4950,88000,Back,State,True,67.91211328305373,1093
11297,7,14,,LA,R,65.683,,"LANCASTER, AVENUE L",-118.15319246227408,34.66037930078008,72000.0,5800,76000,Ahead,State,True,67.91211328305373,1093
11965,7,57,,LA,R,11.791,R,"GLENDORA, JCT. RTE. 210",-117.82548506314713,34.12021755562504,71000.0,5400,78000,Back,State,True,67.58119131907034,1096
11966,7,57,,LA,R,12.212,L,"GLENDORA, END LEFT ALIGN",-117.83372284337291,34.12066480003189,71000.0,5400,78000,Back,State,True,67.58119131907034,1096
11967,7,57,,LA,R,12.303,R,"GLENDORA, END RIGHT ALIGN",-117.8340184367121,34.121201927625926,71000.0,5400,78000,Back,State,True,67.58119131907034,1096
12016,7,5,,LA,R,59.492,,LAKE HUGHES ROAD,-118.62355446920454,34.495710934753106,71000.0,4600,74000,Back,Interstate,True,67.58119131907034,1096
12034,7,5,,LA,R,88.605,,LOS ANGELES/KERN COUNTY LINE,-118.8815526660642,34.817830020904154,71000.0,4600,74000,Back,Interstate,True,67.58119131907034,1096
12222,7,60,,LA,,0,,"LOS ANGELES, JCT. RTE. 10",-118.22421306471898,34.029268455433794,71000.0,4850,78000,Back,State,True,67.58119131907034,1096
38,7,60,,LA,L,0,,"LOS ANGELES, BEGIN WESTBOUND LANES",-118.22646043216756,34.02889815229888,71000.0,4850,78000,Ahead,State,True,67.58119131907034,1096
11963,7,57,,LA,R,11.284,L,"GLENDORA, BEGIN LEFT ALIGN",-117.8242688781014,34.11318744899307,71000.0,5400,78000,Ahead,State,True,67.58119131907034,1096
11964,7,57,,LA,R,11.284,R,"GLENDORA, BEGIN RIGHT ALIGN",-117.82395574246137,34.11321850398956,71000.0,5400,78000,Ahead,State,True,67.58119131907034,1096
11965,7,57,,LA,R,11.791,R,"GLENDORA, JCT. RTE. 210",-117.82548506314713,34.12021755562504,71000.0,5400,78000,Ahead,State,True,67.58119131907034,1096
12014,7,5,,LA,R,59.007,,PARKER ROAD,-118.6191281194567,34.489737837440906,71000.0,4600,74000,Ahead,Interstate,True,67.58119131907034,1096
12032,7,5,,LA,R,88.566,,FRAZIER MOUNTAIN PARK ROAD,-118.88204811209621,34.81735882603574,71000.0,4600,74000,Ahead,Interstate,True,67.58119131907034,1096
10724,7,101,,VEN,R,32.7,,"SOLIMAR BEACH, SOUTH JCT. RTE. 1",-119.33408203572823,34.28997343217605,70000.0,4950,76000,Back,US,True,67.16561489918423,1108
10838,7,107,,LA,,4.696,,"TORRANCE, ARTESIA BOULEVARD",-118.35235368230852,33.87282237884729,70000.0,4950,77000,Back,State,True,67.16561489918423,1108
10990,7,110,,LA,R,1.23,,"LOS ANGELES, CHANNEL STREET",-118.29103174442184,33.753208999915664,70000.0,4200,75000,Back,Interstate,True,67.16561489918423,1108
11134,7,118,,VEN,T,19.127,,"MOORPARK, PRINCETON AVENUE",-118.85774792099112,34.292377705572456,70000.0,6400,78000,Back,State,True,67.16561489918423,1108
11136,7,118,,VEN,T,19.981,,"MOORPARK, COLLINS DRIVE",-118.84285484621881,34.29326436133077,70000.0,6400,78000,Back,State,True,67.16561489918423,1108
10770,7,101,,VEN,,30.906,,"VENTURA, JCT. RTE. 33",-119.30617478266893,34.27917354726582,70000.0,4950,76000,Ahead,US,True,67.16561489918423,1108
10836,7,107,,LA,,3.683,,"TORRANCE, 190TH STREET",-118.35337001286477,33.858393386631256,70000.0,4950,77000,Ahead,State,True,67.16561489918423,1108
10988,7,110,,LA,R,0.931,,"LOS ANGELES, JCT. RTE. 47",-118.29081731656352,33.74888875215064,70000.0,4200,75000,Ahead,Interstate,True,67.16561489918423,1108
11112,7,118,,VEN,R,17.905,,"MOORPARK, EAST JCT. RTE. 23",-118.87474670877315,34.27885715175624,70000.0,6400,78000,Ahead,State,True,67.16561489918423,1108
11134,7,118,,VEN,T,19.127,,"MOORPARK, PRINCETON AVENUE",-118.85774792099112,34.292377705572456,70000.0,6400,78000,Ahead,State,True,67.16561489918423,1108
10728,7,101,,VEN,R,43.622,,VENTURA/SANTA BARBARA COUNTY LINE,-119.47799771200229,34.37653387911782,69000.0,4850,75000,Back,US,True,66.7538864091119,1118
10834,7,107,,LA,,3.01,,"TORRANCE, DEL AMO BOULEVARD",-118.35362415973339,33.848599219991776,69000.0,4850,76000,Back,State,True,66.7538864091119,1118
11665,7,23,,VEN,R,7.165,,"THOUSAND OAKS, SUNSET HILLS BOULEVARD",-118.84693119885719,34.2274479189108,69000.0,6100,80000,Back,State,True,66.7538864091119,1118
12032,7,5,,LA,R,88.566,,FRAZIER MOUNTAIN PARK ROAD,-118.88204811209621,34.81735882603574,69000.0,4500,72000,Back,Interstate,True,66.7538864091119,1118
10832,7,107,,LA,,2.25,,"TORRANCE, TORRANCE BOULEVARD",-118.35351548424525,33.83756306475238,69000.0,4850,76000,Ahead,State,True,66.7538864091119,1118
11663,7,23,,VEN,R,6.028,,"THOUSAND OAKS, AVENIDA DE LOS ARBOLES",-118.8489504535124,34.211461263674465,69000.0,6100,80000,Ahead,State,True,66.7538864091119,1118
12030,7,5,,LA,R,85.801,,GORMAN ROAD,-118.85234244171957,34.795209694682676,69000.0,4500,72000,Ahead,Interstate,True,66.7538864091119,1118
11453,7,1,,LA,,36.11,,"SANTA MONICA, CALIFORNIA AVENUE INCLINE",-118.50660529069833,34.020246936190475,68000.0,4400,73000,Back,State,True,66.34985377866708,1125
12018,7,5,,LA,R,65.967,,TEMPLIN HIGHWAY,-118.68766737745754,34.56958287851135,68000.0,4400,71000,Back,Interstate,True,66.34985377866708,1125
12020,7,5,,LA,R,74.45,,VISTA DEL LAGO ROAD,-118.76318326187359,34.66692823128235,68000.0,4400,71000,Back,Interstate,True,66.34985377866708,1125
12022,7,5,,LA,R,77.958,,SMOKEY BEAR ROAD,-118.79592853652427,34.70782137500026,68000.0,4400,71000,Back,Interstate,True,66.34985377866708,1125
12030,7,5,,LA,R,85.801,,GORMAN ROAD,-118.85234244171957,34.795209694682676,68000.0,4400,71000,Back,Interstate,True,66.34985377866708,1125
11451,7,1,,LA,,35.184,,"SANTA MONICA, OCEAN AVENUE",-118.494896506453,34.01143746012886,68000.0,4400,73000,Ahead,State,True,66.34985377866708,1125
12016,7,5,,LA,R,59.492,,LAKE HUGHES ROAD,-118.62355446920454,34.495710934753106,68000.0,4400,71000,Ahead,Interstate,True,66.34985377866708,1125
12018,7,5,,LA,R,65.967,,TEMPLIN HIGHWAY,-118.68766737745754,34.56958287851135,68000.0,4400,71000,Ahead,Interstate,True,66.34985377866708,1125
12020,7,5,,LA,R,74.45,,VISTA DEL LAGO ROAD,-118.76318326187359,34.66692823128235,68000.0,4400,71000,Ahead,Interstate,True,66.34985377866708,1125
12028,7,5,,LA,R,82.103,,NORTH JCT. RTE. 138,-118.79966816825485,34.766689901107405,68000.0,4400,71000,Ahead,Interstate,True,66.34985377866708,1125
10836,7,107,,LA,,3.683,,"TORRANCE, 190TH STREET",-118.35337001286477,33.858393386631256,67000.0,4700,74000,Back,State,True,66.06125904263507,1135
11172,7,126,,VEN,R,8.912,,BRIGGS ROAD,-119.10110828140013,34.32235579021438,67000.0,7200,286000,Back,State,True,66.06125904263507,1135
10726,7,101,,VEN,R,38.976,,"SEACLIFF, NORTH JCT. RTE. 1",-119.41600892234088,34.343207199061844,67000.0,4800,74000,Ahead,US,True,66.06125904263507,1135
10834,7,107,,LA,,3.01,,"TORRANCE, DEL AMO BOULEVARD",-118.35362415973339,33.848599219991776,67000.0,4700,74000,Ahead,State,True,66.06125904263507,1135
11170,7,126,,VEN,R,5.031,,"VENTURA, JCT. RTE. 118",-119.15629708397387,34.28960339558295,67000.0,7200,286000,Ahead,State,True,66.06125904263507,1135
10726,7,101,,VEN,R,38.976,,"SEACLIFF, NORTH JCT. RTE. 1",-119.41600892234088,34.343207199061844,66000.0,4700,73000,Back,US,True,65.77266430660305,1140
10832,7,107,,LA,,2.25,,"TORRANCE, TORRANCE BOULEVARD",-118.35351548424525,33.83756306475238,66000.0,4600,73000,Back,State,True,65.77266430660305,1140
11667,7,23,,VEN,R,8.209,,"THOUSAND OAKS, OLSEN ROAD",-118.83983393678413,34.24139971092954,66000.0,5900,76000,Back,State,True,65.77266430660305,1140
12024,7,5,,LA,R,81.487,,SOUTH JCT. RTE. 138,-118.79577636101682,34.758505233412905,66000.0,4300,69000,Back,Interstate,True,65.77266430660305,1140
10724,7,101,,VEN,R,32.7,,"SOLIMAR BEACH, SOUTH JCT. RTE. 1",-119.33408203572823,34.28997343217605,66000.0,4700,73000,Ahead,US,True,65.77266430660305,1140
10830,7,107,,LA,,1.829,,"TORRANCE, CARSON STREET",-118.35248158084539,33.83150283227592,66000.0,4600,73000,Ahead,State,True,65.77266430660305,1140
11665,7,23,,VEN,R,7.165,,"THOUSAND OAKS, SUNSET HILLS BOULEVARD",-118.84693119885719,34.2274479189108,66000.0,5900,76000,Ahead,State,True,65.77266430660305,1140
12022,7,5,,LA,R,77.958,,SMOKEY BEAR ROAD,-118.79592853652427,34.70782137500026,66000.0,4300,69000,Ahead,Interstate,True,65.77266430660305,1140
11114,7,118,,VEN,R,23.022,,"SIMI VALLEY, MADERA ROAD",-118.79264889791473,34.283678885433794,65000.0,5900,73000,Back,State,True,65.44174234261966,1148
12026,7,5,,LA,R,81.757,,QUAIL LAKE ROAD,-118.79709072024501,34.76222241148806,65000.0,4250,68000,Back,Interstate,True,65.44174234261966,1148
12028,7,5,,LA,R,82.103,,NORTH JCT. RTE. 138,-118.79966816825485,34.766689901107405,65000.0,4250,68000,Back,Interstate,True,65.44174234261966,1148
12350,7,90,,LA,R,1.722,,"LOS ANGELES, CENTINELA AVENUE",-118.41406240780705,33.985180949195616,65000.0,8500,70000,Back,State,True,65.44174234261966,1148
11136,7,118,,VEN,T,19.981,,"MOORPARK, COLLINS DRIVE",-118.84285484621881,34.29326436133077,65000.0,5900,73000,Ahead,State,True,65.44174234261966,1148
12024,7,5,,LA,R,81.487,,SOUTH JCT. RTE. 138,-118.79577636101682,34.758505233412905,65000.0,4250,68000,Ahead,Interstate,True,65.44174234261966,1148
12026,7,5,,LA,R,81.757,,QUAIL LAKE ROAD,-118.79709072024501,34.76222241148806,65000.0,4250,68000,Ahead,Interstate,True,65.44174234261966,1148
12358,7,90,,LA,,1.746,,"LOS ANGELES, CULVER BOULEVARD",-118.4283035652962,33.98149786025877,65000.0,8500,70000,Ahead,State,True,65.44174234261966,1148
10790,7,105,,LA,R,0.5,,"LOS ANGELES, JCT. RTE. 1",-118.39608512291527,33.931224440337296,64000.0,4000,67000,Back,Interstate,True,65.1300600277051,1156
11160,7,126,,VEN,R,10.38,,"SANTA PAULA, PECK ROAD",-119.0827388163098,34.33712525270543,64000.0,6900,273000,Back,State,True,65.1300600277051,1156
10792,7,105,,LA,R,0,,"LOS ANGELES, BEGIN FREEWAY AT THE LOS ANGELES INTERNATIONAL AIRPORT",-118.4049071835715,33.931350384742395,64000.0,4000,67000,Ahead,Interstate,True,65.1300600277051,1156
11172,7,126,,VEN,R,8.912,,BRIGGS ROAD,-119.10110828140013,34.32235579021438,64000.0,6900,273000,Ahead,State,True,65.1300600277051,1156
10828,7,107,,LA,,1.41,,"TORRANCE, SEPULVEDA BOULEVARD",-118.35133460560242,33.825576696828016,63000.0,4450,69000,Back,State,True,64.81837771279052,1160
11060,7,110,,LA,,31.17,,"SOUTH PASADENA, FAIR OAKS AVENUE",-118.15033528247804,34.119132438530116,63000.0,3750,67000,Back,State,True,64.81837771279052,1160
11447,7,1,,LA,,31.78,,"LOS ANGELES, WASHINGTON BLVD",-118.44778292497122,33.99047892336658,63000.0,4100,68000,Back,State,True,64.81837771279052,1160
12258,7,710,,LA,R,32.72,,"PASADENA, JCT. RTES. 134/210",-118.15543206378702,34.14969784398426,63000.0,4050,70000,Back,Interstate,True,64.81837771279052,1160
12396,7,91,,LA,R,6.344,,"LOS ANGELES, JCT. RTE. 110",-118.28499353049176,33.872681685260694,63000.0,4300,68000,Back,State,True,64.81837771279052,1160
11058,7,110,,LA,,30.587,,"SOUTH PASADENA, ORANGE GROVE AVENUE",-118.16049247859836,34.119184737098905,63000.0,3750,67000,Ahead,State,True,64.81837771279052,1160
12276,7,710,,LA,T,32.105,,"PASADENA, DEL MAR BOULEVARD",-118.15465464377381,34.140763243288475,63000.0,4050,70000,Ahead,Interstate,True,64.81837771279052,1160
12404,7,91,,LA,,6.012,,"LOS ANGELES, VERMONT AVENUE",-118.29090332396379,33.87267880925716,63000.0,4300,68000,Ahead,State,True,64.81837771279052,1160
11631,7,22,,LA,,1.142,,"LONG BEACH, STUDEBAKER ROAD",-118.10310651631559,33.77417844562392,61000.0,5300,68000,Back,State,True,64.02185624134216,1168
10824,7,107,,LA,,0.747,,"TORRANCE, LOMITA BOULEVARD",-118.35099399139614,33.815872606956134,61000.0,4300,67000,Ahead,State,True,64.02185624134216,1168
11429,7,1,,LA,,23.924,,"EL SEGUNDO, ROSECRANS AVENUE",-118.39610571140327,33.90187721464926,61000.0,3950,65000,Ahead,State,True,64.02185624134216,1168
11445,7,1,,LA,,31.29,,"LOS ANGELES, JCT. RTE. 90",-118.44267852954188,33.984729861744576,61000.0,3950,65000,Ahead,State,True,64.02185624134216,1168
10830,7,107,,LA,,1.829,,"TORRANCE, CARSON STREET",-118.35248158084539,33.83150283227592,60000.0,4200,66000,Back,State,True,63.756349084192706,1172
11180,7,126,,VEN,,2.799,,"VENTURA, KIMBALL ROAD",-119.19029733202593,34.27472198773578,60000.0,6500,256000,Back,State,True,63.756349084192706,1172
11429,7,1,,LA,,23.924,,"EL SEGUNDO, ROSECRANS AVENUE",-118.39610571140327,33.90187721464926,60000.0,3900,64000,Back,State,True,63.756349084192706,1172
10828,7,107,,LA,,1.41,,"TORRANCE, SEPULVEDA BOULEVARD",-118.35133460560242,33.825576696828016,60000.0,4200,66000,Ahead,State,True,63.756349084192706,1172
11062,7,110,,LA,,31.912,,"PASADENA, GLENARM STREET",-118.1472055304686,34.127510255594025,59000.0,3500,63000,Back,State,True,63.54086501462214,1176
11301,7,14,,LA,R,67.39,,"LANCASTER, AVENUE J-8/20TH STREET WEST",-118.16439236258907,34.68232132742625,59000.0,4800,62000,Back,State,True,63.54086501462214,1176
11457,7,1,,LA,,39.326,,"LOS ANGELES, SUNSET BOULEVARD",-118.55564863217516,34.03857272877268,59000.0,3800,63000,Back,State,True,63.54086501462214,1176
11060,7,110,,LA,,31.17,,"SOUTH PASADENA, FAIR OAKS AVENUE",-118.15033528247804,34.119132438530116,59000.0,3500,63000,Ahead,State,True,63.54086501462214,1176
11299,7,14,,LA,R,66.73,,"LANCASTER, AVENUE K",-118.15728904766763,34.674755876786946,59000.0,4800,62000,Ahead,State,True,63.54086501462214,1176
11421,7,1,,LA,,21.181,,"HERMOSA BEACH, AVIATION BOULEVARD",-118.39232004191271,33.86253879077861,58000.0,3750,62000,Back,State,True,63.30614129598276,1181
11433,7,1,,LA,,25.924,,"LOS ANGELES, JCT. RTE. 105",-118.39602682674489,33.93110666691522,58000.0,3750,62000,Back,State,True,63.30614129598276,1181
11451,7,1,,LA,,35.184,,"SANTA MONICA, OCEAN AVENUE",-118.494896506453,34.01143746012886,58000.0,3750,62000,Back,State,True,63.30614129598276,1181
11937,7,47,,LA,R,0.43,,"LOS ANGELES, HARBOR BOULEVARD",-118.28119116401501,33.74949852323127,58000.0,5800,64000,Back,State,True,63.30614129598276,1181
11941,7,47,,LA,,2.302,,"LOS ANGELES, VINCENT THOMAS BRIDGE, SEASIDE BOULEVARD; ROUTE BREAK AHEAD",-118.25728798245142,33.75131643053073,58000.0,5800,64000,Back,State,True,63.30614129598276,1181
11393,7,1,,LA,R,34.576,,"SANTA MONICA, JCT. RTE. 10",-118.48589268247879,34.01482106044579,58000.0,3750,62000,Ahead,State,True,63.30614129598276,1181
11937,7,47,,LA,R,0.43,,"LOS ANGELES, HARBOR BOULEVARD",-118.28119116401501,33.74949852323127,58000.0,5800,64000,Ahead,State,True,63.30614129598276,1181
11939,7,47,,LA,R,0,,"LOS ANGELES, JCT. RTE. 110",-118.29086959222485,33.74892467357479,58000.0,5800,64000,Ahead,State,True,63.30614129598276,1181
11431,7,1,,LA,,24.911,,"EL SEGUNDO, EL SEGUNDO BOULEVARD",-118.39587956322542,33.91638502466129,57000.0,3700,61000,Back,State,True,63.0021548406957,1189
11359,7,164,,LA,,6.224,,"ROSEMEAD, VALLEY BOULEVARD",-118.07313507397225,34.08084966648699,57000.0,3500,63000,Ahead,State,True,63.0021548406957,1189
11409,7,1,,LA,,13.1,,"LOS ANGELES, JCT. RTE. 213",-118.30757754953535,33.789535693329846,57000.0,3700,61000,Ahead,State,True,63.0021548406957,1189
11691,7,27,,LA,,12.43,,"LOS ANGELES, JCT. RTE. 101",-118.60577895401038,34.17075160358389,56000.0,3600,60000,Back,State,True,62.74434354317378,1192
11443,7,1,,LA,,30.474,,"LOS ANGELES, CULVER BOULEVARD",-118.4330330704013,33.97601037576559,56000.0,3600,60000,Ahead,State,True,62.74434354317378,1192
11457,7,1,,LA,,39.326,,"LOS ANGELES, SUNSET BOULEVARD",-118.55564863217516,34.03857272877268,56000.0,3600,60000,Ahead,State,True,62.74434354317378,1192
11627,7,22,,LA,,0.084,,"LONG BEACH, BELLFLOWER BOULEVARD",-118.12129817247184,33.77526844437148,56000.0,4800,62000,Ahead,State,True,62.74434354317378,1192
11689,7,27,,LA,,12.276,,"LOS ANGELES, VENTURA BOULEVARD",-118.60577286972097,34.16852711935667,56000.0,3600,60000,Ahead,State,True,62.74434354317378,1192
11162,7,126,,VEN,R,11.365,,"SANTA PAULA, PALM AVENUE",-119.06861352083102,34.34535608534755,54000.0,5800,230000,Back,State,True,62.32491919347392,1197
11411,7,1,,LA,,14.634,,"TORRANCE, CRENSHAW BOULEVARD",-118.33314787401056,33.79213371083404,54000.0,3500,58000,Back,State,True,62.32491919347392,1197
11443,7,1,,LA,,30.474,,"LOS ANGELES, CULVER BOULEVARD",-118.4330330704013,33.97601037576559,54000.0,3500,58000,Back,State,True,62.32491919347392,1197
11627,7,22,,LA,,0.084,,"LONG BEACH, BELLFLOWER BOULEVARD",-118.12129817247184,33.77526844437148,54000.0,4650,60000,Back,State,True,62.32491919347392,1197
11160,7,126,,VEN,R,10.38,,"SANTA PAULA, PECK ROAD",-119.0827388163098,34.33712525270543,54000.0,5800,230000,Ahead,State,True,62.32491919347392,1197
11441,7,1,,LA,,30.163,,"LOS ANGELES, JEFFERSON BOULEVARD",-118.43020833595666,33.972133067914044,54000.0,3500,58000,Ahead,State,True,62.32491919347392,1197
11629,7,22,,LA,,0,,"LONG BEACH, JCT. RTE. 1",-118.12273627912198,33.77532327988573,54000.0,4650,60000,Ahead,State,True,62.32491919347392,1197
11405,7,1,,LA,,12.171,,"LOS ANGELES, VERMONT AVENUE",-118.29168259720139,33.791061818872464,53000.0,3400,57000,Back,State,True,62.08634754502078,1204
11441,7,1,,LA,,30.163,,"LOS ANGELES, JEFFERSON BOULEVARD",-118.43020833595666,33.972133067914044,53000.0,3400,57000,Back,State,True,62.08634754502078,1204
11403,7,1,,LA,,11.61,,"LOS ANGELES, JCT. RTE. 110",-118.28201380971117,33.790631251934904,53000.0,3400,57000,Ahead,State,True,62.08634754502078,1204
11427,7,1,,LA,,22.9,,"MANHATTAN BEACH, MANHATTAN BEACH BOULEVARD",-118.39593913859675,33.88737266642928,53000.0,3400,57000,Ahead,State,True,62.08634754502078,1204
11431,7,1,,LA,,24.911,,"EL SEGUNDO, EL SEGUNDO BOULEVARD",-118.39587956322542,33.91638502466129,53000.0,3400,57000,Ahead,State,True,62.08634754502078,1204
11439,7,1,,LA,,29.084,,"LOS ANGELES, MANCHESTER AVENUE",-118.41921287872563,33.95979849166782,53000.0,3400,57000,Ahead,State,True,62.08634754502078,1204
10988,7,110,,LA,R,0.931,,"LOS ANGELES, JCT. RTE. 47",-118.29081731656352,33.74888875215064,52000.0,3100,55000,Back,Interstate,True,61.851623826381406,1210
11649,7,23,,VEN,R,10.164,,"MOORPARK, TIERRA REJADA ROAD",-118.85091152877823,34.26660767126636,52000.0,4650,60000,Back,State,True,61.851623826381406,1210
10986,7,110,,LA,R,0.745,,"LOS ANGELES, GAFFEY STREET",-118.29218060253368,33.7466380438488,52000.0,3100,55000,Ahead,Interstate,True,61.851623826381406,1210
11667,7,23,,VEN,R,8.209,,"THOUSAND OAKS, OLSEN ROAD",-118.83983393678413,34.24139971092954,52000.0,4650,60000,Ahead,State,True,61.851623826381406,1210
10824,7,107,,LA,,0.747,,"TORRANCE, LOMITA BOULEVARD",-118.35099399139614,33.815872606956134,51000.0,3550,56000,Back,State,True,61.62074803755579,1214
11359,7,164,,LA,,6.224,,"ROSEMEAD, VALLEY BOULEVARD",-118.07313507397225,34.08084966648699,51000.0,3150,56000,Back,State,True,61.62074803755579,1214
12260,7,710,,LA,T,27.475,,"LOS ANGELES, VALLEY BOULEVARD; TEMPORARY END OF LONG BEACH FREEWAY",-118.16082512474806,34.07303756087319,51000.0,3300,57000,Back,Interstate,True,61.62074803755579,1214
11357,7,164,,LA,,5.599,,"EL MONTE, JCT. RTE. 10",-118.07292655253693,34.071764309741376,51000.0,3150,56000,Ahead,State,True,61.62074803755579,1214
12304,7,710,,LA,,26.497,,"MONTEREY PARK, JCT. RTE. 10",-118.16501241842573,34.061232797162134,51000.0,3300,57000,Ahead,Interstate,True,61.62074803755579,1214
12358,7,90,,LA,,1.746,,"LOS ANGELES, CULVER BOULEVARD",-118.4283035652962,33.98149786025877,50000.0,6500,54000,Back,State,True,61.347545020778824,1219
12356,7,90,,LA,,1.201,,"LOS ANGELES, MINDANAO WAY",-118.43804299989365,33.98296815063484,50000.0,6500,54000,Ahead,State,True,61.347545020778824,1219
11407,7,1,,LA,,12.523,,"LOS ANGELES, NORMANDIE AVENUE",-118.29761187153869,33.78996803366303,49500.0,3200,53000,Back,State,True,61.09742958288441,1221
11459,7,1,,LA,,40.769,,JCT. RTE. 27,-118.57930956595443,34.04014959934658,49500.0,3200,53000,Back,State,True,61.09742958288441,1221
11651,7,23,,VEN,R,11.432,,"MOORPARK, JCT. RTE. 118",-118.86285572013702,34.28200426121154,49500.0,4400,57000,Back,State,True,61.09742958288441,1221
11986,7,5,S,LA,C,45.734,,"RTE. 5/14 SEPARATION OVERHEAD, TRUCK FREEWAY",-118.50786395168397,34.335956959092606,49500.0,3200,52000,Back,Interstate,True,61.09742958288441,1221
11405,7,1,,LA,,12.171,,"LOS ANGELES, VERMONT AVENUE",-118.29168259720139,33.791061818872464,49500.0,3200,53000,Ahead,State,True,61.09742958288441,1221
11649,7,23,,VEN,R,10.164,,"MOORPARK, TIERRA REJADA ROAD",-118.85091152877823,34.26660767126636,49500.0,4400,57000,Ahead,State,True,61.09742958288441,1221
11170,7,126,,VEN,R,5.031,,"VENTURA, JCT. RTE. 118",-119.15629708397387,34.28960339558295,49000.0,5300,209000,Back,State,True,60.9242727412652,1227
11180,7,126,,VEN,,2.799,,"VENTURA, KIMBALL ROAD",-119.19029733202593,34.27472198773578,49000.0,5300,209000,Ahead,State,True,60.9242727412652,1227
11445,7,1,,LA,,31.29,,"LOS ANGELES, JCT. RTE. 90",-118.44267852954188,33.984729861744576,48500.0,3150,52000,Back,State,True,60.735724180390946,1229
11735,7,2,,LA,,14.213,,"LOS ANGELES, RIGHT VIA THE GLENDALE FREEWAY",-118.25834875985129,34.091142056381784,48500.0,4700,58000,Back,State,True,60.735724180390946,1229
11691,7,27,,LA,,12.43,,"LOS ANGELES, JCT. RTE. 101",-118.60577895401038,34.17075160358389,48500.0,3150,52000,Ahead,State,True,60.735724180390946,1229
11733,7,2,,LA,,13.592,,"LOS ANGELES, LEFT ONTO GLENDALE BOULEVARD",-118.26014592312049,34.08287249772015,48500.0,4700,58000,Ahead,State,True,60.735724180390946,1229
10840,7,107,,LA,,4.794,,"REDONDO BEACH, REDONDO BEACH BOULEVARD",-118.35235979444569,33.8743254672723,48000.0,3350,52000,Back,State,True,60.48560874249653,1233
10842,7,107,,LA,,4.801,,"REDONDO BEACH, END OF ROUTE",-118.35236019060274,33.87443282971832,48000.0,3350,52000,Back,State,True,60.48560874249653,1233
11154,7,126,,LA,R,5.46,,THE OLD ROAD,-118.60948734323367,34.440626880617735,48000.0,5100,205000,Back,State,True,60.48560874249653,1233
11156,7,126,,LA,R,5.85,,"SANTA CLARITA, SOUTH JCT. RTE. 5",-118.5831213907928,34.423247367241174,48000.0,5100,205000,Back,State,True,60.48560874249653,1233
11164,7,126,,VEN,R,12.042,,"SANTA PAULA, JCT. RTE. 150",-119.05834199253127,34.3499193971059,48000.0,5100,205000,Back,State,True,60.48560874249653,1233
11305,7,14,,LA,R,68.965,,"LANCASTER, AVENUE I",-118.16988707780597,34.703925652516446,48000.0,3900,51000,Back,State,True,60.48560874249653,1233
10838,7,107,,LA,,4.696,,"TORRANCE, ARTESIA BOULEVARD",-118.35235368230852,33.87282237884729,48000.0,3350,52000,Ahead,State,True,60.48560874249653,1233
10840,7,107,,LA,,4.794,,"REDONDO BEACH, REDONDO BEACH BOULEVARD",-118.35235979444569,33.8743254672723,48000.0,3350,52000,Ahead,State,True,60.48560874249653,1233
11152,7,126,,LA,R,4.885,,COMMERCE CENTER DRIVE,-118.61802839559769,34.435037239338286,48000.0,5100,205000,Ahead,State,True,60.48560874249653,1233
11154,7,126,,LA,R,5.46,,THE OLD ROAD,-118.60948734323367,34.440626880617735,48000.0,5100,205000,Ahead,State,True,60.48560874249653,1233
11162,7,126,,VEN,R,11.365,,"SANTA PAULA, PALM AVENUE",-119.06861352083102,34.34535608534755,48000.0,5100,205000,Ahead,State,True,60.48560874249653,1233
11303,7,14,,LA,R,67.957,,"LANCASTER, AVENUE J",-118.16941886240515,34.689287722554205,48000.0,3900,51000,Ahead,State,True,60.48560874249653,1233
11387,7,187,,LA,,8.905,,"LOS ANGELES, CADILLAC AVENUE",-118.3739201787315,34.037409480097615,46500.0,5100,56000,Back,State,True,59.97768200708019,1245
11423,7,1,,LA,,21.341,,"HERMOSA BEACH, PIER AVENUE/14TH STREET",-118.39298518868505,33.86485286417649,46500.0,3000,50000,Back,State,True,59.97768200708019,1245
11385,7,187,,LA,,8.802,,"LOS ANGELES, JCT. RTE. 10",-118.37546209559417,34.03654363647001,46500.0,5100,56000,Ahead,State,True,59.97768200708019,1245
11421,7,1,,LA,,21.181,,"HERMOSA BEACH, AVIATION BOULEVARD",-118.39232004191271,33.86253879077861,46500.0,3000,50000,Ahead,State,True,59.97768200708019,1245
11409,7,1,,LA,,13.1,,"LOS ANGELES, JCT. RTE. 213",-118.30757754953535,33.789535693329846,46000.0,3000,49500,Back,State,True,59.80452516546099,1249
11737,7,2,,LA,,15.143,,"LOS ANGELES, JCT. RTE. 5",-118.24983979171596,34.10247280586622,46000.0,4450,55000,Back,State,True,59.80452516546099,1249
11459,7,1,,LA,,40.769,,JCT. RTE. 27,-118.57930956595443,34.04014959934658,46000.0,3000,49500,Ahead,State,True,59.80452516546099,1249
11735,7,2,,LA,,14.213,,"LOS ANGELES, RIGHT VIA THE GLENDALE FREEWAY",-118.25834875985129,34.091142056381784,46000.0,4450,55000,Ahead,State,True,59.80452516546099,1249
11427,7,1,,LA,,22.9,,"MANHATTAN BEACH, MANHATTAN BEACH BOULEVARD",-118.39593913859675,33.88737266642928,45500.0,2950,49000,Back,State,True,59.61597660458673,1253
12340,7,72,,LA,,3.65,,"WHITTIER, PAINTER AVENUE",-118.03283928418705,33.9632773219207,45500.0,3100,48500,Back,State,True,59.61597660458673,1253
11407,7,1,,LA,,12.523,,"LOS ANGELES, NORMANDIE AVENUE",-118.29761187153869,33.78996803366303,45500.0,2950,49000,Ahead,State,True,59.61597660458673,1253
11174,7,126,,VEN,T,16.73,,SESPE RANCH UNDERCROSSING,-118.9864654671988,34.379373226621865,45000.0,4850,192000,Back,State,True,59.30429428967216,1256
11166,7,126,,VEN,R,13.248,,HALLOCK DRIVE,-119.04143542310135,34.3601396708533,45000.0,4850,192000,Ahead,State,True,59.30429428967216,1256
11449,7,1,,LA,,32.166,,"LOS ANGELES, JCT. RTE. 187",-118.45274264852065,33.99411521607573,44500.0,2900,47500,Back,State,True,59.03878713252271,1258
11729,7,2,,LA,,12.75,,"LOS ANGELES, JCT. RTE. 101",-118.26686609669179,34.072095857286904,44500.0,4300,53000,Back,State,True,59.03878713252271,1258
12274,7,710,,LA,T,32.08,,"PASADENA, TEMPORARY BEGIN LONG BEACH FREEWAY",-118.15457764917083,34.140401936092545,44500.0,2850,49000,Back,Interstate,True,59.03878713252271,1258
12276,7,710,,LA,T,32.105,,"PASADENA, DEL MAR BOULEVARD",-118.15465464377381,34.140763243288475,44500.0,2850,49000,Back,Interstate,True,59.03878713252271,1258
11447,7,1,,LA,,31.78,,"LOS ANGELES, WASHINGTON BLVD",-118.44778292497122,33.99047892336658,44500.0,2900,47500,Ahead,State,True,59.03878713252271,1258
11727,7,2,,LA,,12.58,,"LOS ANGELES, WESTERN AVENUE",-118.3092080717261,34.09077482442314,44500.0,4300,53000,Ahead,State,True,59.03878713252271,1258
12274,7,710,,LA,T,32.08,,"PASADENA, TEMPORARY BEGIN LONG BEACH FREEWAY",-118.15457764917083,34.140401936092545,44500.0,2850,49000,Ahead,Interstate,True,59.03878713252271,1258
11064,7,110,,LA,,31.913,,"PASADENA, END FREEWAY",-118.14720558077427,34.127524859493974,44000.0,2650,47000,Back,State,True,58.86178236108973,1265
11361,7,164,,LA,,6.64,,"ROSEMEAD, LOWER AZUSA ROAD",-118.07328595860062,34.08699513109405,44000.0,2750,48500,Back,State,True,58.86178236108973,1265
11425,7,1,,LA,,21.919,,"MANHATTAN BEACH, ARTESIA BOULEVARD",-118.39548393708947,33.872838121508074,44000.0,2850,47000,Back,State,True,58.86178236108973,1265
11062,7,110,,LA,,31.912,,"PASADENA, GLENARM STREET",-118.1472055304686,34.127510255594025,44000.0,2650,47000,Ahead,State,True,58.86178236108973,1265
12338,7,72,,LA,,1.85,,"WHITTIER, COLIMA ROAD",-118.00647385636229,33.94885102635341,43500.0,2950,46500,Ahead,State,True,58.68862551947053,1269
11303,7,14,,LA,R,67.957,,"LANCASTER, AVENUE J",-118.16941886240515,34.689287722554205,43000.0,3450,45000,Back,State,True,58.546252116361394,1270
11301,7,14,,LA,R,67.39,,"LANCASTER, AVENUE J-8/20TH STREET WEST",-118.16439236258907,34.68232132742625,43000.0,3450,45000,Ahead,State,True,58.546252116361394,1270
11425,7,1,,LA,,21.919,,"MANHATTAN BEACH, ARTESIA BOULEVARD",-118.39548393708947,33.872838121508074,42500.0,2800,46000,Ahead,State,True,58.257657380329384,1272
11697,7,27,,LA,,15.83,,"LOS ANGELES, ROSCOE BOULEVARD",-118.60591035687521,34.21968630424409,42500.0,2800,46000,Ahead,State,True,58.257657380329384,1272
12318,7,71,,LA,R,0.49,L,"POMONA, END LEFT ALIGN",-117.80518366593542,34.06756028014391,42000.0,2900,52000,Back,State,True,57.99984608280745,1274
12319,7,71,,LA,R,0.49,R,"POMONA, END RIGHT ALIGN",-117.8052793023772,34.067430301850955,42000.0,2900,52000,Back,State,True,57.99984608280745,1274
12346,7,72,,LA,,6.662,,"WHITTIER, JCT. RTE. 605",-118.0692408781139,33.99341177586532,42000.0,2850,44500,Back,State,True,57.99984608280745,1274
11423,7,1,,LA,,21.341,,"HERMOSA BEACH, PIER AVENUE/14TH STREET",-118.39298518868505,33.86485286417649,42000.0,2750,45500,Ahead,State,True,57.99984608280745,1274
12316,7,71,,LA,R,0.335,L,"POMONA, JCT. RTES. 10/57, BEGIN LEFT ALIGN",-117.80741288292367,34.06954383154949,42000.0,2900,52000,Ahead,State,True,57.99984608280745,1274
12317,7,71,,LA,R,0.335,R,"POMONA, JCT. RTES. 10/57, BEGIN RIGHT ALIGN",-117.8075659971706,34.06838398135101,42000.0,2900,52000,Ahead,State,True,57.99984608280745,1274
12344,7,72,,LA,,6.278,,"WHITTIER, NORWALK BOULEVARD",-118.06405274712367,33.98992127734275,42000.0,2850,44500,Ahead,State,True,57.99984608280745,1274
11701,7,27,,LA,,20.062,,"LOS ANGELES, JCT. RTE. 118",-118.6047972274572,34.27775120519513,41500.0,2700,45000,Back,State,True,57.753578574726795,1281
10826,7,107,,LA,,0,,"TORRANCE, JCT. RTE. 1",-118.3510111851507,33.805029823319494,41500.0,2900,45500,Ahead,State,True,57.753578574726795,1281
11307,7,14,,LA,R,69.991,,"LANCASTER, AVENUE H",-118.16999297660155,34.71872294449594,41000.0,3350,43500,Back,State,True,57.576573803293826,1283
11305,7,14,,LA,R,68.965,,"LANCASTER, AVENUE I",-118.16988707780597,34.703925652516446,41000.0,3350,43500,Ahead,State,True,57.576573803293826,1283
11719,7,2,,LA,,10.651,,"LOS ANGELES, SYCAMORE AVENUE",-118.34281486127695,34.090657911887014,40500.0,3900,48000,Back,State,True,57.391873172233346,1285
11751,7,2,,LA,,3.645,,"LOS ANGELES, JCT. RTE. 405",-118.44684985297043,34.04690184503467,40500.0,3900,48000,Back,State,True,57.391873172233346,1285
11395,7,1,,LA,,0,,LOS ANGELES/ORANGE COUNTY LINE,-118.10592541979568,33.75101481712639,40500.0,2650,44000,Ahead,State,True,57.391873172233346,1285
11411,7,1,,LA,,14.634,,"TORRANCE, CRENSHAW BOULEVARD",-118.33314787401056,33.79213371083404,40500.0,2650,44000,Ahead,State,True,57.391873172233346,1285
11751,7,2,,LA,,3.645,,"LOS ANGELES, JCT. RTE. 405",-118.44684985297043,34.04690184503467,40500.0,3900,48000,Ahead,State,True,57.391873172233346,1285
11184,7,126,,VEN,,21.137,,"FILLMORE, JCT. RTE. 23",-118.91776472355092,34.39613611208205,40000.0,4300,171000,Back,State,True,57.16099738340773,1290
11393,7,1,,LA,R,34.576,,"SANTA MONICA, JCT. RTE. 10",-118.48589268247879,34.01482106044579,40000.0,2600,43500,Back,State,True,57.16099738340773,1290
11465,7,1,,LA,,47.75,,"MALIBU, CIVIC CENTER WAY",-118.69694993878292,34.03526343500588,40000.0,2600,43500,Back,State,True,57.16099738340773,1290
12342,7,72,,LA,,4.252,,"WHITTIER, SANTA FE SPRINGS ROAD/WASHINGTON BOULEVARD",-118.0417789837213,33.968282108035915,40000.0,2750,43000,Back,State,True,57.16099738340773,1290
11463,7,1,,LA,,47.091,,"MALIBU, CROSS CREEK ROAD",-118.68522474141902,34.0344427775353,40000.0,2600,43500,Ahead,State,True,57.16099738340773,1290
12340,7,72,,LA,,3.65,,"WHITTIER, PAINTER AVENUE",-118.03283928418705,33.9632773219207,40000.0,2750,43000,Ahead,State,True,57.16099738340773,1290
11309,7,14,,LA,R,70.992,,AVENUE G,-118.17011830505844,34.73320060572598,39500.0,3200,42000,Back,State,True,56.97244882253347,1296
11307,7,14,,LA,R,69.991,,"LANCASTER, AVENUE H",-118.16999297660155,34.71872294449594,39500.0,3200,42000,Ahead,State,True,56.97244882253347,1296
11413,7,1,,LA,,16.005,,"TORRANCE, JCT. RTE. 107",-118.35110817984517,33.8051032552836,39500.0,2600,42500,Ahead,State,True,56.97244882253347,1296
11311,7,14,,LA,R,71.995,,AVENUE F,-118.17022549832633,34.74776492539013,39000.0,3150,41500,Back,State,True,56.73387717408035,1299
11363,7,164,,LA,,6.899,,END OF ROUTE,-118.0732884316626,34.09053875322733,39000.0,2400,43000,Back,State,True,56.73387717408035,1299
11439,7,1,,LA,,29.084,,"LOS ANGELES, MANCHESTER AVENUE",-118.41921287872563,33.95979849166782,39000.0,2550,42000,Back,State,True,56.73387717408035,1299
11775,7,33,,VEN,,1.565,,"VENTURA, STANLEY AVENUE",-119.3016141159215,34.30063608722734,39000.0,2300,40000,Back,State,True,56.73387717408035,1299
11309,7,14,,LA,R,70.992,,AVENUE G,-118.17011830505844,34.73320060572598,39000.0,3150,41500,Ahead,State,True,56.73387717408035,1299
11361,7,164,,LA,,6.64,,"ROSEMEAD, LOWER AZUSA ROAD",-118.07328595860062,34.08699513109405,39000.0,2400,43000,Ahead,State,True,56.73387717408035,1299
11773,7,33,,VEN,,0,,"VENTURA, JCT. RTE. 101",-119.30491853994805,34.2792313924372,39000.0,2300,40000,Ahead,State,True,56.73387717408035,1299
11166,7,126,,VEN,R,13.248,,HALLOCK DRIVE,-119.04143542310135,34.3601396708533,38500.0,4150,164000,Back,State,True,56.418346929352005,1306
11403,7,1,,LA,,11.61,,"LOS ANGELES, JCT. RTE. 110",-118.28201380971117,33.790631251934904,38500.0,2500,41500,Back,State,True,56.418346929352005,1306
11463,7,1,,LA,,47.091,,"MALIBU, CROSS CREEK ROAD",-118.68522474141902,34.0344427775353,38500.0,2500,41500,Back,State,True,56.418346929352005,1306
12334,7,72,,LA,,0.96,,"WHITTIER, SANTA GERTRUDES AVENUE",-117.99216056235919,33.943958608104346,38500.0,2650,41500,Back,State,True,56.418346929352005,1306
11164,7,126,,VEN,R,12.042,,"SANTA PAULA, JCT. RTE. 150",-119.05834199253127,34.3499193971059,38500.0,4150,164000,Ahead,State,True,56.418346929352005,1306
11449,7,1,,LA,,32.166,,"LOS ANGELES, JCT. RTE. 187",-118.45274264852065,33.99411521607573,38500.0,2500,41500,Ahead,State,True,56.418346929352005,1306
11182,7,126,,VEN,,20.331,,"FILLMORE, WEST CITY LIMITS, LOS SERENOS ROAD",-118.93091310385316,34.39438583783611,38000.0,4100,162000,Back,State,True,56.148991842388796,1312
11313,7,14,,LA,R,74.003,,NORTH JCT. RTE. 138,-118.17046588210647,34.7769375386654,38000.0,3100,40000,Back,State,True,56.148991842388796,1312
11174,7,126,,VEN,T,16.73,,SESPE RANCH UNDERCROSSING,-118.9864654671988,34.379373226621865,38000.0,4100,162000,Ahead,State,True,56.148991842388796,1312
11182,7,126,,VEN,,20.331,,"FILLMORE, WEST CITY LIMITS, LOS SERENOS ROAD",-118.93091310385316,34.39438583783611,38000.0,4100,162000,Ahead,State,True,56.148991842388796,1312
11311,7,14,,LA,R,71.995,,AVENUE F,-118.17022549832633,34.74776492539013,38000.0,3100,40000,Ahead,State,True,56.148991842388796,1312
11401,7,1,,LA,,10.532,,"LOS ANGELES, AVALON BOULEVARD",-118.26330364148134,33.79121263437264,38000.0,2500,41000,Ahead,State,True,56.148991842388796,1312
11461,7,1,,LA,,44.121,,"MALIBU, LAS FLORES CANYON ROAD",-118.63603006705449,34.03692184763692,38000.0,2500,41000,Ahead,State,True,56.148991842388796,1312
11385,7,187,,LA,,8.802,,"LOS ANGELES, JCT. RTE. 10",-118.37546209559417,34.03654363647001,37500.0,4000,45000,Back,State,True,55.85654917654303,1319
11461,7,1,,LA,,44.121,,"MALIBU, LAS FLORES CANYON ROAD",-118.63603006705449,34.03692184763692,37500.0,2450,40500,Back,State,True,55.85654917654303,1319
11487,7,1,,LA,,7.288,,"LONG BEACH, JCT. RTE. 710",-118.2073268969275,33.7900157561233,37500.0,2450,40500,Back,State,True,55.85654917654303,1319
11699,7,27,,LA,,18.629,,"LOS ANGELES, DEVONSHIRE STREET",-118.60601931084106,34.25723417180199,37500.0,2450,40500,Back,State,True,55.85654917654303,1319
12338,7,72,,LA,,1.85,,"WHITTIER, COLIMA ROAD",-118.00647385636229,33.94885102635341,37500.0,2500,40000,Back,State,True,55.85654917654303,1319
12334,7,72,,LA,,0.96,,"WHITTIER, SANTA GERTRUDES AVENUE",-117.99216056235919,33.943958608104346,37500.0,2500,40000,Ahead,State,True,55.85654917654303,1319
11695,7,27,,LA,,14.55,,"LOS ANGELES, SHERMAN WAY",-118.60586295996417,34.2010570037188,37000.0,2400,40000,Back,State,True,55.641065106972455,1325
11699,7,27,,LA,,18.629,,"LOS ANGELES, DEVONSHIRE STREET",-118.60601931084106,34.25723417180199,37000.0,2400,40000,Ahead,State,True,55.641065106972455,1325
11158,7,126,,LA,,6.036,,"SANTA CLARITA, TOURNEY ROAD (END OF ROUTE)",-118.5801294897553,34.42398897173242,36500.0,3950,156000,Back,State,True,55.46406033553948,1327
11156,7,126,,LA,R,5.85,,"SANTA CLARITA, SOUTH JCT. RTE. 5",-118.5831213907928,34.423247367241174,36500.0,3950,156000,Ahead,State,True,55.46406033553948,1327
11417,7,1,,LA,,19.524,,"REDONDO BEACH, TORRANCE BOULEVARD",-118.38544298656018,33.83830644034727,36500.0,2400,39500,Ahead,State,True,55.46406033553948,1327
11413,7,1,,LA,,16.005,,"TORRANCE, JCT. RTE. 107",-118.35110817984517,33.8051032552836,36000.0,2350,39000,Back,State,True,55.256272125596425,1330
11417,7,1,,LA,,19.524,,"REDONDO BEACH, TORRANCE BOULEVARD",-118.38544298656018,33.83830644034727,36000.0,2350,39000,Back,State,True,55.256272125596425,1330
11615,7,213,,LA,,4.314,,"LOMITA, PALOS VERDES DRIVE NORTH",-118.3094475014954,33.77901779565835,36000.0,2200,37500,Back,State,True,55.256272125596425,1330
11487,7,1,,LA,,7.288,,"LONG BEACH, JCT. RTE. 710",-118.2073268969275,33.7900157561233,36000.0,2350,39000,Ahead,State,True,55.256272125596425,1330
11613,7,213,,LA,,3.458,,"RANCHO PALOS VERDES, AVENDIA APPRENDA ROAD",-118.31043894871829,33.766874190006256,36000.0,2200,37500,Ahead,State,True,55.256272125596425,1330
11693,7,27,,LA,,14.05,,"LOS ANGELES, VANOWEN STREET",-118.60584133392203,34.1937735515259,36000.0,2350,39000,Ahead,State,True,55.256272125596425,1330
11237,7,138,,LA,,43.418,,JCT. RTE. 14 SOUTH,-118.13377906948365,34.581225152211346,35500.0,2750,40000,Ahead,State,True,54.98306910881946,1336
11695,7,27,,LA,,14.55,,"LOS ANGELES, SHERMAN WAY",-118.60586295996417,34.2010570037188,35000.0,2300,37500,Ahead,State,True,54.71371402185624,1337
11693,7,27,,LA,,14.05,,"LOS ANGELES, VANOWEN STREET",-118.60584133392203,34.1937735515259,34500.0,2250,37000,Back,State,True,54.49822995228567,1338
11727,7,2,,LA,,12.58,,"LOS ANGELES, WESTERN AVENUE",-118.3092080717261,34.09077482442314,34500.0,3300,41000,Back,State,True,54.49822995228567,1338
11108,7,118,,VEN,R,1.019,,TELEPHONE ROAD,-119.15125051579435,34.283701865951045,34500.0,3100,38500,Ahead,State,True,54.49822995228567,1338
11184,7,126,,VEN,,21.137,,"FILLMORE, JCT. RTE. 23",-118.91776472355092,34.39613611208205,34500.0,3750,147000,Ahead,State,True,54.49822995228567,1338
11437,7,1,,LA,,27.363,,"LOS ANGELES, LOS ANGELES INTERNATIONAL AIRPORT, VIA LINCOLN BOULEVARD",-118.39627321755934,33.95179198854008,34500.0,2250,37000,Ahead,State,True,54.49822995228567,1338
11469,7,1,,LA,,5.011,,"LONG BEACH, CHERRY AVENUE",-118.16767362086108,33.7899156891367,34500.0,2250,37000,Ahead,State,True,54.49822995228567,1338
11725,7,2,,LA,,12.32,,"LOS ANGELES, WILTON PLACE",-118.31358540579875,34.090767309137554,34500.0,3300,41000,Ahead,State,True,54.49822995228567,1338
10856,7,10,S,LA,,25.208,,"ALHAMBRA, DEL MAR AVENUE",-118.10168106872442,34.07185661844098,34000.0,2050,35000,Back,Interstate,True,54.14422040941973,1345
11186,7,126,,VEN,,22.48,,"FILLMORE, EAST CITY LIMITS",-118.89514166192845,34.39804069903378,34000.0,3650,145000,Back,State,True,54.14422040941973,1345
11467,7,1,,LA,,48.171,,"MALIBU, MALIBU CANYON ROAD",-118.70338959364382,34.03479361563329,34000.0,2200,36500,Back,State,True,54.14422040941973,1345
11469,7,1,,LA,,5.011,,"LONG BEACH, CHERRY AVENUE",-118.16767362086108,33.7899156891367,34000.0,2200,36500,Back,State,True,54.14422040941973,1345
10854,7,10,S,LA,,21.415,,"ALHAMBRA, JCT. RTE. 710",-118.1649520085195,34.06248843458961,34000.0,2050,35000,Ahead,Interstate,True,54.14422040941973,1345
11186,7,126,,VEN,,22.48,,"FILLMORE, EAST CITY LIMITS",-118.89514166192845,34.39804069903378,34000.0,3650,145000,Ahead,State,True,54.14422040941973,1345
11465,7,1,,LA,,47.75,,"MALIBU, CIVIC CENTER WAY",-118.69694993878292,34.03526343500588,34000.0,2200,36500,Ahead,State,True,54.14422040941973,1345
11152,7,126,,LA,R,4.885,,COMMERCE CENTER DRIVE,-118.61802839559769,34.435037239338286,33500.0,3600,143000,Back,State,True,53.74403570878867,1352
11150,7,126,,LA,R,3.564,,WOLCOTT WAY,-118.63766518143296,34.42556285395672,33500.0,3600,143000,Ahead,State,True,53.74403570878867,1352
12348,7,72,,LA,,6.707,,"WHITTIER, PIONEER BOULEVARD",-118.06988989653364,33.993853897616574,33000.0,2250,35500,Back,State,True,53.44389718331538,1354
12346,7,72,,LA,,6.662,,"WHITTIER, JCT. RTE. 605",-118.0692408781139,33.99341177586532,33000.0,2250,35500,Ahead,State,True,53.44389718331538,1354
12348,7,72,,LA,,6.707,,"WHITTIER, PIONEER BOULEVARD",-118.06988989653364,33.993853897616574,33000.0,2250,35500,Ahead,State,True,53.44389718331538,1354
11112,7,118,,VEN,R,17.905,,"MOORPARK, EAST JCT. RTE. 23",-118.87474670877315,34.27885715175624,32500.0,2900,36500,Back,State,True,53.05140834231183,1357
11721,7,2,,LA,,10.896,,"LOS ANGELES, HIGHLAND AVENUE",-118.33851364056004,34.09069061554295,32500.0,3100,38500,Back,State,True,53.05140834231183,1357
11731,7,2,,LA,,13.19,,"LOS ANGELES, SUNSET BOULEVARD",-118.26338809659279,34.077767849812005,32500.0,3100,38500,Back,State,True,53.05140834231183,1357
11988,7,5,S,LA,C,46.351,,END TRUCK LANE FREEWAY,-118.51773606655054,34.3397445449324,32500.0,2100,34000,Back,Interstate,True,53.05140834231183,1357
11110,7,118,,VEN,R,17.494,,"MOORPARK, WEST JCT. RTE. 23",-118.88214969897845,34.2788746154578,32500.0,2900,36500,Ahead,State,True,53.05140834231183,1357
11719,7,2,,LA,,10.651,,"LOS ANGELES, SYCAMORE AVENUE",-118.34281486127695,34.090657911887014,32500.0,3100,38500,Ahead,State,True,53.05140834231183,1357
11729,7,2,,LA,,12.75,,"LOS ANGELES, JCT. RTE. 101",-118.26686609669179,34.072095857286904,32500.0,3100,38500,Ahead,State,True,53.05140834231183,1357
11986,7,5,S,LA,C,45.734,,"RTE. 5/14 SEPARATION OVERHEAD, TRUCK FREEWAY",-118.50786395168397,34.335956959092606,32500.0,2100,34000,Ahead,Interstate,True,53.05140834231183,1357
11397,7,1,,LA,,1.86,,"LONG BEACH, BELLFLOWER BOULEVARD",-118.1209983983733,33.77414481971913,32000.0,2100,34500,Back,State,True,52.70509465907342,1365
11613,7,213,,LA,,3.458,,"RANCHO PALOS VERDES, AVENDIA APPRENDA ROAD",-118.31043894871829,33.766874190006256,32000.0,1950,33000,Back,State,True,52.70509465907342,1365
12352,7,90,,LA,T,3.278,,"CULVER CITY, SLAUSON AVENUE",-118.38933015130479,33.98881052228074,32000.0,4150,34500,Back,State,True,52.70509465907342,1365
11481,7,1,,LA,,6.26,,"LONG BEACH, LONG BEACH BOULEVARD",-118.18935607271924,33.78991993042343,32000.0,2100,34500,Ahead,State,True,52.70509465907342,1365
12360,7,90,,LA,,2.65,,"CULVER CITY, JCT. RTE. 405",-118.39899028891715,33.98764892297605,32000.0,4150,34500,Ahead,State,True,52.70509465907342,1365
11419,7,1,,LA,,2.751,,"LONG BEACH, ANAHEIM STREET",-118.13260754957217,33.782729140309975,31500.0,2050,34000,Back,State,True,52.3780206249038,1370
11489,7,1,,LA,,8.266,,"LONG BEACH, JCT. RTE. 103",-118.22462974556859,33.789899594493065,31500.0,2050,34000,Back,State,True,52.3780206249038,1370
11399,7,1,,LA,,1.973,,"LONG BEACH, JCT. RTE. 22",-118.12264803491668,33.775351617938576,31500.0,2050,34000,Ahead,State,True,52.3780206249038,1370
10858,7,10,S,LA,,28.19,,"EL MONTE, CONNECTIONS TO SAN BERNARDINO FREEWAY",-118.04967743253506,34.072446227069186,31000.0,1900,32000,Back,Interstate,True,52.15099276589194,1373
11401,7,1,,LA,,10.532,,"LOS ANGELES, AVALON BOULEVARD",-118.26330364148134,33.79121263437264,31000.0,2000,33500,Back,State,True,52.15099276589194,1373
11723,7,2,,LA,,11.581,,"LOS ANGELES, VINE STREET",-118.32664764844502,34.0907449038815,31000.0,2950,36500,Back,State,True,52.15099276589194,1373
10856,7,10,S,LA,,25.208,,"ALHAMBRA, DEL MAR AVENUE",-118.10168106872442,34.07185661844098,31000.0,1900,32000,Ahead,Interstate,True,52.15099276589194,1373
11168,7,126,,VEN,R,29.296,,CENTER STREET,-118.78025496141568,34.41048539723959,31000.0,3300,132000,Ahead,State,True,52.15099276589194,1373
11721,7,2,,LA,,10.896,,"LOS ANGELES, HIGHLAND AVENUE",-118.33851364056004,34.09069061554295,31000.0,2950,36500,Ahead,State,True,52.15099276589194,1373
11108,7,118,,VEN,R,1.019,,TELEPHONE ROAD,-119.15125051579435,34.283701865951045,30500.0,2750,34500,Back,State,True,51.88163767892874,1379
11481,7,1,,LA,,6.26,,"LONG BEACH, LONG BEACH BOULEVARD",-118.18935607271924,33.78991993042343,30500.0,2000,32500,Back,State,True,51.88163767892874,1379
11138,7,118,,VEN,,0.516,,"VENTURA, JCT. RTE. 126",-119.15640635594336,34.289627175301355,30500.0,2750,34500,Ahead,State,True,51.88163767892874,1379
11491,7,1,,LA,,9.253,,"LOS ANGELES, ALAMEDA STREET",-118.24077876032953,33.79129728931314,30500.0,2000,32500,Ahead,State,True,51.88163767892874,1379
11731,7,2,,LA,,13.19,,"LOS ANGELES, SUNSET BOULEVARD",-118.26338809659279,34.077767849812005,30500.0,2900,36000,Ahead,State,True,51.88163767892874,1379
11144,7,118,,VEN,,2.2,,JCT. RTE. 232,-119.13543666605918,34.27405566234112,30000.0,2700,34000,Back,State,True,51.56995536401416,1384
11237,7,138,,LA,,43.418,,JCT. RTE. 14 SOUTH,-118.13377906948365,34.581225152211346,30000.0,2350,34000,Back,State,True,51.56995536401416,1384
11415,7,1,,LA,,18.09,,"TORRANCE, PALOS VERDES BOULEVARD",-118.3834975473702,33.81865509848178,30000.0,1950,32000,Back,State,True,51.56995536401416,1384
11491,7,1,,LA,,9.253,,"LOS ANGELES, ALAMEDA STREET",-118.24077876032953,33.79129728931314,30000.0,1950,32000,Back,State,True,51.56995536401416,1384
11617,7,213,,LA,,5.085,,"LOS ANGELES, JCT. RTE. 1",-118.30754319616226,33.78949051045942,30000.0,1850,31500,Back,State,True,51.56995536401416,1384
11623,7,213,,LA,,7.983,,CARSON STREET,-118.30896345777929,33.831450154974455,30000.0,1850,31500,Back,State,True,51.56995536401416,1384
11625,7,213,,LA,,8.973,,W 204TH STREET,-118.30919971559733,33.845681981602446,30000.0,1850,31500,Back,State,True,51.56995536401416,1384
11689,7,27,,LA,,12.276,,"LOS ANGELES, VENTURA BOULEVARD",-118.60577286972097,34.16852711935667,30000.0,1950,32000,Back,State,True,51.56995536401416,1384
11697,7,27,,LA,,15.83,,"LOS ANGELES, ROSCOE BOULEVARD",-118.60591035687521,34.21968630424409,30000.0,1950,32000,Back,State,True,51.56995536401416,1384
11725,7,2,,LA,,12.32,,"LOS ANGELES, WILTON PLACE",-118.31358540579875,34.090767309137554,30000.0,2850,35500,Back,State,True,51.56995536401416,1384
11233,7,138,,LA,,36.874,,JCT. RTE. 14 NORTH,-118.17065323743707,34.77694938201026,30000.0,2350,34000,Ahead,State,True,51.56995536401416,1384
11489,7,1,,LA,,8.266,,"LONG BEACH, JCT. RTE. 103",-118.22462974556859,33.789899594493065,30000.0,1950,32000,Ahead,State,True,51.56995536401416,1384
11621,7,213,,LA,,6.996,,"LOS ANGELES, SEPULVEDA BOULEVARD",-118.30881702520144,33.817055534317106,30000.0,1850,31500,Ahead,State,True,51.56995536401416,1384
11623,7,213,,LA,,7.983,,CARSON STREET,-118.30896345777929,33.831450154974455,30000.0,1850,31500,Ahead,State,True,51.56995536401416,1384
11723,7,2,,LA,,11.581,,"LOS ANGELES, VINE STREET",-118.32664764844502,34.0907449038815,30000.0,2850,35500,Ahead,State,True,51.56995536401416,1384
11150,7,126,,LA,R,3.564,,WOLCOTT WAY,-118.63766518143296,34.42556285395672,29500.0,3200,126000,Back,State,True,51.1697706633831,1399
11168,7,126,,VEN,R,29.296,,CENTER STREET,-118.78025496141568,34.41048539723959,29500.0,3150,126000,Back,State,True,51.1697706633831,1399
12356,7,90,,LA,,1.201,,"LOS ANGELES, MINDANAO WAY",-118.43804299989365,33.98296815063484,29500.0,3850,32000,Back,State,True,51.1697706633831,1399
11148,7,126,,LA,R,0,,VENTURA/LOS ANGELES COUNTY LINE,-118.69279168853672,34.40609549458355,29500.0,3200,126000,Ahead,State,True,51.1697706633831,1399
12354,7,90,,LA,,0.921,,"LOS ANGELES, JCT. RTE. 1",-118.44260799921567,33.98452912250422,29500.0,3850,32000,Ahead,State,True,51.1697706633831,1399
11791,7,33,,VEN,,2.648,,SHELL ROAD,-119.29436666631271,34.31551901572284,29000.0,1700,29500,Back,State,True,50.83500076958596,1404
11611,7,213,,LA,,0,,"LOS ANGELES, 25TH STREET",-118.31285776862197,33.72294007635217,29000.0,1800,30500,Ahead,State,True,50.83500076958596,1404
11775,7,33,,VEN,,1.565,,"VENTURA, STANLEY AVENUE",-119.3016141159215,34.30063608722734,29000.0,1700,29500,Ahead,State,True,50.83500076958596,1404
11415,7,1,,LA,,18.09,,"TORRANCE, PALOS VERDES BOULEVARD",-118.3834975473702,33.81865509848178,27500.0,1750,29500,Ahead,State,True,49.638294597506544,1407
11467,7,1,,LA,,48.171,,"MALIBU, MALIBU CANYON ROAD",-118.70338959364382,34.03479361563329,27500.0,1750,29500,Ahead,State,True,49.638294597506544,1407
11471,7,1,,LA,,54.02,,"MALIBU, KANAN DUME ROAD",-118.80259069958949,34.021552844902956,27500.0,1750,29500,Ahead,State,True,49.638294597506544,1407
11505,7,1,,VEN,,21.075,,"OXNARD, JCT. RTE. 101",-119.18083148383984,34.239855533256026,27000.0,2100,30000,Back,State,True,49.19963059873788,1410
11621,7,213,,LA,,6.996,,"LOS ANGELES, SEPULVEDA BOULEVARD",-118.30881702520144,33.817055534317106,27000.0,1650,28000,Back,State,True,49.19963059873788,1410
11733,7,2,,LA,,13.592,,"LOS ANGELES, LEFT ONTO GLENDALE BOULEVARD",-118.26014592312049,34.08287249772015,27000.0,2600,32000,Back,State,True,49.19963059873788,1410
12344,7,72,,LA,,6.278,,"WHITTIER, NORWALK BOULEVARD",-118.06405274712367,33.98992127734275,27000.0,1800,28500,Back,State,True,49.19963059873788,1410
11619,7,213,,LA,,5.667,,"LOS ANGELES, LOMITA BOULEVARD",-118.30750085407135,33.79788537256111,27000.0,1650,28000,Ahead,State,True,49.19963059873788,1410
12336,7,72,,LA,,0,,ORANGE/LOS ANGELES COUNTY LINE,-117.97652354868264,33.93997638488429,27000.0,1800,28500,Ahead,State,True,49.19963059873788,1410
12342,7,72,,LA,,4.252,,"WHITTIER, SANTA FE SPRINGS ROAD/WASHINGTON BOULEVARD",-118.0417789837213,33.968282108035915,27000.0,1800,28500,Ahead,State,True,49.19963059873788,1410
11471,7,1,,LA,,54.02,,"MALIBU, KANAN DUME ROAD",-118.80259069958949,34.021552844902956,26500.0,1700,28500,Back,State,True,48.872556564568264,1417
11419,7,1,,LA,,2.751,,"LONG BEACH, ANAHEIM STREET",-118.13260754957217,33.782729140309975,26500.0,1700,28500,Ahead,State,True,48.872556564568264,1417
11769,7,33,,VEN,R,4.487,,CANADA LARGA ROAD,-119.29256816545205,34.3415028384016,26000.0,1550,26500,Back,State,True,48.472371863937205,1419
11791,7,33,,VEN,,2.648,,SHELL ROAD,-119.29436666631271,34.31551901572284,26000.0,1550,26500,Ahead,State,True,48.472371863937205,1419
11659,7,23,,VEN,R,3.32,,"THOUSAND OAKS, JCT. RTE. 101",-118.82506661447349,34.15760402327651,25500.0,2250,29500,Back,State,True,48.06449130367862,1421
11771,7,33,,VEN,R,5.635,,CASITAS VISTA ROAD,-119.30606230910377,34.352872681375864,25000.0,1500,25500,Back,State,True,47.6796983223026,1422
12278,7,710,,LA,T,32.13,,"PASADENA, ON PASADENA AVENUE AT END OF NORTHBOUND COUPLET",-118.15473074545143,34.14112036750894,25000.0,1600,27500,Back,Interstate,True,47.6796983223026,1422
11769,7,33,,VEN,R,4.487,,CANADA LARGA ROAD,-119.29256816545205,34.3415028384016,25000.0,1500,25500,Ahead,State,True,47.6796983223026,1422
12272,7,710,,LA,T,31.761,,"PASADENA, ON PASADENA AVENUE AT CALIFORNIA STREET",-118.15411660591924,34.13576090168648,25000.0,1600,27500,Ahead,Interstate,True,47.6796983223026,1422
11110,7,118,,VEN,R,17.494,,"MOORPARK, WEST JCT. RTE. 23",-118.88214969897845,34.2788746154578,24600.0,2200,27500,Back,State,True,47.23333846390641,1426
12244,7,66,,LA,R,0.189,,"LA VERNE, JCT. RTE. 210",-117.78707189336411,34.12009056596485,24500.0,1800,26000,Ahead,State,True,47.15253193781746,1427
11743,7,2,,LA,,2.6,,"LOS ANGELES, BUNDY DRIVE",-118.46336929612363,34.0404752634083,24300.0,2350,28500,Ahead,State,True,46.95628751731569,1428
11399,7,1,,LA,,1.973,,"LONG BEACH, JCT. RTE. 22",-118.12264803491668,33.775351617938576,24200.0,1550,26000,Back,State,True,46.83700169308912,1429
12264,7,710,,LA,T,31.402,,"PASADENA, ON PASADENA AVENUE SOUTH OF BELLEFONTAINE STREET - BEGIN ONE WAY COUPLET",-118.15478417634623,34.13026287029042,24200.0,1550,26500,Back,Interstate,True,46.83700169308912,1429
11397,7,1,,LA,,1.86,,"LONG BEACH, BELLFLOWER BOULEVARD",-118.1209983983733,33.77414481971913,24200.0,1550,26000,Ahead,State,True,46.83700169308912,1429
11687,7,27,,LA,,11.06,,"LOS ANGELES, MULHOLLAND DRIVE",-118.60478394317077,34.151176444876874,24200.0,1550,26000,Ahead,State,True,46.83700169308912,1429
12262,7,710,,LA,T,30.953,,"PASADENA, ON PASADENA AVENUE AT COLUMBIA STREET",-118.15431817888584,34.12404186908265,24200.0,1550,26500,Ahead,Interstate,True,46.83700169308912,1429
11239,7,138,,LA,,44.424,,"PALMDALE, SIERRA HIGHWAY",-118.11658091948894,34.57945342151455,23700.0,1850,27000,Back,State,True,46.33677081730029,1434
12248,7,66,,LA,,1.731,,"LA VERNE, FRUIT STREET/WHITE AVENUE",-117.76167842650709,34.112130003009604,23700.0,1700,25500,Back,State,True,46.33677081730029,1434
11743,7,2,,LA,,2.6,,"LOS ANGELES, BUNDY DRIVE",-118.46336929612363,34.0404752634083,23400.0,2250,27500,Back,State,True,46.03278436201323,1436
11239,7,138,,LA,,44.424,,"PALMDALE, SIERRA HIGHWAY",-118.11658091948894,34.57945342151455,23400.0,1850,26500,Ahead,State,True,46.03278436201323,1436
11741,7,2,,LA,,2.321,,"LOS ANGELES, CENTINELA  AVENUE",-118.4677342244622,34.03863384314556,23400.0,2250,27500,Ahead,State,True,46.03278436201323,1436
11771,7,33,,VEN,R,5.635,,CASITAS VISTA ROAD,-119.30606230910377,34.352872681375864,23300.0,1350,23800,Ahead,State,True,45.89425888871787,1439
12252,7,66,,LA,,3.219,,"CLAREMONT, TOWNE AVENUE",-117.7368529392514,34.10704360784117,23300.0,1700,24900,Ahead,State,True,45.89425888871787,1439
11241,7,138,,LA,,44.692,,"PALMDALE, 10TH STREET EAST",-118.11189868822571,34.57951123676102,23000.0,1800,26000,Back,State,True,45.513313837155614,1441
12250,7,66,,LA,,2.54,,"POMONA, GAREY AVENUE",-117.74859208206175,34.10778063489837,22500.0,1650,24000,Back,State,True,45.03617054024935,1442
11619,7,213,,LA,,5.667,,"LOS ANGELES, LOMITA BOULEVARD",-118.30750085407135,33.79788537256111,21800.0,1350,22700,Back,State,True,44.50130829613668,1443
12248,7,66,,LA,,1.731,,"LA VERNE, FRUIT STREET/WHITE AVENUE",-117.76167842650709,34.112130003009604,21700.0,1600,23100,Ahead,State,True,44.38971833153763,1444
11243,7,138,,LA,,45.71,,"PALMDALE, 20TH STREET EAST",-118.09413600277044,34.57968936329379,21600.0,1700,24400,Back,State,True,44.247344928428504,1445
11241,7,138,,LA,,44.692,,"PALMDALE, 10TH STREET EAST",-118.11189868822571,34.57951123676102,21600.0,1700,24400,Ahead,State,True,44.247344928428504,1445
12252,7,66,,LA,,3.219,,"CLAREMONT, TOWNE AVENUE",-117.7368529392514,34.10704360784117,21500.0,1550,22900,Back,State,True,44.10112359550562,1447
11615,7,213,,LA,,4.314,,"LOMITA, PALOS VERDES DRIVE NORTH",-118.3094475014954,33.77901779565835,21500.0,1300,22400,Ahead,State,True,44.10112359550562,1447
12250,7,66,,LA,,2.54,,"POMONA, GAREY AVENUE",-117.74859208206175,34.10778063489837,21500.0,1550,22900,Ahead,State,True,44.10112359550562,1447
11777,7,33,,VEN,,10.65,,WOODLAND ROAD,-119.2900701482763,34.42221958845012,21400.0,1250,21900,Back,State,True,43.981837771279054,1450
11801,7,33,,VEN,,8.001,,CREEK ROAD,-119.30211865380251,34.385710727708066,21400.0,1250,21900,Back,State,True,43.981837771279054,1450
11777,7,33,,VEN,,10.65,,WOODLAND ROAD,-119.2900701482763,34.42221958845012,21400.0,1250,21900,Ahead,State,True,43.981837771279054,1450
11803,7,33,,VEN,,9.04,,SANTA ANA BOULEVARD,-119.29969900655045,34.400190332364325,21400.0,1250,21900,Ahead,State,True,43.981837771279054,1450
11803,7,33,,VEN,,9.04,,SANTA ANA BOULEVARD,-119.29969900655045,34.400190332364325,21200.0,1250,21700,Back,State,True,43.78174542096352,1454
11801,7,33,,VEN,,8.001,,CREEK ROAD,-119.30211865380251,34.385710727708066,21200.0,1250,21700,Ahead,State,True,43.78174542096352,1454
11245,7,138,,LA,,46.73,,"PALMDALE, 30TH STREET EAST",-118.07623631435288,34.580155049108235,21100.0,1650,23900,Back,State,True,43.697090965060795,1456
12254,7,66,,LA,,3.22,,RIALTO/SAN BERNARDINO CITY LIMITS (PEPPER AVENUE),-117.73683627999445,34.107043354950065,21100.0,1550,22500,Back,State,True,43.697090965060795,1456
11243,7,138,,LA,,45.71,,"PALMDALE, 20TH STREET EAST",-118.09413600277044,34.57968936329379,21100.0,1650,23900,Ahead,State,True,43.697090965060795,1456
11337,7,150,,VEN,,16.577,,"OJAI, JCT. RTE. 33 NORTH",-119.26091840066339,34.44141724892233,21000.0,1650,22600,Ahead,State,True,43.55471756195167,1459
11651,7,23,,VEN,R,11.432,,"MOORPARK, JCT. RTE. 118",-118.86285572013702,34.28200426121154,21000.0,1850,24300,Ahead,State,True,43.55471756195167,1459
11146,7,118,,VEN,,4.16,,SANTA CLARA AVENUE,-119.1089963474858,34.255922828601996,20900.0,1900,23500,Back,State,True,43.4161920886563,1461
11144,7,118,,VEN,,2.2,,JCT. RTE. 232,-119.13543666605918,34.27405566234112,20900.0,1900,23500,Ahead,State,True,43.4161920886563,1461
10808,7,105,,LA,R,18.145,,"NORWALK, STUDEBAKER ROAD ",-118.09923780566184,33.91433116906612,20700.0,1300,21400,Back,Interstate,True,43.2237955979683,1463
10806,7,105,,LA,R,17.823,,"NORWALK, JCT. RTE. 605",-118.10487570335191,33.91391218251087,20700.0,1300,21400,Ahead,Interstate,True,43.2237955979683,1463
11339,7,150,,VEN,,17.486,,"OJAI, VENTURA STREET",-119.24710293143119,34.44765145594133,20600.0,1600,22200,Back,State,True,43.13529321225181,1465
11617,7,213,,LA,,5.085,,"LOS ANGELES, JCT. RTE. 1",-118.30754319616226,33.78949051045942,20000.0,1200,20800,Ahead,State,True,42.5465599507465,1466
11473,7,1,,LA,,56.843,,"MALIBU, TRANCAS CANYON ROAD/BROAD BEACH ROAD",-118.84348938918602,34.03109369258996,19800.0,1300,21300,Back,State,True,42.28105279359705,1467
11779,7,33,,VEN,,11.199,,W JCT ST 150,-119.28838843828404,34.42987991923544,19600.0,1150,20000,Back,State,True,41.98091426812375,1468
11247,7,138,,LA,,47.251,,"PALMDALE, 35TH STREET EAST",-118.06736182262676,34.58013927760734,19500.0,1500,22100,Back,State,True,41.88471602277974,1469
11245,7,138,,LA,,46.73,,"PALMDALE, 30TH STREET EAST",-118.07623631435288,34.580155049108235,19500.0,1500,22100,Ahead,State,True,41.88471602277974,1469
11637,7,232,,VEN,,0.441,,"OXNARD, JCT. RTE. 101",-119.17322974586952,34.23185337357815,19300.0,1700,21700,Ahead,State,True,41.65384023395413,1471
11221,7,138,,LA,R,48.52,,50TH ST/PALMDALE BLVD,-118.04529464029874,34.579996916082536,19000.0,1500,21500,Back,State,True,41.2998306910882,1472
12244,7,66,,LA,R,0.189,,"LA VERNE, JCT. RTE. 210",-117.78707189336411,34.12009056596485,19000.0,1400,20300,Back,State,True,41.2998306910882,1472
12246,7,66,,LA,,0,,"LA VERNE, BASELINE ROAD",-117.78945767682492,34.12139681058708,19000.0,1400,20300,Ahead,State,True,41.2998306910882,1472
11267,7,14,U,LA,,29.847,,FRIENDLY VALLEY PARKWAY,-118.47597915707428,34.3986596107111,18700.0,1500,19700,Back,State,True,40.84192704325073,1475
10782,7,103,,LA,,0.05,,"LOS ANGELES, HENRY FORD BOULEVARD",-118.23953030420554,33.77538432343447,18500.0,18500,20400,Back,State,True,40.61105125442512,1476
11947,7,47,,LA,,3.88,,"LONG BEACH, HEIM LIFT BRIDGE",-118.2391210317621,33.76447441037617,18500.0,1850,20400,Back,State,True,40.61105125442512,1476
11949,7,47,,LA,,4.565,,"LOS ANGELES, JCT. RTE. 103",-118.24017216395076,33.77449082570589,18500.0,1850,20400,Back,State,True,40.61105125442512,1476
11951,7,47,,LA,,4.5,,"LOS ANGELES, N/O HEIM BRIDGE",-118.24041812087894,33.77350312109809,18500.0,1850,20400,Back,State,True,40.61105125442512,1476
10786,7,103,,LA,,0,,"NB OFF TO HENRY FORD BLVD  AND LOS ANGELES, JCT. RTE. 47",-118.24017216395076,33.77449082570589,18500.0,18500,20400,Ahead,State,True,40.61105125442512,1476
11247,7,138,,LA,,47.251,,"PALMDALE, 35TH STREET EAST",-118.06736182262676,34.58013927760734,18500.0,1450,20900,Ahead,State,True,40.61105125442512,1476
11945,7,47,,LA,,3.576,,"LONG BEACH, NEW DOCK STREET",-118.23858870988768,33.759606814237365,18500.0,1850,20400,Ahead,State,True,40.61105125442512,1476
11947,7,47,,LA,,3.88,,"LONG BEACH, HEIM LIFT BRIDGE",-118.2391210317621,33.76447441037617,18500.0,1850,20400,Ahead,State,True,40.61105125442512,1476
11951,7,47,,LA,,4.5,,"LOS ANGELES, N/O HEIM BRIDGE",-118.24041812087894,33.77350312109809,18500.0,1850,20400,Ahead,State,True,40.61105125442512,1476
11333,7,150,,VEN,,15.021,,LOMA DRIVE,-119.28016350486511,34.43229141300155,18300.0,1450,19700,Back,State,True,40.384023395413266,1485
11327,7,150,,VEN,R,14.406,,JCT. RTE. 33 SOUTH,-119.28838995553852,34.42989595259242,18300.0,1450,19700,Ahead,State,True,40.384023395413266,1485
11249,7,138,,LA,,51.41,,"PALMDALE, PEARLBLOSSOM HIGHWAY/AVENUE T",-118.03051626152356,34.542749261377786,18100.0,1400,20500,Ahead,State,True,40.168539325842694,1487
11335,7,150,,VEN,,16.076,,"OJAI, HERMOSA ROAD",-119.26396648952532,34.43480943253942,17700.0,1400,19000,Back,State,True,39.59134985377867,1488
11337,7,150,,VEN,,16.577,,"OJAI, JCT. RTE. 33 NORTH",-119.26091840066339,34.44141724892233,17700.0,1400,19000,Back,State,True,39.59134985377867,1488
11333,7,150,,VEN,,15.021,,LOMA DRIVE,-119.28016350486511,34.43229141300155,17700.0,1400,19000,Ahead,State,True,39.59134985377867,1488
11335,7,150,,VEN,,16.076,,"OJAI, HERMOSA ROAD",-119.26396648952532,34.43480943253942,17700.0,1400,19000,Ahead,State,True,39.59134985377867,1488
11657,7,23,,VEN,R,2.88,,"THOUSAND OAKS, AGOURA ROAD",-118.829015498868,34.15210304052866,17600.0,1550,20400,Back,State,True,39.4335847314145,1492
11984,7,5,S,LA,C,44.924,L,"LOS ANGELES, END TRUCK FREEWAY, LEFT ALIGN  ",-118.50220786221111,34.32564544900239,17400.0,1150,18200,Back,Interstate,True,39.19116515314761,1493
11985,7,5,S,LA,C,44.924,R,"LOS ANGELES, END TRUCK FREEWAY, RIGHT ALIGN ",-118.50184819653427,34.32514760374844,17400.0,1150,18200,Back,Interstate,True,39.19116515314761,1493
11982,7,5,S,LA,C,43.899,L,"LOS ANGELES, BEGIN TRUCK FREEWAY, LEFT ALIGN ",-118.49001032168766,34.3151552714755,17400.0,1150,18200,Ahead,Interstate,True,39.19116515314761,1493
11983,7,5,S,LA,C,43.925,R,"LOS ANGELES, BEGIN TRUCK FREEWAY, RIGHT ALIGN ",-118.48942296901892,34.31522286796891,17400.0,1150,18200,Ahead,Interstate,True,39.19116515314761,1493
11251,7,138,,LA,,53.551,,LITTLE ROCK CREEK,-118.00395563607577,34.52115619797052,17200.0,1350,19500,Back,State,True,38.956441434508235,1497
11251,7,138,,LA,,53.551,,LITTLE ROCK CREEK,-118.00395563607577,34.52115619797052,17200.0,1350,19500,Ahead,State,True,38.956441434508235,1497
11142,7,118,,VEN,,14.686,,GRIMES CANYON ROAD,-118.93049413409621,34.27394971826805,17100.0,1550,19300,Ahead,State,True,38.85639525935047,1499
11263,7,14,U,LA,T,27.895,,PLACERITA CYN RD,-118.49417975595917,34.378100861273005,17000.0,1400,18000,Ahead,State,True,38.71017392642758,1500
11339,7,150,,VEN,,17.486,,"OJAI, VENTURA STREET",-119.24710293143119,34.44765145594133,17000.0,1350,18300,Ahead,State,True,38.71017392642758,1500
11639,7,232,,VEN,,2.579,,CENTRAL AVENUE,-119.15315940612868,34.25797157406304,16900.0,1500,19100,Back,State,True,38.544712944435894,1502
12266,7,710,,LA,T,31.403,,"PASADENA, ON ST. JOHN AVENUE AT BELLEFONTAINE STREET",-118.15478279024573,34.13028258442944,16800.0,1050,18500,Back,Interstate,True,38.410035400954285,1503
12268,7,710,,LA,T,31.474,,"PASADENA, ON PASADENA AVENUE AT BELLEFONTAINE STREET",-118.15430592676368,34.13159426927087,16800.0,1050,18500,Back,Interstate,True,38.410035400954285,1503
11493,7,1,,VEN,R,15.053,,"OXNARD, PLEASANT VALLEY ROAD/RICE AVENUE",-119.1423298847986,34.16632961539231,16800.0,1300,18500,Ahead,State,True,38.410035400954285,1503
11639,7,232,,VEN,,2.579,,CENTRAL AVENUE,-119.15315940612868,34.25797157406304,16800.0,1500,19000,Ahead,State,True,38.410035400954285,1503
12264,7,710,,LA,T,31.402,,"PASADENA, ON PASADENA AVENUE SOUTH OF BELLEFONTAINE STREET - BEGIN ONE WAY COUPLET",-118.15478417634623,34.13026287029042,16800.0,1050,18500,Ahead,Interstate,True,38.410035400954285,1503
11657,7,23,,VEN,R,2.88,,"THOUSAND OAKS, AGOURA ROAD",-118.829015498868,34.15210304052866,16600.0,1450,19200,Ahead,State,True,38.209943050638756,1508
11142,7,118,,VEN,,14.686,,GRIMES CANYON ROAD,-118.93049413409621,34.27394971826805,16500.0,1500,18600,Back,State,True,38.07911343697091,1509
11140,7,118,,VEN,,10.92,,JCT. RTE. 34,-118.9946703295593,34.26375483605423,16500.0,1500,18600,Ahead,State,True,38.07911343697091,1509
11815,7,34,,VEN,,13.657,,"CAMARILLO, DAILY DRIVE",-119.03349105241028,34.21742503255283,16000.0,1650,18000,Ahead,State,True,37.46729259658304,1511
11703,7,27,,LA,,4.31,,OLD TOPANGA CANYON ROAD,-118.60437389637956,34.089651179156036,15900.0,1050,17100,Back,State,True,37.24411266738495,1512
11655,7,23,,VEN,R,2.258,,"THOUSAND OAKS, TRIUNFO CANYON ROAD",-118.83888858750836,34.149388473502135,15900.0,1400,18400,Ahead,State,True,37.24411266738495,1512
12270,7,710,,LA,T,31.475,,"PASADENA, ON ST JOHN AVENUE AT BELLEFONTAINE STREET",-118.15429769460242,34.13160723435568,15800.0,1000,17400,Back,Interstate,True,37.10558719408958,1514
11703,7,27,,LA,,4.31,,OLD TOPANGA CANYON ROAD,-118.60437389637956,34.089651179156036,15800.0,1000,17000,Ahead,State,True,37.10558719408958,1514
12266,7,710,,LA,T,31.403,,"PASADENA, ON ST. JOHN AVENUE AT BELLEFONTAINE STREET",-118.15478279024573,34.13028258442944,15800.0,1000,17400,Ahead,Interstate,True,37.10558719408958,1514
11475,7,1,,LA,,57.391,,"MALIBU, LUNITA ROAD",-118.85135816305267,34.0350290031966,15600.0,1000,16800,Back,State,True,36.836232107126364,1517
11473,7,1,,LA,,56.843,,"MALIBU, TRANCAS CANYON ROAD/BROAD BEACH ROAD",-118.84348938918602,34.03109369258996,15600.0,1000,16800,Ahead,State,True,36.836232107126364,1517
11475,7,1,,LA,,57.391,,"MALIBU, LUNITA ROAD",-118.85135816305267,34.0350290031966,15600.0,1000,16800,Ahead,State,True,36.836232107126364,1517
11807,7,34,,VEN,R,13.603,,"CAMARILLO, JCT. RTE. 101",-119.03405386580042,34.21681327191308,15400.0,1600,17400,Back,State,True,36.54378944128059,1520
11815,7,34,,VEN,,13.657,,"CAMARILLO, DAILY DRIVE",-119.03349105241028,34.21742503255283,15400.0,1600,17400,Back,State,True,36.54378944128059,1520
11805,7,34,,VEN,R,13.541,,"CAMARILLO, VENTURA BOULEVARD",-119.0347079228706,34.216094794613326,15400.0,1600,17400,Ahead,State,True,36.54378944128059,1520
11807,7,34,,VEN,R,13.603,,"CAMARILLO, JCT. RTE. 101",-119.03405386580042,34.21681327191308,15400.0,1600,17400,Ahead,State,True,36.54378944128059,1520
11945,7,47,,LA,,3.576,,"LONG BEACH, NEW DOCK STREET",-118.23858870988768,33.759606814237365,15100.0,1500,16600,Back,State,True,36.15899645990457,1524
11943,7,47,,LA,,3.497,,"LONG BEACH, OCEAN BOULEVARD; ROUTE CONTINUES VIA TERMINAL ISLAND FREEWAY",-118.23858050557418,33.758510527211556,15100.0,1500,16600,Ahead,State,True,36.15899645990457,1524
11253,7,138,,LA,,56.17,,96TH STREET EAST,-117.95811921817952,34.52113258906998,15000.0,1150,17000,Ahead,State,True,36.02816684623672,1526
11263,7,14,U,LA,T,27.895,,PLACERITA CYN RD,-118.49417975595917,34.378100861273005,14900.0,1200,15700,Back,State,True,35.801138987224874,1527
11253,7,138,,LA,,56.17,,96TH STREET EAST,-117.95811921817952,34.52113258906998,14800.0,1150,16700,Back,State,True,35.597198707095586,1528
11249,7,138,,LA,,51.41,,"PALMDALE, PEARLBLOSSOM HIGHWAY/AVENUE T",-118.03051626152356,34.542749261377786,14500.0,1150,16400,Back,State,True,35.21240572571956,1529
11353,7,150,,VEN,,34.398,,"SANTA PAULA, JCT. RTE. 126",-119.05820769439629,34.35004520179051,14500.0,1150,15600,Back,State,True,35.21240572571956,1529
11351,7,150,,VEN,,34.1,,"SANTA PAULA, MAIN STREET",-119.06000430340495,34.35394560439738,14500.0,1150,15600,Ahead,State,True,35.21240572571956,1529
11351,7,150,,VEN,,34.1,,"SANTA PAULA, MAIN STREET",-119.06000430340495,34.35394560439738,14400.0,1100,15500,Back,State,True,35.096967831306756,1532
11685,7,27,,LA,,0,,JCT. RTE. 1,-118.57931065111929,34.040108906789975,14100.0,920,15200,Ahead,State,True,34.71987070955826,1533
11255,7,138,,LA,,60.17,,LONGVIEW ROAD,-117.89661999238164,34.50641760469156,14000.0,1100,15800,Back,State,True,34.54286593812529,1534
12272,7,710,,LA,T,31.761,,"PASADENA, ON PASADENA AVENUE AT CALIFORNIA STREET",-118.15411660591924,34.13576090168648,14000.0,900,15500,Back,Interstate,True,34.54286593812529,1534
12268,7,710,,LA,T,31.474,,"PASADENA, ON PASADENA AVENUE AT BELLEFONTAINE STREET",-118.15430592676368,34.13159426927087,14000.0,900,15500,Ahead,Interstate,True,34.54286593812529,1534
11259,7,138,,LA,,69.3,,JCT. RTE. 18,-117.73998264904003,34.49850792092195,13900.0,1100,15700,Back,State,True,34.392796675388645,1537
11477,7,1,,LA,,59.401,,"MALIBU, ENCINAL CANYON ROAD",-118.88526071392768,34.040406982701676,13800.0,900,14900,Back,State,True,34.285054640603356,1538
11687,7,27,,LA,,11.06,,"LOS ANGELES, MULHOLLAND DRIVE",-118.60478394317077,34.151176444876874,13700.0,890,14800,Back,State,True,34.16576881637679,1539
10854,7,10,S,LA,,21.415,,"ALHAMBRA, JCT. RTE. 710",-118.1649520085195,34.06248843458961,13300.0,810,13700,Back,Interstate,True,33.48853316915499,1540
11635,7,232,,VEN,R,4.11,,"JCT. RTE. 118, LOS ANGELES AVENUE",-119.13525836125505,34.273972368882895,13300.0,1150,15000,Back,State,True,33.48853316915499,1540
10848,7,10,S,LA,,18.41,,"LOS ANGELES, JCT. RTE. 5",-118.21427654423984,34.056789754770826,13300.0,810,13700,Ahead,Interstate,True,33.48853316915499,1540
11257,7,138,,LA,,63.68,,165TH STREET EAST,-117.83544374057279,34.50604205100478,13100.0,1000,14800,Ahead,State,True,33.21917808219178,1543
11813,7,34,,VEN,,12.78,,"CAMARILLO, PLEASANT VALLEY ROAD, LEFT ONTO LEWIS ROAD",-119.03460275350699,34.20538780314982,12900.0,1350,14500,Back,State,True,32.930583346159764,1544
11811,7,34,,VEN,,12.463,,RIGHT ONTO PLEASANT VALLEY ROAD,-119.0406028276651,34.205462802808135,12900.0,1350,14500,Ahead,State,True,32.930583346159764,1544
11257,7,138,,LA,,63.68,,165TH STREET EAST,-117.83544374057279,34.50604205100478,12800.0,1000,14500,Back,State,True,32.7920578728644,1546
11255,7,138,,LA,,60.17,,LONGVIEW ROAD,-117.89661999238164,34.50641760469156,12800.0,1000,14500,Ahead,State,True,32.7920578728644,1546
12270,7,710,,LA,T,31.475,,"PASADENA, ON ST JOHN AVENUE AT BELLEFONTAINE STREET",-118.15429769460242,34.13160723435568,12600.0,810,13900,Ahead,Interstate,True,32.58042173310759,1548
11485,7,1,,LA,,62.867,,LOS ANGELES/VENTURA COUNTY LINE,-118.94466308320621,34.04666559648264,12500.0,810,13400,Back,State,True,32.3957211020471,1549
11483,7,1,,LA,,62.301,,MULHOLLAND HIGHWAY,-118.93500900383215,34.04519023525447,12500.0,810,13400,Ahead,State,True,32.3957211020471,1549
11745,7,2,,LA,,24.463,,EAST JCT. RTE. 210,-118.20011429566354,34.206666513268274,12300.0,1200,14500,Back,State,True,32.10327843620132,1551
11819,7,34,,VEN,,17.663,,"SOMIS, JCT. RTE. 118",-118.9946703295593,34.26375483605423,12300.0,1250,13800,Back,State,True,32.10327843620132,1551
11715,7,2,,LA,R,23.438,,"LA CANADA-FLINTRIDGE, FOOTHILL BOULEVARD",-118.21546319627225,34.211454875665446,12300.0,1200,14500,Ahead,State,True,32.10327843620132,1551
11745,7,2,,LA,,24.463,,EAST JCT. RTE. 210,-118.20011429566354,34.206666513268274,12300.0,1200,14500,Ahead,State,True,32.10327843620132,1551
10848,7,10,S,LA,,18.41,,"LOS ANGELES, JCT. RTE. 5",-118.21427654423984,34.056789754770826,12000.0,730,12300,Back,Interstate,True,31.660766507618902,1555
10846,7,10,S,LA,,17.5,,"LOS ANGELES, JCT.  RTE.  101",-118.2286632692292,34.05341765602927,12000.0,730,12300,Ahead,Interstate,True,31.660766507618902,1555
10788,7,103,,LA,,1.59,,"LOS ANGELES, JCT RTE 1",-118.22485238043535,33.79006747346742,11900.0,11900,13100,Back,State,True,31.445282438048327,1557
10784,7,103,,LA,,0.9,,"LOS ANGELES, ANAHEIM STREET",-118.22735708646671,33.78215794046158,11900.0,11900,13100,Ahead,State,True,31.445282438048327,1557
11495,7,1,,VEN,,0,,LOS ANGELES/VENTURA COUNTY LINE,-118.94466308320621,34.04666559648264,11900.0,920,13100,Ahead,State,True,31.445282438048327,1557
11146,7,118,,VEN,,4.16,,SANTA CLARA AVENUE,-119.1089963474858,34.255922828601996,11800.0,1050,13300,Ahead,State,True,31.25673387717408,1560
11715,7,2,,LA,R,23.438,,"LA CANADA-FLINTRIDGE, FOOTHILL BOULEVARD",-118.21546319627225,34.211454875665446,11600.0,1100,13700,Back,State,True,30.941203632445745,1561
11713,7,2,,LA,R,22.939,,"LA CANADA-FLINTRIDGE, JCT. RTE. 210",-118.21826137651706,34.20463483708691,11600.0,1100,13700,Ahead,State,True,30.941203632445745,1561
11479,7,1,,LA,,59.901,,"MALIBU, JCT. RTE. 23",-118.89441504523782,34.04152700921045,11400.0,740,12300,Back,State,True,30.61412959827613,1563
11493,7,1,,VEN,R,15.053,,"OXNARD, PLEASANT VALLEY ROAD/RICE AVENUE",-119.1423298847986,34.16632961539231,11400.0,880,12500,Back,State,True,30.61412959827613,1563
11477,7,1,,LA,,59.401,,"MALIBU, ENCINAL CANYON ROAD",-118.88526071392768,34.040406982701676,11400.0,740,12300,Ahead,State,True,30.61412959827613,1563
11503,7,1,,VEN,,13.59,,NAUMAN ROAD,-119.12259459330252,34.153937129800546,11400.0,880,12500,Ahead,State,True,30.61412959827613,1563
11503,7,1,,VEN,,13.59,,NAUMAN ROAD,-119.12259459330252,34.153937129800546,11200.0,860,12300,Back,State,True,30.425581037401876,1567
11501,7,1,,VEN,,12.785,,HUENEME ROAD,-119.1113709693792,34.14680665111757,11200.0,860,12300,Ahead,State,True,30.425581037401876,1567
11479,7,1,,LA,,59.901,,"MALIBU, JCT. RTE. 23",-118.89441504523782,34.04152700921045,10900.0,710,11800,Ahead,State,True,29.93304602124057,1569
11501,7,1,,VEN,,12.785,,HUENEME ROAD,-119.1113709693792,34.14680665111757,10700.0,820,11700,Back,State,True,29.544405110050793,1570
11221,7,138,,LA,R,48.52,,50TH ST/PALMDALE BLVD,-118.04529464029874,34.579996916082536,10700.0,830,12100,Ahead,State,True,29.544405110050793,1570
11499,7,1,,VEN,,11.594,,WOOD ROAD,-119.09846179157252,34.1333764545505,10700.0,820,11700,Ahead,State,True,29.544405110050793,1570
11483,7,1,,LA,,62.301,,MULHOLLAND HIGHWAY,-118.93500900383215,34.04519023525447,10400.0,680,11200,Back,State,True,29.11343697090965,1573
11140,7,118,,VEN,,10.92,,JCT. RTE. 34,-118.9946703295593,34.26375483605423,10300.0,940,11600,Back,State,True,28.9248884100354,1574
11655,7,23,,VEN,R,2.258,,"THOUSAND OAKS, TRIUNFO CANYON ROAD",-118.83888858750836,34.149388473502135,10100.0,900,11700,Back,State,True,28.659381252885947,1575
11823,7,34,,VEN,,8.43,,"PLEASANT VALLEY ROAD, WEST JUNCTION",-119.10442989558794,34.19661560640746,9900.0,1000,11100,Back,State,True,28.33230721871633,1576
11821,7,34,,VEN,,6.27,,"OXNARD, RICE AVENUE",-119.14240295286551,34.19683744555347,9900.0,1000,11100,Ahead,State,True,28.33230721871633,1576
11261,7,138,,LA,,74.973,,LOS ANGELES/SAN BERNARDINO COUNTY LINE,-117.65984018489087,34.45170778860792,9500.0,740,10700,Back,State,True,27.60889641372941,1578
11327,7,150,,VEN,R,14.406,,JCT. RTE. 33 SOUTH,-119.28838995553852,34.42989595259242,9500.0,740,10300,Back,State,True,27.60889641372941,1578
11817,7,34,,VEN,,15.87,,"CAMARILLO, LAS POSAS ROAD, EAST JUNCTION",-119.01013994308096,34.242698194318216,9500.0,990,10700,Back,State,True,27.60889641372941,1578
11259,7,138,,LA,,69.3,,JCT. RTE. 18,-117.73998264904003,34.49850792092195,9200.0,720,10400,Ahead,State,True,27.13175311682315,1581
11497,7,1,,VEN,,10.229,,LAS POSAS ROAD,-119.08527946213906,34.11688061843199,8800.0,680,9700,Back,State,True,26.512236416807756,1582
11509,7,1,,VEN,,9.866,,CALLEGUAS CREEK,-119.08175592464168,34.112469104434766,8800.0,680,9700,Back,State,True,26.512236416807756,1582
11805,7,34,,VEN,R,13.541,,"CAMARILLO, VENTURA BOULEVARD",-119.0347079228706,34.216094794613326,8800.0,920,9900,Back,State,True,26.512236416807756,1582
11509,7,1,,VEN,,9.866,,CALLEGUAS CREEK,-119.08175592464168,34.112469104434766,8800.0,680,9700,Ahead,State,True,26.512236416807756,1582
11813,7,34,,VEN,,12.78,,"CAMARILLO, PLEASANT VALLEY ROAD, LEFT ONTO LEWIS ROAD",-119.03460275350699,34.20538780314982,8800.0,920,9900,Ahead,State,True,26.512236416807756,1582
10846,7,10,S,LA,,17.5,,"LOS ANGELES, JCT.  RTE.  101",-118.2286632692292,34.05341765602927,8300.0,500,8500,Back,Interstate,True,25.573341542250272,1587
11499,7,1,,VEN,,11.594,,WOOD ROAD,-119.09846179157252,34.1333764545505,8300.0,640,9200,Back,State,True,25.573341542250272,1587
11497,7,1,,VEN,,10.229,,LAS POSAS ROAD,-119.08527946213906,34.11688061843199,8300.0,640,9200,Ahead,State,True,25.573341542250272,1587
11825,7,34,,VEN,,8.911,,WOOD ROAD,-119.09610153104556,34.19656461071612,8200.0,850,9200,Back,State,True,25.407880560258583,1590
10844,7,10,S,LA,,16.968,,"LOS ANGELES, BEGIN BUSWAY AT ALAMEDA STREET",-118.2377911855784,34.05477985584549,8200.0,500,8400,Ahead,Interstate,True,25.407880560258583,1590
11823,7,34,,VEN,,8.43,,"PLEASANT VALLEY ROAD, WEST JUNCTION",-119.10442989558794,34.19661560640746,8200.0,850,9200,Ahead,State,True,25.407880560258583,1590
11809,7,34,,VEN,,10.433,,"LAS POSAS ROAD, WEST JUNCTION",-119.06980806096999,34.1963239919814,7900.0,820,8900,Back,State,True,24.672925965830384,1593
11669,7,23,,VEN,T,1.49,,"THOUSAND OAKS, PORTRERO ROAD",-118.84962222446165,34.14270983521656,7900.0,700,9200,Ahead,State,True,24.672925965830384,1593
11825,7,34,,VEN,,8.911,,WOOD ROAD,-119.09610153104556,34.19656461071612,7900.0,820,8900,Ahead,State,True,24.672925965830384,1593
11653,7,23,,VEN,R,13.373,,"MOORPARK, HIGH STREET",-118.88212630684843,34.28537891237371,7800.0,690,9000,Back,State,True,24.43820224719101,1596
11817,7,34,,VEN,,15.87,,"CAMARILLO, LAS POSAS ROAD, EAST JUNCTION",-119.01013994308096,34.242698194318216,7600.0,790,8500,Ahead,State,True,23.972602739726025,1597
11325,7,150,,VEN,R,14.113,,RICE ROAD,-119.29330999062041,34.42939978252838,7500.0,580,8100,Ahead,State,True,23.691703863321536,1598
11265,7,14,U,LA,,24.3,,NORTH JUNCTION ROUTE 5,-118.50526213956698,34.33376772813445,7300.0,590,7700,Ahead,State,True,23.19916884716023,1599
11675,7,23,,VEN,,14.607,,SPRING ROAD,-118.87790150850765,34.30150367481376,7100.0,630,8200,Ahead,State,True,22.741265199322765,1600
11341,7,150,,VEN,,18.581,,"OJAI, GRIDLEY/OAK GLEN ROADS",-119.22831949570846,34.44888755148634,6800.0,530,7300,Back,State,True,22.02555025396337,1601
11717,7,2,,LA,R,25.35,,VISTA DEL VALLE ROAD,-118.19893961727551,34.21879592967791,6500.0,620,7700,Back,State,True,21.367554255810376,1602
11781,7,33,,VEN,,11.961,,EL ROBLAR DRIVE,-119.27084329873944,34.447106026246345,6500.0,380,6600,Back,State,True,21.367554255810376,1602
11779,7,33,,VEN,,11.199,,W JCT ST 150,-119.28838843828404,34.42987991923544,6500.0,380,6600,Ahead,State,True,21.367554255810376,1602
11391,7,18,,LA,,4.5,,JCT. RTE. 138,-117.74103087068718,34.49852827726416,6400.0,520,6800,Back,State,True,21.10589502847468,1605
11389,7,18,,LA,,0,,SAN BERNARDINO/LOS ANGELES COUNTY LINE,-117.66004631231598,34.498964489325246,6400.0,520,6800,Ahead,State,True,21.10589502847468,1605
11683,7,23,,VEN,,24.165,,"FILLMORE, JCT. RTE. 126",-118.9177978237742,34.396208958029575,6300.0,550,7300,Back,State,True,20.794212713560103,1607
11343,7,150,,VEN,,19.04,,GORHAM ROAD,-119.22020918462489,34.44845013974505,6200.0,480,6600,Back,State,True,20.49407418808681,1608
11341,7,150,,VEN,,18.581,,"OJAI, GRIDLEY/OAK GLEN ROADS",-119.22831949570846,34.44888755148634,6200.0,480,6600,Ahead,State,True,20.49407418808681,1608
11325,7,150,,VEN,R,14.113,,RICE ROAD,-119.29330999062041,34.42939978252838,6000.0,460,6400,Back,State,True,20.055410189318145,1610
11811,7,34,,VEN,,12.463,,RIGHT ONTO PLEASANT VALLEY ROAD,-119.0406028276651,34.205462802808135,5900.0,610,6700,Back,State,True,19.797598891796213,1611
11809,7,34,,VEN,,10.433,,"LAS POSAS ROAD, WEST JUNCTION",-119.06980806096999,34.1963239919814,5900.0,610,6700,Ahead,State,True,19.797598891796213,1611
10784,7,103,,LA,,0.9,,"LOS ANGELES, ANAHEIM STREET",-118.22735708646671,33.78215794046158,5600.0,5600,6100,Back,State,True,19.024164999230415,1613
10782,7,103,,LA,,0.05,,"LOS ANGELES, HENRY FORD BOULEVARD",-118.23953030420554,33.77538432343447,5600.0,5600,6100,Ahead,State,True,19.024164999230415,1613
10850,7,10,S,LA,,19.714,,BUSWAY; EAST LA CITY LIMITS,-118.19259302608144,34.05580591217299,5500.0,330,5600,Back,Interstate,True,18.716330614129596,1615
10852,7,10,S,LA,,21.247,,"MONTEREY PARK, UNIVERSITY STATION",-118.16807936382376,34.06258561219872,5500.0,330,5600,Back,Interstate,True,18.716330614129596,1615
10850,7,10,S,LA,,19.714,,BUSWAY; EAST LA CITY LIMITS,-118.19259302608144,34.05580591217299,5500.0,330,5600,Ahead,Interstate,True,18.716330614129596,1615
10852,7,10,S,LA,,21.247,,"MONTEREY PARK, UNIVERSITY STATION",-118.16807936382376,34.06258561219872,5500.0,330,5600,Ahead,Interstate,True,18.716330614129596,1615
11717,7,2,,LA,R,25.35,,VISTA DEL VALLE ROAD,-118.19893961727551,34.21879592967791,5500.0,530,6500,Ahead,State,True,18.716330614129596,1615
11677,7,23,,VEN,,15.54,,HAPPY CAMP ROAD,-118.88090387042664,34.315142390258366,5200.0,460,6000,Back,State,True,17.954440511005078,1620
11681,7,23,,VEN,,22.265,,BARDSDALE AVENUE,-118.91989795105951,34.37156434874151,5200.0,460,6000,Ahead,State,True,17.954440511005078,1620
11345,7,150,,VEN,,19.93,,REEVES ROAD,-119.20449136209865,34.4460710542772,5000.0,390,5400,Back,State,True,17.477297214098815,1622
11343,7,150,,VEN,,19.04,,GORHAM ROAD,-119.22020918462489,34.44845013974505,5000.0,390,5400,Ahead,State,True,17.477297214098815,1622
11673,7,23,,VEN,,14.26,,MERIDIAN HILLS DRIVE,-118.87868874890351,34.29666309277444,4900.0,430,5700,Back,State,True,17.22333384639064,1624
11653,7,23,,VEN,R,13.373,,"MOORPARK, HIGH STREET",-118.88212630684843,34.28537891237371,4900.0,430,5700,Ahead,State,True,17.22333384639064,1624
11227,7,138,,LA,,1.711,,GORMAN POST RD,-118.77362915406835,34.7743198476834,4450.0,350,5000,Back,State,True,15.945821148222256,1626
11679,7,23,,VEN,,16.8,,GRIMES CANYON ROAD,-118.90197599520269,34.31533942272994,4350.0,380,5000,Back,State,True,15.564876096659997,1627
11681,7,23,,VEN,,22.265,,BARDSDALE AVENUE,-118.91989795105951,34.37156434874151,4350.0,380,5000,Back,State,True,15.564876096659997,1627
11677,7,23,,VEN,,15.54,,HAPPY CAMP ROAD,-118.88090387042664,34.315142390258366,4350.0,380,5000,Ahead,State,True,15.564876096659997,1627
11679,7,23,,VEN,,16.8,,GRIMES CANYON ROAD,-118.90197599520269,34.31533942272994,4350.0,380,5000,Ahead,State,True,15.564876096659997,1627
11507,7,1,,VEN,,27.675,,"SEACLIFF COLONY, JCT. RTE. 101",-119.41671000711449,34.34327580690787,3900.0,300,4300,Back,State,True,14.375865784208097,1631
11505,7,1,,VEN,,21.075,,"OXNARD, JCT. RTE. 101",-119.18083148383984,34.239855533256026,3900.0,300,4300,Ahead,State,True,14.375865784208097,1631
11233,7,138,,LA,,36.874,,JCT. RTE. 14 NORTH,-118.17065323743707,34.77694938201026,3800.0,300,4300,Back,State,True,14.091118977989842,1633
11235,7,138,,LA,,4.11,,OLD RIDGE ROUTE ROAD,-118.73295940730846,34.76493165216867,3600.0,280,4050,Back,State,True,13.406187471140527,1634
11227,7,138,,LA,,1.711,,GORMAN POST RD,-118.77362915406835,34.7743198476834,3600.0,280,4050,Ahead,State,True,13.406187471140527,1634
11749,7,2,,LA,,28.576,,SLIDE CANYON BRIDGE,-118.18962872128942,34.242319653261504,3500.0,340,4150,Back,State,True,13.109896875480992,1636
11749,7,2,,LA,,28.576,,SLIDE CANYON BRIDGE,-118.18962872128942,34.242319653261504,3500.0,340,4150,Ahead,State,True,13.109896875480992,1636
11349,7,150,,VEN,,31.95,,"SANTA PAULA, NORTH CITY LIMIT",-119.06949627190454,34.383081473422784,3450.0,270,3700,Back,State,True,12.948283823303065,1638
11349,7,150,,VEN,,31.95,,"SANTA PAULA, NORTH CITY LIMIT",-119.06949627190454,34.383081473422784,3450.0,270,3700,Ahead,State,True,12.948283823303065,1638
11235,7,138,,LA,,4.11,,OLD RIDGE ROUTE ROAD,-118.73295940730846,34.76493165216867,3400.0,270,3850,Ahead,State,True,12.771279051870094,1640
106,7,150,,VEN,,31.26,,NORTH SANTA PAULA,-119.07451253811293,34.39159058782249,3250.0,250,3500,Ahead,State,True,12.30952747421887,1641
11229,7,138,,LA,,14.534,,245TH ST WEST,-118.5626185688365,34.77455208715753,3200.0,250,3600,Back,State,True,12.136370632599663,1642
11231,7,138,,LA,,28.054,,110TH STREET WEST,-118.32579205254423,34.77602939674989,3100.0,240,3500,Back,State,True,11.824688317685085,1643
11229,7,138,,LA,,14.534,,245TH ST WEST,-118.5626185688365,34.77455208715753,3050.0,240,3450,Ahead,State,True,11.570724949976913,1644
11747,7,2,,LA,,26.99,,ANGELES FOREST BOUNDARY,-118.18612970600267,34.2273289835848,2800.0,270,3300,Back,State,True,10.731876250577189,1645
11747,7,2,,LA,,26.99,,ANGELES FOREST BOUNDARY,-118.18612970600267,34.2273289835848,2800.0,270,3300,Ahead,State,True,10.731876250577189,1645
11675,7,23,,VEN,,14.607,,SPRING ROAD,-118.87790150850765,34.30150367481376,2750.0,240,3200,Back,State,True,10.562567338771741,1647
11231,7,138,,LA,,28.054,,110TH STREET WEST,-118.32579205254423,34.77602939674989,2750.0,210,3100,Ahead,State,True,10.562567338771741,1647
11673,7,23,,VEN,,14.26,,MERIDIAN HILLS DRIVE,-118.87868874890351,34.29666309277444,2750.0,240,3200,Ahead,State,True,10.562567338771741,1647
11347,7,150,,VEN,,22.481,,HAPPY VALLEY SCHOOL ROAD,-119.18738240493018,34.43442790114082,2650.0,210,2850,Back,State,True,10.112359550561797,1650
11331,7,150,,VEN,,11.27,,SANTA ANA ROAD,-119.3368312550951,34.41827294027741,2550.0,200,2750,Back,State,True,9.75835000769586,1651
11329,7,150,,VEN,,0,,SANTA BARBARA/VENTURA COUNTY LINE,-119.45371106749167,34.396022304755405,2550.0,200,2750,Ahead,State,True,9.75835000769586,1651
11331,7,150,,VEN,,11.27,,SANTA ANA ROAD,-119.3368312550951,34.41827294027741,2550.0,200,2750,Ahead,State,True,9.75835000769586,1651
11345,7,150,,VEN,,19.93,,REEVES ROAD,-119.20449136209865,34.4460710542772,2550.0,200,2750,Ahead,State,True,9.75835000769586,1651
11347,7,150,,VEN,,22.481,,HAPPY VALLEY SCHOOL ROAD,-119.18738240493018,34.43442790114082,2550.0,200,2750,Ahead,State,True,9.75835000769586,1651
106,7,150,,VEN,,31.26,,NORTH SANTA PAULA,-119.07451253811293,34.39159058782249,2500.0,200,2700,Back,State,True,9.500538710173927,1656
11753,7,2,,LA,,33.8,,ANGELES FOREST HIGHWAY,-118.15344359349828,34.270174122230415,2500.0,240,2950,Back,State,True,9.500538710173927,1656
11781,7,33,,VEN,,11.961,,EL ROBLAR DRIVE,-119.27084329873944,34.447106026246345,2300.0,140,2350,Ahead,State,True,8.79636755425581,1658
11225,7,138,,LA,,1.392,L,END LEFT ALIGN,-118.77878691751039,34.77282690324222,2200.0,170,2500,Back,State,True,8.426966292134832,1659
11226,7,138,,LA,,1.392,R,END LEFT ALIGN,-118.77839551884615,34.77263657065825,2200.0,170,2500,Back,State,True,8.426966292134832,1659
11829,7,39,,LA,,19.73,,"MORRIS DAM ROAD, NAVAL ORDNANCE TEST STATION",-117.87975434031458,34.18273209865956,2200.0,140,2400,Back,State,True,8.426966292134832,1659
11223,7,138,,LA,,0,L,BEGIN LEFT ALIGN,-118.79594092159711,34.7585158232897,2200.0,170,2500,Ahead,State,True,8.426966292134832,1659
11224,7,138,,LA,,0,R,"JCT. RTE. 5, RIGHT ALIGN",-118.79979163450412,34.76658434557889,2200.0,170,2500,Ahead,State,True,8.426966292134832,1659
11827,7,39,,LA,,17.813,,SAN GABRIEL RIVER BRIDGE,-117.89512806047631,34.1640920188522,2200.0,140,2400,Ahead,State,True,8.426966292134832,1659
11783,7,33,,VEN,,12.8,,FAIRVIEW ROAD/LA LUNA AVENUE,-119.27828795550255,34.45643250456124,2000.0,120,2050,Back,State,True,7.795905802678159,1665
11829,7,39,,LA,,19.73,,"MORRIS DAM ROAD, NAVAL ORDNANCE TEST STATION",-117.87975434031458,34.18273209865956,2000.0,130,2150,Ahead,State,True,7.795905802678159,1665
11831,7,39,,LA,,25.71,,EAST FORK ROAD,-117.851296741583,34.239112193056535,1750.0,110,1900,Ahead,State,True,6.737725103894104,1667
11831,7,39,,LA,,25.71,,EAST FORK ROAD,-117.851296741583,34.239112193056535,1550.0,100,1650,Back,State,True,5.837309527474218,1668
11783,7,33,,VEN,,12.8,,FAIRVIEW ROAD/LA LUNA AVENUE,-119.27828795550255,34.45643250456124,1550.0,90,1600,Ahead,State,True,5.837309527474218,1668
11647,7,23,,LA,,8.9,,LOS ANGELES/VENTURA COUNTY LINE,-118.85647403535806,34.12665966014329,1450.0,130,1700,Back,State,True,5.364014160381714,1670
11669,7,23,,VEN,T,1.49,,"THOUSAND OAKS, PORTRERO ROAD",-118.84962222446165,34.14270983521656,1450.0,130,1700,Back,State,True,5.364014160381714,1670
11645,7,23,,LA,,6.711,,NORTH JUNCTION MULHOLLAND HIGHWAY,-118.85844339039588,34.104425002764465,1450.0,130,1700,Ahead,State,True,5.364014160381714,1670
11671,7,23,,VEN,,0,,LOS ANGELES/VENTURA COUNTY LINE,-118.85647403535806,34.12665966014329,1450.0,130,1700,Ahead,State,True,5.364014160381714,1670
11767,7,2,,LA,,82.265,,LOS ANGELES/SAN BERNARDINO COUNTY LINE,-117.6526448690096,34.36616770830351,1350.0,130,1600,Back,State,True,4.921502231799292,1674
11785,7,33,,VEN,,13.35,,LOS PADRES NATIONAL FOREST BOUNDARY,-119.28308632725391,34.46281161192484,1250.0,80,1300,Back,State,True,4.559796829305833,1675
11765,7,2,,LA,,79.881,,BIG PINES HIGHWAY,-117.69079874996731,34.37889633645042,1250.0,120,1500,Ahead,State,True,4.559796829305833,1675
11785,7,33,,VEN,,13.35,,LOS PADRES NATIONAL FOREST BOUNDARY,-119.28308632725391,34.46281161192484,1250.0,80,1300,Ahead,State,True,4.559796829305833,1675
11787,7,33,,VEN,,15.441,,MATILIJA HOT SPRINGS ROAD,-119.30058157346932,34.48543352147081,1000.0,60,1000,Back,State,True,3.6093581653070648,1678
11645,7,23,,LA,,6.711,,NORTH JUNCTION MULHOLLAND HIGHWAY,-118.85844339039588,34.104425002764465,720.0,70,830,Back,State,True,2.5088502385716485,1679
11643,7,23,,LA,,4.791,,SOUTH JUNCTION MULHOLLAND HIGHWAY,-118.87341662902752,34.088583427556664,720.0,70,830,Ahead,State,True,2.5088502385716485,1679
10860,7,10,S,LA,,28.613,,"EL MONTE, EL MONTE BUS STATION/SANTA ANITA AVENUE, END OF BUSWAY",-118.04222954902342,34.07116587788898,660.0,40,680,Back,Interstate,True,2.227951362167154,1681
10858,7,10,S,LA,,28.19,,"EL MONTE, CONNECTIONS TO SAN BERNARDINO FREEWAY",-118.04967743253506,34.072446227069186,660.0,40,680,Ahead,Interstate,True,2.227951362167154,1681
11643,7,23,,LA,,4.791,,SOUTH JUNCTION MULHOLLAND HIGHWAY,-118.87341662902752,34.088583427556664,610.0,60,710,Back,State,True,1.993227643527782,1683
11789,7,33,,VEN,,17.631,,WHEELER HOT SPRINGS,-119.29245795204815,34.507784820643124,610.0,40,620,Back,State,True,1.993227643527782,1683
11787,7,33,,VEN,,15.441,,MATILIJA HOT SPRINGS ROAD,-119.30058157346932,34.48543352147081,610.0,40,620,Ahead,State,True,1.993227643527782,1683
11755,7,2,,LA,,38.37,,MOUNT WILSON ROAD,-118.10522747014242,34.258453611028656,600.0,60,710,Back,State,True,1.95090041557642,1686
11753,7,2,,LA,,33.8,,ANGELES FOREST HIGHWAY,-118.15344359349828,34.270174122230415,600.0,60,710,Ahead,State,True,1.95090041557642,1686
11789,7,33,,VEN,,17.631,,WHEELER HOT SPRINGS,-119.29245795204815,34.507784820643124,580.0,40,590,Ahead,State,True,1.8662459596736953,1688
11507,7,1,,VEN,,27.675,,"SEACLIFF COLONY, JCT. RTE. 101",-119.41671000711449,34.34327580690787,540.0,40,600,Ahead,State,True,1.7277204863783284,1689
11793,7,33,,VEN,,25.791,,ROSE VALLEY ROAD,-119.23892249695821,34.534300520337425,490.0,30,500,Back,State,True,1.5507157149453594,1690
11793,7,33,,VEN,,25.791,,ROSE VALLEY ROAD,-119.23892249695821,34.534300520337425,390.0,30,400,Ahead,State,True,1.131291365245498,1691
11795,7,33,,VEN,,30.219,,SESPE GORGE MAINTENANCE STATION,-119.26391403959082,34.5653040187244,360.0,20,370,Back,State,True,1.0389410497152534,1692
11795,7,33,,VEN,,30.219,,SESPE GORGE MAINTENANCE STATION,-119.26391403959082,34.5653040187244,360.0,20,370,Ahead,State,True,1.0389410497152534,1692
11641,7,23,,LA,,0,,JCT. RTE. 1,-118.89442176822944,34.04147419742939,350.0,30,410,Ahead,State,True,1.0081576112051718,1694
11757,7,2,,LA,,50.61,,"ENTRANCE, UPPER CHILAO RECREATION AREA",-118.00269484069304,34.32619506089832,310.0,30,370,Back,State,True,0.9119593658611668,1695
11765,7,2,,LA,,79.881,,BIG PINES HIGHWAY,-117.69079874996731,34.37889633645042,310.0,30,370,Back,State,True,0.9119593658611668,1695
11799,7,33,,VEN,,57.508,,VENTURA/SANTA BARBARA COUNTY LINE,-119.444112460883,34.790225893892604,310.0,20,320,Back,State,True,0.9119593658611668,1695
11763,7,2,,LA,,77.39,,BLUE RIDGE ROAD,-117.72069189425217,34.375148474968015,310.0,30,370,Ahead,State,True,0.9119593658611668,1695
11757,7,2,,LA,,50.61,,"ENTRANCE, UPPER CHILAO RECREATION AREA",-118.00269484069304,34.32619506089832,300.0,30,360,Ahead,State,True,0.8350007695859628,1699
11797,7,33,,VEN,,48.5,,LOCKWOOD VALLEY ROAD,-119.35593359633694,34.686717534739415,290.0,20,300,Back,State,True,0.7464983838694783,1700
11755,7,2,,LA,,38.37,,MOUNT WILSON ROAD,-118.10522747014242,34.258453611028656,290.0,30,350,Ahead,State,True,0.7464983838694783,1700
11797,7,33,,VEN,,48.5,,LOCKWOOD VALLEY ROAD,-119.35593359633694,34.686717534739415,290.0,20,300,Ahead,State,True,0.7464983838694783,1700
11833,7,39,,LA,,32.49,,COLD BROOK RANGER STATION,-117.84068518657513,34.29035137137778,220.0,20,230,Back,State,True,0.565645682622749,1703
11833,7,39,,LA,,32.49,,COLD BROOK RANGER STATION,-117.84068518657513,34.29035137137778,220.0,20,230,Ahead,State,True,0.565645682622749,1703
11759,7,2,,LA,,58.09,,BUCKHORN RANGER STATION,-117.92098924237253,34.345996175243975,180.0,20,220,Back,State,True,0.4348160689549022,1705
11759,7,2,,LA,,58.09,,BUCKHORN RANGER STATION,-117.92098924237253,34.345996175243975,180.0,20,220,Ahead,State,True,0.4348160689549022,1705
11761,7,2,,LA,,64.085,,"ISLIP SADDLE, JCT. RTE. 39 SOUTH (CLOSED)",-117.8511994225967,34.35684383698686,170.0,10,200,Back,State,True,0.3809450515622595,1707
11763,7,2,,LA,,77.39,,BLUE RIDGE ROAD,-117.72069189425217,34.375148474968015,170.0,10,200,Back,State,True,0.3809450515622595,1707
11761,7,2,,LA,,64.085,,"ISLIP SADDLE, JCT. RTE. 39 SOUTH (CLOSED)",-117.8511994225967,34.35684383698686,170.0,10,200,Ahead,State,True,0.3809450515622595,1707
11835,7,39,,LA,,38.15,,CRYSTAL LAKE ROAD,-117.83656966379709,34.31450834939402,140.0,10,160,Back,State,True,0.22702785901185163,1710
13548,8,91,,RIV,R,1.031,,GREEN RIVER DRIVE,-117.65763211424441,33.878486098261035,274000.0,19800,308000,Back,State,True,98.63013698630137,1
13546,8,91,,RIV,R,0,,ORANGE/RIVERSIDE COUNTY LINE,-117.6716824560925,33.869566575045354,274000.0,19800,308000,Ahead,State,True,98.63013698630137,1
13580,8,91,,RIV,,4.157,,MAPLE STREET,-117.60353779565665,33.880103309461475,251000.0,18100,282000,Back,State,True,97.47960597198707,3
13552,8,91,,RIV,R,3.705,,SERFAS CLUB DRIVE,-117.61333087225294,33.88065725487962,251000.0,18100,282000,Ahead,State,True,97.47960597198707,3
13552,8,91,,RIV,R,3.705,,SERFAS CLUB DRIVE,-117.61333087225294,33.88065725487962,250000.0,18000,281000,Back,State,True,97.38725565645683,5
13584,8,91,,RIV,,6.024,,"CORONA, WEST GRAND BOULEVARD",-117.5715165828879,33.880603744271156,250000.0,18000,281000,Back,State,True,97.38725565645683,5
13550,8,91,,RIV,R,2.087,,JCT. RTE. 71 NORTH,-117.6402682214865,33.88350263134037,250000.0,18000,281000,Ahead,State,True,97.38725565645683,5
13582,8,91,,RIV,,5.383,,"CORONA, LINCOLN AVENUE",-117.58254203935788,33.881783935840886,250000.0,18000,281000,Ahead,State,True,97.38725565645683,5
13550,8,91,,RIV,R,2.087,,JCT. RTE. 71 NORTH,-117.6402682214865,33.88350263134037,248000.0,17900,279000,Back,State,True,97.29490534092659,9
13548,8,91,,RIV,R,1.031,,GREEN RIVER DRIVE,-117.65763211424441,33.878486098261035,248000.0,17900,279000,Ahead,State,True,97.29490534092659,9
13582,8,91,,RIV,,5.383,,"CORONA, LINCOLN AVENUE",-117.58254203935788,33.881783935840886,243000.0,17500,273000,Back,State,True,96.92935200861936,11
13072,8,215,,RIV,,42.163,,"RIVERSIDE, 3RD/ BLAINE STREETS",-117.34269711364237,33.982998687247886,243000.0,15100,252000,Ahead,Interstate,True,96.92935200861936,11
13580,8,91,,RIV,,4.157,,MAPLE STREET,-117.60353779565665,33.880103309461475,243000.0,17500,273000,Ahead,State,True,96.92935200861936,11
13586,8,91,,RIV,,6.343,,"CORONA, MAIN STREET",-117.56599566022089,33.88000937385025,242000.0,17400,272000,Back,State,True,96.79467446513776,14
13590,8,91,,RIV,,9.18,,MC KINLEY STREET,-117.51790339298314,33.88619919441446,242000.0,16200,246000,Back,State,True,96.79467446513776,14
13584,8,91,,RIV,,6.024,,"CORONA, WEST GRAND BOULEVARD",-117.5715165828879,33.880603744271156,242000.0,17400,272000,Ahead,State,True,96.79467446513776,14
13588,8,91,,RIV,,7.451,,"CORONA, JCT RTE 15",-117.54718637457756,33.88182127588987,242000.0,16200,246000,Ahead,State,True,96.79467446513776,14
146,8,215,,RIV,,41.043,,"RIVERSIDE, CANYON CREST DRIVE INTERCHANGE",-117.33025159498135,33.97079892025627,237000.0,15000,250000,Back,Interstate,True,96.44066492227181,18
13070,8,215,,RIV,,41.488,,UNIVERSITY AVENUE,-117.33509745167866,33.97555020413334,237000.0,15000,250000,Back,Interstate,True,96.44066492227181,18
146,8,215,,RIV,,41.043,,"RIVERSIDE, CANYON CREST DRIVE INTERCHANGE",-117.33025159498135,33.97079892025627,237000.0,15000,250000,Ahead,Interstate,True,96.44066492227181,18
13068,8,215,,RIV,,40.977,,"RIVERSIDE, PENNSYLVANIA AVENUE",-117.32954081289427,33.97006124431684,237000.0,15000,250000,Ahead,Interstate,True,96.44066492227181,18
144,8,215,,RIV,,40.285,,"RIVERSIDE, UNIVERSITY KNOLLS INTERCHANGE",-117.32205484530618,33.96247317899711,234000.0,14900,246000,Back,Interstate,True,96.20978913344621,22
13068,8,215,,RIV,,40.977,,"RIVERSIDE, PENNSYLVANIA AVENUE",-117.32954081289427,33.97006124431684,234000.0,14900,246000,Back,Interstate,True,96.20978913344621,22
144,8,215,,RIV,,40.285,,"RIVERSIDE, UNIVERSITY KNOLLS INTERCHANGE",-117.32205484530618,33.96247317899711,234000.0,14900,246000,Ahead,Interstate,True,96.20978913344621,22
13066,8,215,,RIV,,39.484,,"RIVERSIDE, CENTRAL AVENUE",-117.3092453023426,33.95888197833887,234000.0,14900,246000,Ahead,Interstate,True,96.20978913344621,22
13066,8,215,,RIV,,39.484,,"RIVERSIDE, CENTRAL AVENUE",-117.3092453023426,33.95888197833887,233000.0,14800,245000,Back,Interstate,True,96.15591811605356,26
13052,8,215,,RIV,R,38.915,,"RIVERSIDE, FAIR ISLE DRIVE",-117.30130294747107,33.94824786231952,233000.0,14800,245000,Ahead,Interstate,True,96.15591811605356,26
13072,8,215,,RIV,,42.163,,"RIVERSIDE, 3RD/ BLAINE STREETS",-117.34269711364237,33.982998687247886,231000.0,14700,243000,Back,Interstate,True,95.92119439741418,28
13070,8,215,,RIV,,41.488,,UNIVERSITY AVENUE,-117.33509745167866,33.97555020413334,231000.0,14700,243000,Ahead,Interstate,True,95.92119439741418,28
13554,8,91,,RIV,,10.806,,"RIVERSIDE, PIERCE STREET",-117.49298909378687,33.89722580451938,229000.0,15300,233000,Back,State,True,95.60566415268585,30
13348,8,60,,SBD,R,0,,LOS ANGELES/SAN BERNARDINO COUNTY LINE,-117.72948681770201,34.024990955477094,229000.0,15500,234000,Ahead,State,True,95.60566415268585,30
13590,8,91,,RIV,,9.18,,MC KINLEY STREET,-117.51790339298314,33.88619919441446,229000.0,15300,233000,Ahead,State,True,95.60566415268585,30
12576,8,10,,SBD,,8.161,,"ONTARIO, HAVEN AVENUE",-117.57591846971388,34.067463130564064,228000.0,16300,259000,Back,Interstate,True,95.46713867939049,33
12578,8,10,,SBD,,9.176,,"ONTARIO, MILLIKEN AVENUE",-117.55820729275871,34.06738052074,228000.0,16300,259000,Back,Interstate,True,95.46713867939049,33
13560,8,91,,RIV,,13.04,,"RIVERSIDE, TYLER STREET",-117.45692105420648,33.906224397765754,228000.0,15300,232000,Back,State,True,95.46713867939049,33
13588,8,91,,RIV,,7.451,,"CORONA, JCT RTE 15",-117.54718637457756,33.88182127588987,228000.0,16400,257000,Back,State,True,95.46713867939049,33
12574,8,10,,SBD,,7.158,,"ONTARIO, ARCHIBALD AVENUE",-117.59336904810012,34.067562565410945,228000.0,16300,259000,Ahead,Interstate,True,95.46713867939049,33
12576,8,10,,SBD,,8.161,,"ONTARIO, HAVEN AVENUE",-117.57591846971388,34.067463130564064,228000.0,16300,259000,Ahead,Interstate,True,95.46713867939049,33
13558,8,91,,RIV,,11.991,,"RIVERSIDE, LA SIERRA AVENUE",-117.4733079221934,33.90004419712834,228000.0,15300,232000,Ahead,State,True,95.46713867939049,33
13586,8,91,,RIV,,6.343,,"CORONA, MAIN STREET",-117.56599566022089,33.88000937385025,228000.0,16400,257000,Ahead,State,True,95.46713867939049,33
12580,8,10,,SBD,,9.936,,"ONTARIO, JCT. RTE. 15",-117.54494056929927,34.067356050243994,226000.0,16200,257000,Back,Interstate,True,95.17469601354472,41
13562,8,91,,RIV,,14.079,,"RIVERSIDE, VAN BUREN STREET",-117.44181948494833,33.91477488945286,226000.0,15100,230000,Back,State,True,95.17469601354472,41
12578,8,10,,SBD,,9.176,,"ONTARIO, MILLIKEN AVENUE",-117.55820729275871,34.06738052074,226000.0,16200,257000,Ahead,Interstate,True,95.17469601354472,41
13560,8,91,,RIV,,13.04,,"RIVERSIDE, TYLER STREET",-117.45692105420648,33.906224397765754,226000.0,15100,230000,Ahead,State,True,95.17469601354472,41
12528,8,10,,SBD,,11.132,,ETIWANDA AVENUE,-117.52411418136415,34.06741476260479,224000.0,15100,233000,Back,Interstate,True,94.9438202247191,45
12580,8,10,,SBD,,9.936,,"ONTARIO, JCT. RTE. 15",-117.54494056929927,34.067356050243994,224000.0,15100,233000,Ahead,Interstate,True,94.9438202247191,45
13052,8,215,,RIV,R,38.915,,"RIVERSIDE, FAIR ISLE DRIVE",-117.30130294747107,33.94824786231952,222000.0,14100,234000,Back,Interstate,True,94.74372787440358,47
13354,8,60,,SBD,R,3.602,,MOUNTAIN AVENUE,-117.66792197805744,34.0302590262623,220000.0,15500,236000,Back,State,True,94.58211482222563,48
13352,8,60,,SBD,R,2.366,,CENTRAL AVENUE,-117.68947854989318,34.03019925632856,220000.0,15500,236000,Ahead,State,True,94.58211482222563,48
12570,8,10,,SBD,,5.238,,"ONTARIO, FOURTH STREET",-117.6238192592522,34.07774883475005,219000.0,15700,249000,Back,Interstate,True,94.42434969986148,50
13352,8,60,,SBD,R,2.366,,CENTRAL AVENUE,-117.68947854989318,34.03019925632856,219000.0,15400,235000,Back,State,True,94.42434969986148,50
13576,8,91,,RIV,,21.471,,"RIVERSIDE, SPRUCE STREET",-117.35877729768958,33.9908586953628,219000.0,14700,223000,Back,State,True,94.42434969986148,50
13578,8,91,,RIV,,22.068,,"RIVERSIDE, JCT. RTE. 60, JCT. RTE. 215 NORTH",-117.35583236057514,33.99533697805964,219000.0,14700,223000,Back,State,True,94.42434969986148,50
12552,8,10,,SBD,,3.468,,"UPLAND, JCT. RTE. 83",-117.65114679262773,34.087291371915136,219000.0,15700,249000,Ahead,Interstate,True,94.42434969986148,50
13350,8,60,,SBD,R,1.367,,"CHINO, RAMONA AVENUE",-117.70685218398204,34.030061885452994,219000.0,15400,235000,Ahead,State,True,94.42434969986148,50
13574,8,91,,RIV,,20.45,,"RIVERSIDE, MISSION INN AVENUE",-117.37018852038698,33.979767874371674,219000.0,14700,223000,Ahead,State,True,94.42434969986148,50
13576,8,91,,RIV,,21.471,,"RIVERSIDE, SPRUCE STREET",-117.35877729768958,33.9908586953628,219000.0,14700,223000,Ahead,State,True,94.42434969986148,50
13350,8,60,,SBD,R,1.367,,"CHINO, RAMONA AVENUE",-117.70685218398204,34.030061885452994,218000.0,15300,233000,Back,State,True,94.27043250731106,58
13050,8,215,,RIV,R,38.339,,JCT. RTE. 60 EAST,-117.29264307045284,33.9440591430418,218000.0,13800,230000,Ahead,Interstate,True,94.27043250731106,58
12538,8,10,,SBD,,2.37,,"UPLAND, MOUNTAIN AVENUE",-117.67041630585237,34.08718633654399,217000.0,15500,247000,Back,Interstate,True,94.10497152531939,60
12552,8,10,,SBD,,3.468,,"UPLAND, JCT. RTE. 83",-117.65114679262773,34.087291371915136,217000.0,15500,247000,Back,Interstate,True,94.10497152531939,60
12572,8,10,,SBD,,6.097,,"ONTARIO, VINEYARD AVENUE",-117.61118205897421,34.070534939478655,217000.0,15500,247000,Back,Interstate,True,94.10497152531939,60
13356,8,60,,SBD,R,4.58,,"ONTARIO, JCT. RTE. 83",-117.65094730015934,34.03029963941871,217000.0,15300,232000,Back,State,True,94.10497152531939,60
12526,8,10,,SBD,,1.229,,"MONTCLAIR, CENTRAL AVENUE",-117.68985828393343,34.08529661203039,217000.0,15500,247000,Ahead,Interstate,True,94.10497152531939,60
12538,8,10,,SBD,,2.37,,"UPLAND, MOUNTAIN AVENUE",-117.67041630585237,34.08718633654399,217000.0,15500,247000,Ahead,Interstate,True,94.10497152531939,60
12570,8,10,,SBD,,5.238,,"ONTARIO, FOURTH STREET",-117.6238192592522,34.07774883475005,217000.0,15500,247000,Ahead,Interstate,True,94.10497152531939,60
13354,8,60,,SBD,R,3.602,,MOUNTAIN AVENUE,-117.66792197805744,34.0302590262623,217000.0,15300,232000,Ahead,State,True,94.10497152531939,60
12574,8,10,,SBD,,7.158,,"ONTARIO, ARCHIBALD AVENUE",-117.59336904810012,34.067562565410945,216000.0,15400,246000,Back,Interstate,True,93.88563952593505,68
13100,8,215,,SBD,,5.025,,"SAN BERNARDINO, ORANGE SHOW ROAD",-117.2963190897832,34.07817373137858,216000.0,14900,223000,Back,Interstate,True,93.88563952593505,68
13358,8,60,,SBD,R,5.855,,GROVE AVENUE,-117.62869254600669,34.030390973350805,216000.0,15200,231000,Back,State,True,93.88563952593505,68
12572,8,10,,SBD,,6.097,,"ONTARIO, VINEYARD AVENUE",-117.61118205897421,34.070534939478655,216000.0,15400,246000,Ahead,Interstate,True,93.88563952593505,68
13098,8,215,,SBD,,4.052,,"COLTON, JCT. RTE. 10",-117.29628817156775,34.06420405822731,216000.0,14900,223000,Ahead,Interstate,True,93.88563952593505,68
13356,8,60,,SBD,R,4.58,,"ONTARIO, JCT. RTE. 83",-117.65094730015934,34.03029963941871,216000.0,15200,231000,Ahead,State,True,93.88563952593505,68
13574,8,91,,RIV,,20.45,,"RIVERSIDE, MISSION INN AVENUE",-117.37018852038698,33.979767874371674,215000.0,14400,219000,Back,State,True,93.65476373710943,74
13572,8,91,,RIV,,19.999,,"RIVERSIDE, 14TH STREET",-117.37314191963141,33.97380409681867,215000.0,14400,219000,Ahead,State,True,93.65476373710943,74
13558,8,91,,RIV,,11.991,,"RIVERSIDE, LA SIERRA AVENUE",-117.4733079221934,33.90004419712834,214000.0,14300,218000,Back,State,True,93.48545482530398,76
13556,8,91,,RIV,,11.097,,"RIVERSIDE, MAGNOLIA AVENUE",-117.48821690253614,33.89712484968636,214000.0,14300,218000,Ahead,State,True,93.48545482530398,76
12522,8,10,,SBD,,0.681,,"MONTCLAIR, MONTE VISTA AVENUE",-117.69840017352729,34.082010366799615,212000.0,15200,241000,Back,Interstate,True,93.24688317685086,78
13362,8,60,,SBD,R,7.873,,ARCHIBALD AVENUE,-117.59353008279287,34.03051376549328,212000.0,14900,227000,Back,State,True,93.24688317685086,78
12524,8,10,,SBD,,0,,LOS ANGELES/SAN BERNARDINO COUNTY LINE,-117.71034786921402,34.081821279043794,212000.0,15200,241000,Ahead,Interstate,True,93.24688317685086,78
13360,8,60,,SBD,R,6.856,,VINEYARD AVENUE,-117.61128505351645,34.03046180374016,212000.0,14900,227000,Ahead,State,True,93.24688317685086,78
12782,8,15,,SBD,,3.052,,FOURTH STREET,-117.54474273691751,34.07696145371348,211000.0,14500,230000,Back,Interstate,True,93.13914114206557,82
12780,8,15,,SBD,,2.389,,JCT. RTE. 10,-117.54472991167022,34.0674022371458,211000.0,14500,230000,Ahead,Interstate,True,93.13914114206557,82
12526,8,10,,SBD,,1.229,,"MONTCLAIR, CENTRAL AVENUE",-117.68985828393343,34.08529661203039,210000.0,15000,239000,Back,Interstate,True,92.95059258119132,84
13360,8,60,,SBD,R,6.856,,VINEYARD AVENUE,-117.61128505351645,34.03046180374016,210000.0,14800,225000,Back,State,True,92.95059258119132,84
13564,8,91,,RIV,,15.627,,"RIVERSIDE, ADAMS STREET",-117.41966509866405,33.927375310283615,210000.0,14100,213000,Back,State,True,92.95059258119132,84
13572,8,91,,RIV,,19.999,,"RIVERSIDE, 14TH STREET",-117.37314191963141,33.97380409681867,210000.0,14100,213000,Back,State,True,92.95059258119132,84
12522,8,10,,SBD,,0.681,,"MONTCLAIR, MONTE VISTA AVENUE",-117.69840017352729,34.082010366799615,210000.0,15000,239000,Ahead,Interstate,True,92.95059258119132,84
13358,8,60,,SBD,R,5.855,,GROVE AVENUE,-117.62869254600669,34.030390973350805,210000.0,14800,225000,Ahead,State,True,92.95059258119132,84
13562,8,91,,RIV,,14.079,,"RIVERSIDE, VAN BUREN STREET",-117.44181948494833,33.91477488945286,210000.0,14100,213000,Ahead,State,True,92.95059258119132,84
13570,8,91,,RIV,,18.412,,"RIVERSIDE, CENTRAL AVENUE",-117.38375531349065,33.95350065941123,210000.0,14100,213000,Ahead,State,True,92.95059258119132,84
12542,8,10,,SBD,,25.261,,WATERMAN AVENUE,-117.27899155813303,34.06412718429923,207000.0,15600,219000,Back,Interstate,True,92.5465599507465,92
13556,8,91,,RIV,,11.097,,"RIVERSIDE, MAGNOLIA AVENUE",-117.48821690253614,33.89712484968636,207000.0,13900,210000,Back,State,True,92.5465599507465,92
13566,8,91,,RIV,,16.651,,"RIVERSIDE, MADISON STREET",-117.40492823822471,33.93577237793592,207000.0,13900,210000,Back,State,True,92.5465599507465,92
12516,8,10,,SBD,R,24.24,,"COLTON, JCT. RTE. 215",-117.29649545332798,34.06411453630963,207000.0,15600,219000,Ahead,Interstate,True,92.5465599507465,92
13554,8,91,,RIV,,10.806,,"RIVERSIDE, PIERCE STREET",-117.49298909378687,33.89722580451938,207000.0,13900,210000,Ahead,State,True,92.5465599507465,92
13564,8,91,,RIV,,15.627,,"RIVERSIDE, ADAMS STREET",-117.41966509866405,33.927375310283615,207000.0,13900,210000,Ahead,State,True,92.5465599507465,92
12702,8,15,,RIV,,41.501,,JCT. RTE. 91,-117.54713191421347,33.881932392064584,205000.0,16400,236000,Back,Interstate,True,92.23487763583192,98
13570,8,91,,RIV,,18.412,,"RIVERSIDE, CENTRAL AVENUE",-117.38375531349065,33.95350065941123,205000.0,13700,208000,Back,State,True,92.23487763583192,98
12700,8,15,,RIV,,40.352,,"CORONA, MAGNOLIA AVENUE",-117.54211054287933,33.8659876276091,205000.0,16400,236000,Ahead,Interstate,True,92.23487763583192,98
13568,8,91,,RIV,,17.819,,"RIVERSIDE, ARLINGTON AVENUE",-117.3887931958597,33.946191467023034,205000.0,13700,208000,Ahead,State,True,92.23487763583192,98
12716,8,15,,RIV,,52.281,,RIVERSIDE/SAN BERNARDINO COUNTY LINE,-117.55016295125466,34.03348273902828,204000.0,14800,222000,Back,Interstate,True,92.05402493458519,102
12760,8,15,,SBD,,1.015,,"ONTARIO, JURUPA AVENUE",-117.54987412941608,34.04809184521091,204000.0,14800,222000,Back,Interstate,True,92.05402493458519,102
12780,8,15,,SBD,,2.389,,JCT. RTE. 10,-117.54472991167022,34.0674022371458,204000.0,14800,222000,Back,Interstate,True,92.05402493458519,102
12806,8,15,,SBD,,5.306,,JCT. RTE. 66,-117.53192356581071,34.10631940051525,204000.0,14100,222000,Back,Interstate,True,92.05402493458519,102
13364,8,60,,SBD,R,8.906,,HAVEN AVENUE,-117.57568116535855,34.02888445826518,204000.0,14400,218000,Back,State,True,92.05402493458519,102
12714,8,15,,RIV,,51.474,,JCT. RTE. 60,-117.55010504046153,34.021739886350005,204000.0,14800,222000,Ahead,Interstate,True,92.05402493458519,102
12758,8,15,,SBD,,0,,RIVERSIDE/SAN BERNARDINO COUNTY LINE,-117.55016295125466,34.03348273902828,204000.0,14800,222000,Ahead,Interstate,True,92.05402493458519,102
12760,8,15,,SBD,,1.015,,"ONTARIO, JURUPA AVENUE",-117.54987412941608,34.04809184521091,204000.0,14800,222000,Ahead,Interstate,True,92.05402493458519,102
12782,8,15,,SBD,,3.052,,FOURTH STREET,-117.54474273691751,34.07696145371348,204000.0,14100,222000,Ahead,Interstate,True,92.05402493458519,102
13362,8,60,,SBD,R,7.873,,ARCHIBALD AVENUE,-117.59353008279287,34.03051376549328,204000.0,14400,218000,Ahead,State,True,92.05402493458519,102
13102,8,215,,SBD,,5.581,,"SAN BERNARDINO, INLAND CENTER DRIVE",-117.3009910389297,34.085290756840905,203000.0,14000,210000,Back,Interstate,True,91.9385870401724,112
13100,8,215,,SBD,,5.025,,"SAN BERNARDINO, ORANGE SHOW ROAD",-117.2963190897832,34.07817373137858,203000.0,14000,210000,Ahead,Interstate,True,91.9385870401724,112
13096,8,215,,SBD,,2.686,,"COLTON, MOUNT VERNON/ WASHINGTON AVENUES",-117.30747865304699,34.04755578024984,202000.0,14000,209000,Ahead,Interstate,True,91.71155918116054,114
13366,8,60,,SBD,R,9.958,,"SAN BERNARDINO/RIVERSIDE CO LINE, MILLIKEN AVE",-117.55836537379083,34.02392359741221,200000.0,14100,214000,Back,State,True,91.511466830845,115
13568,8,91,,RIV,,17.819,,"RIVERSIDE, ARLINGTON AVENUE",-117.3887931958597,33.946191467023034,200000.0,13400,203000,Back,State,True,91.511466830845,115
13364,8,60,,SBD,R,8.906,,HAVEN AVENUE,-117.57568116535855,34.02888445826518,200000.0,14100,214000,Ahead,State,True,91.511466830845,115
13566,8,91,,RIV,,16.651,,"RIVERSIDE, MADISON STREET",-117.40492823822471,33.93577237793592,200000.0,13400,203000,Ahead,State,True,91.511466830845,115
13098,8,215,,SBD,,4.052,,"COLTON, JCT. RTE. 10",-117.29628817156775,34.06420405822731,199000.0,13800,206000,Back,Interstate,True,91.41911651531476,119
12720,8,15,,RIV,,8.737,,JCT. RTE. 215 NORTH,-117.18165992893866,33.54933011868119,198000.0,14100,208000,Back,Interstate,True,91.29983069108819,120
12718,8,15,,RIV,,6.623,,NORTH JCT RTE. 79,-117.16283792764247,33.52263996939112,198000.0,14100,208000,Ahead,Interstate,True,91.29983069108819,120
13104,8,215,,SBD,,6.06,,"SAN BERNARDINO, MILL STREET",-117.30179005444231,34.09217031107925,197000.0,13600,203000,Back,Interstate,True,91.06510697244882,122
13106,8,215,,SBD,,6.787,,"SAN BERNARDINO, SECOND STREET",-117.30173383248193,34.102287799884174,197000.0,13600,203000,Back,Interstate,True,91.06510697244882,122
13302,8,60,,RIV,R,1.56,,VAN BUREN BOULEVARD,-117.5319977612633,34.01782870481085,197000.0,13900,208000,Back,State,True,91.06510697244882,122
13102,8,215,,SBD,,5.581,,"SAN BERNARDINO, INLAND CENTER DRIVE",-117.3009910389297,34.085290756840905,197000.0,13600,203000,Ahead,Interstate,True,91.06510697244882,122
13104,8,215,,SBD,,6.06,,"SAN BERNARDINO, MILL STREET",-117.30179005444231,34.09217031107925,197000.0,13600,203000,Ahead,Interstate,True,91.06510697244882,122
13028,8,210,,SBD,,9.138,,DAY CREEK BOULEVARD,-117.53711714508313,34.136387682323765,193000.0,13200,199000,Back,State,True,90.6033553947976,127
13026,8,210,,SBD,,7.909,,MILLIKEN AVENUE,-117.55852468731153,34.13642093562339,193000.0,13200,199000,Ahead,State,True,90.6033553947976,127
13074,8,215,,RIV,,43.9,,"RIVERSIDE, COLUMBIA AVENUE",-117.35190972944478,34.00129895955619,192000.0,13300,198000,Back,Interstate,True,90.43404648299214,129
12530,8,10,,SBD,,13.169,,"FONTANA, CHERRY AVENUE",-117.48885304540292,34.06605030790175,191000.0,12800,196000,Back,Interstate,True,90.3224565183931,130
12528,8,10,,SBD,,11.132,,ETIWANDA AVENUE,-117.52411418136415,34.06741476260479,191000.0,12900,199000,Ahead,Interstate,True,90.3224565183931,130
13002,8,210,,SBD,,11.498,,JCT RTE 15,-117.49607836501465,34.13623827690054,188000.0,12900,194000,Back,State,True,89.98383869478221,132
13026,8,210,,SBD,,7.909,,MILLIKEN AVENUE,-117.55852468731153,34.13642093562339,188000.0,12900,194000,Back,State,True,89.98383869478221,132
13024,8,210,,SBD,,6.913,,HAVEN AVENUE,-117.5758873960899,34.13591950484218,188000.0,12900,194000,Ahead,State,True,89.98383869478221,132
13028,8,210,,SBD,,9.138,,DAY CREEK BOULEVARD,-117.53711714508313,34.136387682323765,188000.0,12900,194000,Ahead,State,True,89.98383869478221,132
12532,8,10,,SBD,,15.18,,CITRUS AVENUE,-117.45377991066094,34.06684029219207,187000.0,12600,192000,Back,Interstate,True,89.7914422040942,136
12744,8,15,,SBD,R,21.373,,JCT. RTE. 138,-117.47464862182234,34.311835112987254,187000.0,12200,196000,Back,Interstate,True,89.7914422040942,136
12530,8,10,,SBD,,13.169,,"FONTANA, CHERRY AVENUE",-117.48885304540292,34.06605030790175,187000.0,12600,192000,Ahead,Interstate,True,89.7914422040942,136
12742,8,15,,SBD,R,20.011,,CLEGHORN ROAD,-117.45740717662416,34.2988641382764,187000.0,12200,196000,Ahead,Interstate,True,89.7914422040942,136
13024,8,210,,SBD,,6.913,,HAVEN AVENUE,-117.5758873960899,34.13591950484218,186000.0,12700,192000,Back,State,True,89.61058950284747,140
13022,8,210,,SBD,,5.901,,ARCHIBALD AVENUE,-117.5935250234812,34.134994856752925,186000.0,12700,192000,Ahead,State,True,89.61058950284747,140
12534,8,10,,SBD,,16.22,,"FONTANA, SIERRA AVENUE",-117.43568527345369,34.06730267188508,185000.0,12400,190000,Back,Interstate,True,89.33738648607049,142
12544,8,10,,SBD,,26.272,,TIPPECANOE AVENUE  (LOMA LINDA TURNOFF),-117.26145899590075,34.06432439699165,185000.0,13900,196000,Back,Interstate,True,89.33738648607049,142
12742,8,15,,SBD,R,20.011,,CLEGHORN ROAD,-117.45740717662416,34.2988641382764,185000.0,12000,194000,Back,Interstate,True,89.33738648607049,142
13096,8,215,,SBD,,2.686,,"COLTON, MOUNT VERNON/ WASHINGTON AVENUES",-117.30747865304699,34.04755578024984,185000.0,12800,191000,Back,Interstate,True,89.33738648607049,142
12532,8,10,,SBD,,15.18,,CITRUS AVENUE,-117.45377991066094,34.06684029219207,185000.0,12400,190000,Ahead,Interstate,True,89.33738648607049,142
12542,8,10,,SBD,,25.261,,WATERMAN AVENUE,-117.27899155813303,34.06412718429923,185000.0,13900,196000,Ahead,Interstate,True,89.33738648607049,142
13000,8,210,,SBD,,1.497,,MOUNTAIN AVENUE,-117.67036277973615,34.13456689344402,185000.0,12700,189000,Ahead,State,True,89.33738648607049,142
13084,8,215,,SBD,,1.312,,BARTON ROAD,-117.32488377398488,34.033867502259284,185000.0,12800,191000,Ahead,Interstate,True,89.33738648607049,142
12514,8,10,,SBD,R,23.248,,"COLTON, MOUNT VERNON AVENUE",-117.31362561343212,34.06481380298671,184000.0,12400,189000,Back,Interstate,True,89.06033553947977,150
12700,8,15,,RIV,,40.352,,"CORONA, MAGNOLIA AVENUE",-117.54211054287933,33.8659876276091,184000.0,14700,212000,Back,Interstate,True,89.06033553947977,150
12512,8,10,,SBD,R,22.616,,"COLTON, LA CADENA DRIVE/ NINTH STREET",-117.32463405940386,34.0659712909846,184000.0,12400,189000,Ahead,Interstate,True,89.06033553947977,150
12696,8,15,,RIV,,38.693,,"CORONA, ONTARIO AVENUE",-117.53471749343099,33.843477452974525,184000.0,14700,212000,Ahead,Interstate,True,89.06033553947977,150
13022,8,210,,SBD,,5.901,,ARCHIBALD AVENUE,-117.5935250234812,34.134994856752925,183000.0,12500,189000,Back,State,True,88.91026627674312,154
13108,8,215,,SBD,,7.183,,"SAN BERNARDINO, JCT. RTE. 66 WEST",-117.30245454005461,34.1081531237953,183000.0,12600,189000,Back,Interstate,True,88.91026627674312,154
13020,8,210,,SBD,,4.599,,CARNELIAN STREET,-117.61624122243235,34.13481890030957,183000.0,12500,189000,Ahead,State,True,88.91026627674312,154
13106,8,215,,SBD,,6.787,,"SAN BERNARDINO, SECOND STREET",-117.30173383248193,34.102287799884174,183000.0,12600,189000,Ahead,Interstate,True,88.91026627674312,154
13300,8,60,,RIV,R,0,,"SAN BERNARDINO/RIVERSIDE CO LINE, MILLIKEN AVE",-117.55836537379083,34.02392359741221,183000.0,12900,196000,Ahead,State,True,88.91026627674312,154
13004,8,210,,SBD,,11.914,,CHERRY AVENUE,-117.48866708156267,34.13625762977234,182000.0,14700,204000,Back,State,True,88.64860704940742,159
13002,8,210,,SBD,,11.498,,JCT RTE 15,-117.49607836501465,34.13623827690054,182000.0,14700,204000,Ahead,State,True,88.64860704940742,159
12512,8,10,,SBD,R,22.616,,"COLTON, LA CADENA DRIVE/ NINTH STREET",-117.32463405940386,34.0659712909846,180000.0,12100,185000,Back,Interstate,True,88.08680929659843,161
12516,8,10,,SBD,R,24.24,,"COLTON, JCT. RTE. 215",-117.29649545332798,34.06411453630963,180000.0,12100,185000,Back,Interstate,True,88.08680929659843,161
12808,8,15,,SBD,,5.973,,"RANCHO CUCAMONGA, MILLER AVENUE",-117.52382745260022,34.11299382263622,180000.0,12400,196000,Back,Interstate,True,88.08680929659843,161
12814,8,15,,SBD,,6.783,,"RANCHO CUCAMONGA, BASE LINE AVENUE",-117.51388217534362,34.12127450337076,180000.0,12400,196000,Back,Interstate,True,88.08680929659843,161
13110,8,215,,SBD,,8.083,,"SAN BERNARDINO, BASELINE STREET",-117.30236649078371,34.121424309309795,180000.0,12400,186000,Back,Interstate,True,88.08680929659843,161
12510,8,10,,SBD,R,21.961,,"COLTON, RANCHO AVENUE",-117.33583026404978,34.067348244895456,180000.0,12100,185000,Ahead,Interstate,True,88.08680929659843,161
12514,8,10,,SBD,R,23.248,,"COLTON, MOUNT VERNON AVENUE",-117.31362561343212,34.06481380298671,180000.0,12100,185000,Ahead,Interstate,True,88.08680929659843,161
12808,8,15,,SBD,,5.973,,"RANCHO CUCAMONGA, MILLER AVENUE",-117.52382745260022,34.11299382263622,180000.0,12400,196000,Ahead,Interstate,True,88.08680929659843,161
13108,8,215,,SBD,,7.183,,"SAN BERNARDINO, JCT. RTE. 66 WEST",-117.30245454005461,34.1081531237953,180000.0,12400,186000,Ahead,Interstate,True,88.08680929659843,161
13020,8,210,,SBD,,4.599,,CARNELIAN STREET,-117.61624122243235,34.13481890030957,179000.0,12200,185000,Back,State,True,87.80206249038017,170
13076,8,215,,RIV,,45.013,,CENTER STREET,-117.3424962198021,34.01541780290493,179000.0,12400,185000,Back,Interstate,True,87.80206249038017,170
13084,8,215,,SBD,,1.312,,BARTON ROAD,-117.32488377398488,34.033867502259284,179000.0,12400,185000,Back,Interstate,True,87.80206249038017,170
12806,8,15,,SBD,,5.306,,JCT. RTE. 66,-117.53192356581071,34.10631940051525,179000.0,12300,195000,Ahead,Interstate,True,87.80206249038017,170
13018,8,210,,SBD,,3.471,,CAMPUS AVENUE,-117.63593939733752,34.13473140637586,179000.0,12200,185000,Ahead,State,True,87.80206249038017,170
13074,8,215,,RIV,,43.9,,"RIVERSIDE, COLUMBIA AVENUE",-117.35190972944478,34.00129895955619,179000.0,12400,185000,Ahead,Interstate,True,87.80206249038017,170
13080,8,215,,SBD,,0.402,,IOWA AVENUE,-117.33536007325364,34.02397240711964,179000.0,12400,185000,Ahead,Interstate,True,87.80206249038017,170
12508,8,10,,SBD,R,18.492,,"BLOOMINGTON, CEDAR AVENUE",-117.39611475737775,34.0684122191148,178000.0,12000,183000,Back,Interstate,True,87.64044943820225,177
12510,8,10,,SBD,R,21.961,,"COLTON, RANCHO AVENUE",-117.33583026404978,34.067348244895456,178000.0,12000,183000,Back,Interstate,True,87.64044943820225,177
12540,8,10,,SBD,,20.965,,PEPPER AVENUE,-117.35300649784652,34.068896757940905,178000.0,12000,183000,Back,Interstate,True,87.64044943820225,177
12546,8,10,,SBD,,27.296,,MOUNTAIN VIEW AVENUE,-117.24394311448498,34.06646982121284,178000.0,13400,189000,Back,Interstate,True,87.64044943820225,177
13310,8,60,,RIV,R,3.03,,MISSION BOULEVARD,-117.50671071332641,34.01870988254716,178000.0,12500,188000,Back,State,True,87.64044943820225,177
12534,8,10,,SBD,,16.22,,"FONTANA, SIERRA AVENUE",-117.43568527345369,34.06730267188508,178000.0,12000,183000,Ahead,Interstate,True,87.64044943820225,177
12536,8,10,,SBD,,19.972,,"RIALTO, RIVERSIDE AVENUE",-117.3702951989202,34.06880587400816,178000.0,12000,183000,Ahead,Interstate,True,87.64044943820225,177
12540,8,10,,SBD,,20.965,,PEPPER AVENUE,-117.35300649784652,34.068896757940905,178000.0,12000,183000,Ahead,Interstate,True,87.64044943820225,177
12544,8,10,,SBD,,26.272,,TIPPECANOE AVENUE  (LOMA LINDA TURNOFF),-117.26145899590075,34.06432439699165,178000.0,13400,189000,Ahead,Interstate,True,87.64044943820225,177
13304,8,60,,RIV,R,1.993,,ETIWANDA AVENUE,-117.52470962066708,34.018078421944224,178000.0,12500,188000,Ahead,State,True,87.64044943820225,177
12536,8,10,,SBD,,19.972,,"RIALTO, RIVERSIDE AVENUE",-117.3702951989202,34.06880587400816,177000.0,11900,182000,Back,Interstate,True,87.49422810527936,187
12508,8,10,,SBD,R,18.492,,"BLOOMINGTON, CEDAR AVENUE",-117.39611475737775,34.0684122191148,177000.0,11900,182000,Ahead,Interstate,True,87.49422810527936,187
12692,8,15,,RIV,,36.813,,CAJALCO ROAD,-117.51798774838159,33.82100563604864,177000.0,14200,204000,Ahead,Interstate,True,87.49422810527936,187
12718,8,15,,RIV,,6.623,,NORTH JCT RTE. 79,-117.16283792764247,33.52263996939112,176000.0,12600,185000,Back,Interstate,True,87.33261505310143,190
12698,8,15,,RIV,,4.98,,RANCHO CALIFORNIA ROAD,-117.15124137980705,33.50096222519405,176000.0,12600,185000,Ahead,Interstate,True,87.33261505310143,190
12548,8,10,,SBD,,28.3,,CALIFORNIA STREET,-117.22643913844166,34.06651652578437,175000.0,13200,186000,Back,Interstate,True,87.14791442204094,192
12546,8,10,,SBD,,27.296,,MOUNTAIN VIEW AVENUE,-117.24394311448498,34.06646982121284,175000.0,13200,186000,Ahead,Interstate,True,87.14791442204094,192
12696,8,15,,RIV,,38.693,,"CORONA, ONTARIO AVENUE",-117.53471749343099,33.843477452974525,174000.0,13900,200000,Back,Interstate,True,86.94782207172541,194
12694,8,15,,RIV,,37.819,,EL CERRITO ROAD,-117.52950756302377,33.83194976384202,174000.0,13900,200000,Ahead,Interstate,True,86.94782207172541,194
12740,8,15,,SBD,R,14.96,,KENWOOD AVENUE,-117.42506823423102,34.236854820488006,173000.0,11200,181000,Back,Interstate,True,86.78620901954748,196
13318,8,60,,RIV,,11.732,,"RIVERSIDE, MAIN STREET",-117.36487455967995,33.99640695068082,173000.0,12100,183000,Back,State,True,86.78620901954748,196
12,8,15,,SBD,M,16.497,,JCT 15/215 SEP EB,-117.41163942055832,34.22667867367608,173000.0,11200,181000,Ahead,Interstate,True,86.78620901954748,196
12740,8,15,,SBD,R,14.96,,KENWOOD AVENUE,-117.42506823423102,34.236854820488006,173000.0,11200,181000,Ahead,Interstate,True,86.78620901954748,196
13316,8,60,,RIV,,11.068,,"RIVERSIDE, CRESTMORE AVENUE",-117.37513475303749,34.000691667061865,173000.0,12100,183000,Ahead,State,True,86.78620901954748,196
12550,8,10,,SBD,,29.313,,JCT RTE 210 /ALABAMA STREET OC,-117.2087610581165,34.066500886654076,172000.0,13000,182000,Back,Interstate,True,86.64768354625213,201
13000,8,210,,SBD,,1.497,,MOUNTAIN AVENUE,-117.67036277973615,34.13456689344402,172000.0,11800,176000,Back,State,True,86.64768354625213,201
13078,8,215,,RIV,,45.333,,RIVERSIDE/SAN BERNARDINO COUNTY LINE,-117.33954798048067,34.01938843829103,172000.0,11900,178000,Back,Interstate,True,86.64768354625213,201
12548,8,10,,SBD,,28.3,,CALIFORNIA STREET,-117.22643913844166,34.06651652578437,172000.0,13000,182000,Ahead,Interstate,True,86.64768354625213,201
12998,8,210,,SBD,,0,,LOS ANGELES/SAN BERNARDINO COUNTY LINE,-117.69251069545541,34.124205025265915,172000.0,11800,176000,Ahead,State,True,86.64768354625213,201
13076,8,215,,RIV,,45.013,,CENTER STREET,-117.3424962198021,34.01541780290493,172000.0,11900,178000,Ahead,Interstate,True,86.64768354625213,201
13006,8,210,,SBD,,13.927,,CITRUS AVENUE,-117.45354820460643,34.13627584948432,171000.0,13900,192000,Back,State,True,86.53224565183932,207
13018,8,210,,SBD,,3.471,,CAMPUS AVENUE,-117.63593939733752,34.13473140637586,171000.0,11700,176000,Back,State,True,86.53224565183932,207
13004,8,210,,SBD,,11.914,,CHERRY AVENUE,-117.48866708156267,34.13625762977234,171000.0,13900,192000,Ahead,State,True,86.53224565183932,207
13316,8,60,,RIV,,11.068,,"RIVERSIDE, CRESTMORE AVENUE",-117.37513475303749,34.000691667061865,170000.0,11900,179000,Back,State,True,86.37063259966138,210
13346,8,60,,RIV,,9.555,,"RUBIDOUX, RUBIDOUX BOULEVARD",-117.40046096931738,34.004521887437605,170000.0,11900,179000,Ahead,State,True,86.37063259966138,210
12698,8,15,,RIV,,4.98,,RANCHO CALIFORNIA ROAD,-117.15124137980705,33.50096222519405,169000.0,13300,177000,Back,Interstate,True,86.1859319686009,212
12684,8,15,,RIV,,3.436,,SOUTH JCT. RTE. 79,-117.14049701786759,33.48056582615411,169000.0,13300,177000,Ahead,Interstate,True,86.1859319686009,212
12694,8,15,,RIV,,37.819,,EL CERRITO ROAD,-117.52950756302377,33.83194976384202,168000.0,13400,193000,Back,Interstate,True,86.02816684623672,214
13346,8,60,,RIV,,9.555,,"RUBIDOUX, RUBIDOUX BOULEVARD",-117.40046096931738,34.004521887437605,168000.0,11800,177000,Back,State,True,86.02816684623672,214
13344,8,60,,RIV,,7.533,,VALLEY WAY,-117.43405820169195,34.011797136827994,168000.0,11800,177000,Ahead,State,True,86.02816684623672,214
12692,8,15,,RIV,,36.813,,CAJALCO ROAD,-117.51798774838159,33.82100563604864,166000.0,13300,191000,Back,Interstate,True,85.65876558411574,217
13080,8,215,,SBD,,0.402,,IOWA AVENUE,-117.33536007325364,34.02397240711964,166000.0,11500,171000,Back,Interstate,True,85.65876558411574,217
12690,8,15,,RIV,,35.641,,WEIRICK ROAD,-117.5071918752471,33.80691545581346,166000.0,13300,191000,Ahead,Interstate,True,85.65876558411574,217
13082,8,215,,SBD,,0,,RIVERSIDE/SAN BERNARDINO COUNTY LINE,-117.33954798048067,34.01938843829103,166000.0,11500,171000,Ahead,Interstate,True,85.65876558411574,217
13008,8,210,,SBD,,14.929,,SIERRA AVENUE,-117.43608402033693,34.13624793995323,164000.0,13300,184000,Back,State,True,85.41249807603509,221
13112,8,215,,SBD,,8.603,,"SAN BERNARDINO, JCT. RTE. 259 NORTH",-117.30330375252699,34.12880673135409,164000.0,11300,169000,Back,Interstate,True,85.41249807603509,221
13006,8,210,,SBD,,13.927,,CITRUS AVENUE,-117.45354820460643,34.13627584948432,164000.0,13300,184000,Ahead,State,True,85.41249807603509,221
13110,8,215,,SBD,,8.083,,"SAN BERNARDINO, BASELINE STREET",-117.30236649078371,34.121424309309795,164000.0,11300,169000,Ahead,Interstate,True,85.41249807603509,221
13320,8,60,,RIV,,11.818,,"RIVERSIDE, ORANGE STREET OVERCROSSING",-117.36350936658648,33.995859141801986,163000.0,11400,172000,Back,State,True,85.3047560412498,225
13318,8,60,,RIV,,11.732,,"RIVERSIDE, MAIN STREET",-117.36487455967995,33.99640695068082,163000.0,11400,172000,Ahead,State,True,85.3047560412498,225
12746,8,15,,SBD,R,28.622,,OAK HILL ROAD,-117.4332123641901,34.362240601140314,162000.0,10500,166000,Back,Interstate,True,85.03924888410035,227
13312,8,60,,RIV,R,4.548,,PEDLEY ROAD,-117.48034759686688,34.01904433739981,162000.0,11400,171000,Back,State,True,85.03924888410035,227
13344,8,60,,RIV,,7.533,,VALLEY WAY,-117.43405820169195,34.011797136827994,162000.0,11400,171000,Back,State,True,85.03924888410035,227
12744,8,15,,SBD,R,21.373,,JCT. RTE. 138,-117.47464862182234,34.311835112987254,162000.0,10500,170000,Ahead,Interstate,True,85.03924888410035,227
13298,8,60,,RIV,R,0.491,,JCT. RTE. 15,-117.55041488197944,34.02168322560033,162000.0,11400,171000,Ahead,State,True,85.03924888410035,227
13310,8,60,,RIV,R,3.03,,MISSION BOULEVARD,-117.50671071332641,34.01870988254716,162000.0,11400,171000,Ahead,State,True,85.03924888410035,227
13314,8,60,,RIV,R,5.575,,PYRITE STREET,-117.46254706988026,34.01622733695672,162000.0,11400,171000,Ahead,State,True,85.03924888410035,227
13320,8,60,,RIV,,11.818,,"RIVERSIDE, ORANGE STREET OVERCROSSING",-117.36350936658648,33.995859141801986,162000.0,11400,171000,Ahead,State,True,85.03924888410035,227
12836,8,15,,SBD,,8.35,,JCT RTE 210,-117.49436797451034,34.137405249077766,161000.0,11100,175000,Back,Interstate,True,84.91611513006004,235
13314,8,60,,RIV,R,5.575,,PYRITE STREET,-117.46254706988026,34.01622733695672,161000.0,11300,170000,Back,State,True,84.91611513006004,235
12814,8,15,,SBD,,6.783,,"RANCHO CUCAMONGA, BASE LINE AVENUE",-117.51388217534362,34.12127450337076,161000.0,11100,175000,Ahead,Interstate,True,84.91611513006004,235
13312,8,60,,RIV,R,4.548,,PEDLEY ROAD,-117.48034759686688,34.01904433739981,161000.0,11300,170000,Ahead,State,True,84.91611513006004,235
13010,8,210,,SBD,,15.936,,ALDER AVENUE,-117.41851545722133,34.136317892213214,160000.0,13000,179000,Back,Interstate,True,84.75065414806834,239
13304,8,60,,RIV,R,1.993,,ETIWANDA AVENUE,-117.52470962066708,34.018078421944224,160000.0,11200,169000,Back,State,True,84.75065414806834,239
13008,8,210,,SBD,,14.929,,SIERRA AVENUE,-117.43608402033693,34.13624793995323,160000.0,13000,179000,Ahead,State,True,84.75065414806834,239
13010,8,210,,SBD,,15.936,,ALDER AVENUE,-117.41851545722133,34.136317892213214,160000.0,13000,179000,Ahead,Interstate,True,84.75065414806834,239
13302,8,60,,RIV,R,1.56,,VAN BUREN BOULEVARD,-117.5319977612633,34.01782870481085,160000.0,11300,169000,Ahead,State,True,84.75065414806834,239
12554,8,10,,SBD,,30.899,,"REDLANDS, JCT. RTE. 38 NORTH",-117.18259883998877,34.06166873268406,158000.0,11900,168000,Back,Interstate,True,84.44666769278129,244
12550,8,10,,SBD,,29.313,,JCT RTE 210 /ALABAMA STREET OC,-117.2087610581165,34.066500886654076,158000.0,11900,168000,Ahead,Interstate,True,84.44666769278129,244
13048,8,215,,RIV,R,37.436,,"RIVERSIDE, EUCALYPTUS/EASTRIDGE AVE",-117.28880649343516,33.931367580444366,157000.0,10700,170000,Back,Interstate,True,84.20040018470063,246
13046,8,215,,RIV,R,36.419,,ALLENSANDRO BOULEVARD,-117.28735336605514,33.91675970496318,157000.0,10700,170000,Ahead,Interstate,True,84.20040018470063,246
13298,8,60,,RIV,R,0.491,,JCT. RTE. 15,-117.55041488197944,34.02168322560033,156000.0,11000,167000,Back,State,True,84.0195474834539,248
13324,8,60,,RIV,,14.324,,"MORENO VALLEY, PIGEON PASS ROAD",-117.26167789467425,33.94071240712947,156000.0,10600,159000,Back,State,True,84.0195474834539,248
13322,8,60,,RIV,,13.307,,DAY STREET,-117.279151621747,33.94256709713471,156000.0,10600,159000,Ahead,State,True,84.0195474834539,248
12558,8,10,,SBD,,31.874,,"REDLANDS, UNIVERSITY STREET",-117.16711561788885,34.05651620412611,155000.0,11700,164000,Back,Interstate,True,83.80021548406957,251
12784,8,15,,SBD,,31.813,,JCT. RTE. 395 NORTH,-117.40128540894918,34.399758172241974,155000.0,10100,159000,Back,Interstate,True,83.80021548406957,251
13050,8,215,,RIV,R,38.339,,JCT. RTE. 60 EAST,-117.29264307045284,33.9440591430418,155000.0,10600,168000,Back,Interstate,True,83.80021548406957,251
12556,8,10,,SBD,,31.012,,"REDLANDS, SIXTH STREET",-117.18063436370126,34.06164712941501,155000.0,11700,164000,Ahead,Interstate,True,83.80021548406957,251
12746,8,15,,SBD,R,28.622,,OAK HILL ROAD,-117.4332123641901,34.362240601140314,155000.0,10100,159000,Ahead,Interstate,True,83.80021548406957,251
13048,8,215,,RIV,R,37.436,,"RIVERSIDE, EUCALYPTUS/EASTRIDGE AVE",-117.28880649343516,33.931367580444366,155000.0,10600,168000,Ahead,Interstate,True,83.80021548406957,251
13014,8,210,,SBD,,18.689,,RIVERSIDE AVENUE,-117.37046090125921,34.13579005755903,154000.0,12500,172000,Back,Interstate,True,83.63860243189164,257
13306,8,60,,RIV,R,12.064,,"RIVERSIDE, JCT. RTES. 215/91",-117.29451753375227,33.944494745122746,154000.0,10800,162000,Back,State,True,83.63860243189164,257
13326,8,60,,RIV,,15.338,,"MORENO VALLEY, HEACOCK STREET",-117.24404771970656,33.94102547465729,154000.0,10400,157000,Back,State,True,83.63860243189164,257
13012,8,210,,SBD,,17.437,,AYALA DRIVE,-117.39231981188357,34.13575090844414,154000.0,12500,172000,Ahead,Interstate,True,83.63860243189164,257
13306,8,60,,RIV,R,12.064,,"RIVERSIDE, JCT. RTES. 215/91",-117.29451753375227,33.944494745122746,154000.0,10800,162000,Ahead,State,True,83.63860243189164,257
13324,8,60,,RIV,,14.324,,"MORENO VALLEY, PIGEON PASS ROAD",-117.26167789467425,33.94071240712947,154000.0,10400,157000,Ahead,State,True,83.63860243189164,257
12838,8,15,,SBD,,8.826,,CHERRY AVENUE INTERCHANGE,-117.48868308774443,34.14209695193011,153000.0,10300,158000,Back,Interstate,True,83.50392488841003,263
12840,8,15,,SBD,,9.61,,SUMMIT AVENUE,-117.47888127503198,34.1502854911144,153000.0,10300,158000,Back,Interstate,True,83.50392488841003,263
13012,8,210,,SBD,,17.437,,AYALA DRIVE,-117.39231981188357,34.13575090844414,153000.0,12400,171000,Back,Interstate,True,83.50392488841003,263
13042,8,215,,RIV,R,34.17,,VAN BUREN BOULEVARD,-117.26988367511296,33.88789000580427,153000.0,10400,165000,Back,Interstate,True,83.50392488841003,263
13046,8,215,,RIV,R,36.419,,ALLENSANDRO BOULEVARD,-117.28735336605514,33.91675970496318,153000.0,10400,165000,Back,Interstate,True,83.50392488841003,263
142,8,215,,RIV,R,32.325,,OLEANDER AVENUE,-117.25951979281545,33.86256223716612,153000.0,10400,165000,Ahead,Interstate,True,83.50392488841003,263
12836,8,15,,SBD,,8.35,,JCT RTE 210,-117.49436797451034,34.137405249077766,153000.0,10300,158000,Ahead,Interstate,True,83.50392488841003,263
12838,8,15,,SBD,,8.826,,CHERRY AVENUE INTERCHANGE,-117.48868308774443,34.14209695193011,153000.0,10300,158000,Ahead,Interstate,True,83.50392488841003,263
13044,8,215,,RIV,R,35.76,,CACTUS AVENUE,-117.28071338329264,33.90905243609806,153000.0,10400,165000,Ahead,Interstate,True,83.50392488841003,263
12980,8,210,,SBD,R,24.215,,"SAN BERNARDINO, JCT RTE 18 NORTH",-117.27869688916029,34.14503755968535,152000.0,11300,158000,Back,State,True,83.23456980144682,272
13322,8,60,,RIV,,13.307,,DAY STREET,-117.279151621747,33.94256709713471,152000.0,10300,155000,Back,State,True,83.23456980144682,272
12978,8,210,,SBD,R,23.095,,NORTH JCT RTE 259,-117.29852801742243,34.14555936809015,152000.0,11300,158000,Ahead,State,True,83.23456980144682,272
12690,8,15,,RIV,,35.641,,WEIRICK ROAD,-117.5071918752471,33.80691545581346,151000.0,12100,174000,Back,Interstate,True,83.0614129598276,275
12688,8,15,,RIV,,33.387,,TEMESCAL CANYON ROAD,-117.48815495471415,33.77849063675895,151000.0,12100,174000,Ahead,Interstate,True,83.0614129598276,275
13044,8,215,,RIV,R,35.76,,CACTUS AVENUE,-117.28071338329264,33.90905243609806,150000.0,10200,162000,Back,Interstate,True,82.81899338156073,277
13042,8,215,,RIV,R,34.17,,VAN BUREN BOULEVARD,-117.26988367511296,33.88789000580427,150000.0,10200,162000,Ahead,Interstate,True,82.81899338156073,277
12974,8,210,,SBD,R,21.872,,JCT RTE 215,-117.31923989800661,34.144438453398955,149000.0,12100,167000,Back,State,True,82.55348622441126,279
13016,8,210,,SBD,,20.694,,STATE STREET,-117.33572090045216,34.13443237452135,149000.0,12100,167000,Back,Interstate,True,82.55348622441126,279
13014,8,210,,SBD,,18.689,,RIVERSIDE AVENUE,-117.37046090125921,34.13579005755903,149000.0,12100,167000,Ahead,Interstate,True,82.55348622441126,279
13016,8,210,,SBD,,20.694,,STATE STREET,-117.33572090045216,34.13443237452135,149000.0,12100,167000,Ahead,Interstate,True,82.55348622441126,279
12704,8,15,,RIV,,42.877,,"NORCO, YUMA DRIVE(HIDDEN VALLEY)",-117.55971232030424,33.89881951559908,147000.0,11000,162000,Back,Interstate,True,82.17638910266277,283
12702,8,15,,RIV,,41.501,,JCT. RTE. 91,-117.54713191421347,33.881932392064584,147000.0,11000,162000,Ahead,Interstate,True,82.17638910266277,283
12706,8,15,,RIV,,43.637,,"NORCO, 2ND STREET",-117.55848999437525,33.9095784978597,146000.0,11000,161000,Back,Interstate,True,82.00323226104356,285
12704,8,15,,RIV,,42.877,,"NORCO, YUMA DRIVE(HIDDEN VALLEY)",-117.55971232030424,33.89881951559908,146000.0,11000,161000,Ahead,Interstate,True,82.00323226104356,285
12662,8,15,,RIV,R,1.098,,RAINBOW TRUCK FACILITY,-117.13589768224045,33.44721058780048,145000.0,11400,152000,Back,Interstate,True,81.83392334923812,287
12684,8,15,,RIV,,3.436,,SOUTH JCT. RTE. 79,-117.14049701786759,33.48056582615411,145000.0,11400,152000,Back,Interstate,True,81.83392334923812,287
12660,8,15,,RIV,R,0,,SAN DIEGO/RIVERSIDE COUNTY LINE,-117.14316022534264,33.43256324947649,145000.0,10900,149000,Ahead,Interstate,True,81.83392334923812,287
12662,8,15,,RIV,R,1.098,,RAINBOW TRUCK FACILITY,-117.13589768224045,33.44721058780048,145000.0,11400,152000,Ahead,Interstate,True,81.83392334923812,287
13308,8,60,,RIV,R,12.212,,EAST JCT. RTE. 215,-117.29259664462066,33.944007133618264,145000.0,9800,148000,Ahead,State,True,81.83392334923812,287
12708,8,15,,RIV,,45.6,,"NORCO, 6TH STREET",-117.55578968198739,33.93793459849425,142000.0,10300,155000,Back,Interstate,True,81.44528243804832,292
12710,8,15,,RIV,,48.261,,LIMONITE AVENUE,-117.54875434168518,33.97525691774553,142000.0,10300,155000,Back,Interstate,True,81.44528243804832,292
12706,8,15,,RIV,,43.637,,"NORCO, 2ND STREET",-117.55848999437525,33.9095784978597,142000.0,10300,155000,Ahead,Interstate,True,81.44528243804832,292
12708,8,15,,RIV,,45.6,,"NORCO, 6TH STREET",-117.55578968198739,33.93793459849425,142000.0,10300,155000,Ahead,Interstate,True,81.44528243804832,292
12,8,15,,SBD,M,16.497,,JCT 15/215 SEP EB,-117.41163942055832,34.22667867367608,139000.0,9300,144000,Back,Interstate,True,80.92965984300446,296
142,8,215,,RIV,R,32.325,,OLEANDER AVENUE,-117.25951979281545,33.86256223716612,139000.0,9500,150000,Back,Interstate,True,80.92965984300446,296
12562,8,10,,SBD,,33.128,,"REDLANDS, FORD STREET/ MORRISON AVENUE",-117.15564920898866,34.041613632578645,139000.0,10500,147000,Back,Interstate,True,80.92965984300446,296
12712,8,15,,RIV,,50.13,,CANTU-JALLEANO RANCH OC,-117.55018305644901,34.002315097484626,139000.0,10100,152000,Back,Interstate,True,80.92965984300446,296
12714,8,15,,RIV,,51.474,,JCT. RTE. 60,-117.55010504046153,34.021739886350005,139000.0,10100,152000,Back,Interstate,True,80.92965984300446,296
12762,8,15,,SBD,,12.842,,SIERRA AVENUE,-117.43699654966379,34.181236006103155,139000.0,9300,144000,Back,Interstate,True,80.92965984300446,296
12766,8,15,,SBD,,15.65,,GLEN HELEN PARKWAY,-117.4115069873259,34.21475603970762,139000.0,9300,144000,Back,Interstate,True,80.92965984300446,296
140,8,215,,RIV,R,30.933,,RAMONA EXPRESSWAY,-117.25069783456716,33.84380115146811,139000.0,9500,150000,Ahead,Interstate,True,80.92965984300446,296
12560,8,10,,SBD,,32.111,,"REDLANDS, CYPRESS AVENUE",-117.16387696491418,34.05461449826163,139000.0,10500,147000,Ahead,Interstate,True,80.92965984300446,296
12566,8,10,,SBD,,34.288,,"REDLANDS, WABASH AVENUE",-117.13884292747704,34.03313035227147,139000.0,10500,147000,Ahead,Interstate,True,80.92965984300446,296
12710,8,15,,RIV,,48.261,,LIMONITE AVENUE,-117.54875434168518,33.97525691774553,139000.0,10100,152000,Ahead,Interstate,True,80.92965984300446,296
12712,8,15,,RIV,,50.13,,CANTU-JALLEANO RANCH OC,-117.55018305644901,34.002315097484626,139000.0,10100,152000,Ahead,Interstate,True,80.92965984300446,296
12762,8,15,,SBD,,12.842,,SIERRA AVENUE,-117.43699654966379,34.181236006103155,139000.0,9300,144000,Ahead,Interstate,True,80.92965984300446,296
12766,8,15,,SBD,,15.65,,GLEN HELEN PARKWAY,-117.4115069873259,34.21475603970762,139000.0,9300,144000,Ahead,Interstate,True,80.92965984300446,296
12840,8,15,,SBD,,9.61,,SUMMIT AVENUE,-117.47888127503198,34.1502854911144,139000.0,9300,144000,Ahead,Interstate,True,80.92965984300446,296
12688,8,15,,RIV,,33.387,,TEMESCAL CANYON ROAD,-117.48815495471415,33.77849063675895,138000.0,11000,159000,Back,Interstate,True,80.78728643989534,311
12686,8,15,,RIV,,30.401,,INDIAN TRAIL ROAD,-117.45215710230353,33.74868824411965,138000.0,10300,150000,Ahead,Interstate,True,80.78728643989534,311
12566,8,10,,SBD,,34.288,,"REDLANDS, WABASH AVENUE",-117.13884292747704,34.03313035227147,137000.0,10300,145000,Back,Interstate,True,80.6179775280899,313
12568,8,10,,SBD,,35.5,,YUCAIPA BOULEVARD,-117.11940466482798,34.026685488210006,137000.0,10300,145000,Back,Interstate,True,80.6179775280899,313
12564,8,10,,SBD,,33.291,,"REDLANDS, REDLANDS BOULEVARD  (EAST REDLANDS TURNOFF)",-117.15417953104784,34.0395955287541,137000.0,10300,145000,Ahead,Interstate,True,80.6179775280899,313
12556,8,10,,SBD,,31.012,,"REDLANDS, SIXTH STREET",-117.18063436370126,34.06164712941501,135000.0,10200,143000,Back,Interstate,True,80.29090349392027,316
12560,8,10,,SBD,,32.111,,"REDLANDS, CYPRESS AVENUE",-117.16387696491418,34.05461449826163,135000.0,10200,143000,Back,Interstate,True,80.29090349392027,316
13308,8,60,,RIV,R,12.212,,EAST JCT. RTE. 215,-117.29259664462066,33.944007133618264,135000.0,9100,138000,Back,State,True,80.29090349392027,316
12554,8,10,,SBD,,30.899,,"REDLANDS, JCT. RTE. 38 NORTH",-117.18259883998877,34.06166873268406,135000.0,10200,143000,Ahead,Interstate,True,80.29090349392027,316
12558,8,10,,SBD,,31.874,,"REDLANDS, UNIVERSITY STREET",-117.16711561788885,34.05651620412611,135000.0,10200,143000,Ahead,Interstate,True,80.29090349392027,316
12686,8,15,,RIV,,30.401,,INDIAN TRAIL ROAD,-117.45215710230353,33.74868824411965,132000.0,9800,144000,Back,Interstate,True,79.813760197014,321
12682,8,15,,RIV,,26.688,,LAKE STREET,-117.39341332838399,33.7301977043675,132000.0,9800,144000,Ahead,Interstate,True,79.813760197014,321
12664,8,15,,RIV,,10.592,,CALIFORNIA OAKS ROAD,-117.20676340255396,33.5655520517284,130000.0,9700,142000,Back,Interstate,True,79.55979682930582,323
12722,8,15,,RIV,,9.468,,MURRIETA HOT SPRINGS ROAD,-117.191859609982,33.554847885898084,130000.0,9700,142000,Ahead,Interstate,True,79.55979682930582,323
12666,8,15,,RIV,,13.635,,CLINTON KEITH ROAD,-117.24479041354579,33.59596277673743,129000.0,9600,141000,Back,Interstate,True,79.45590272433431,325
12664,8,15,,RIV,,10.592,,CALIFORNIA OAKS ROAD,-117.20676340255396,33.5655520517284,129000.0,9600,141000,Ahead,Interstate,True,79.45590272433431,325
12506,8,10,,RIV,,9.307,,HIGHLAND SPRINGS AVENUE,-116.947012111078,33.926830354977106,128000.0,12100,142000,Back,Interstate,True,79.35585654917654,327
12504,8,10,,RIV,,8.205,,PENNSYLVANIA AVENUE,-116.9661673127844,33.92721799091494,128000.0,12100,142000,Ahead,Interstate,True,79.35585654917654,327
12786,8,15,,SBD,,32.323,,JOSHUA STREET/PALM AVENUE,-117.39630348713074,34.40617521795446,128000.0,8900,138000,Ahead,Interstate,True,79.35585654917654,327
12668,8,15,,RIV,,15.071,,BAXTER ROAD,-117.25984278836408,33.61239517548617,127000.0,9500,138000,Back,Interstate,True,79.1673079883023,330
12666,8,15,,RIV,,13.635,,CLINTON KEITH ROAD,-117.24479041354579,33.59596277673743,127000.0,9500,138000,Ahead,Interstate,True,79.1673079883023,330
12564,8,10,,SBD,,33.291,,"REDLANDS, REDLANDS BOULEVARD  (EAST REDLANDS TURNOFF)",-117.15417953104784,34.0395955287541,126000.0,9500,134000,Back,Interstate,True,78.99030321686934,332
12562,8,10,,SBD,,33.128,,"REDLANDS, FORD STREET/ MORRISON AVENUE",-117.15564920898866,34.041613632578645,126000.0,9500,134000,Ahead,Interstate,True,78.99030321686934,332
12480,8,10,,RIV,,13.859,,"BANNING, HARGRAVE STREET",-116.86805207418452,33.92417665832653,124000.0,11700,137000,Back,Interstate,True,78.62090195474835,334
12674,8,15,,RIV,,20.948,,MAIN STREET,-117.32340142171373,33.67735590654916,124000.0,9200,135000,Back,Interstate,True,78.62090195474835,334
12682,8,15,,RIV,,26.688,,LAKE STREET,-117.39341332838399,33.7301977043675,124000.0,9200,135000,Back,Interstate,True,78.62090195474835,334
12982,8,210,,SBD,R,25.718,,DEL ROSA AVENUE,-117.25273165809965,34.14250569220926,124000.0,9200,129000,Back,State,True,78.62090195474835,334
12478,8,10,,RIV,,12.853,,"BANNING, JCT RTE 243, SOUTH EIGHTH STREET",-116.88557052208705,33.92419464262032,124000.0,11700,137000,Ahead,Interstate,True,78.62090195474835,334
12672,8,15,,RIV,,19.164,,RAILROAD CANYON ROAD,-117.29850251245492,33.66231437380779,124000.0,9200,135000,Ahead,Interstate,True,78.62090195474835,334
12680,8,15,,RIV,,23.85,,NICHOLS ROAD,-117.3577313433902,33.707208048628175,124000.0,9200,135000,Ahead,Interstate,True,78.62090195474835,334
12980,8,210,,SBD,R,24.215,,"SAN BERNARDINO, JCT RTE 18 NORTH",-117.27869688916029,34.14503755968535,124000.0,9200,129000,Ahead,State,True,78.62090195474835,334
140,8,215,,RIV,R,30.933,,RAMONA EXPRESSWAY,-117.25069783456716,33.84380115146811,123000.0,8400,133000,Back,Interstate,True,78.42080960443282,342
12476,8,10,,RIV,,11.333,,"BANNING, SUNSET AVENUE",-116.9119267430785,33.924490306191736,123000.0,11600,136000,Back,Interstate,True,78.42080960443282,342
12680,8,15,,RIV,,23.85,,NICHOLS ROAD,-117.3577313433902,33.707208048628175,123000.0,9200,134000,Back,Interstate,True,78.42080960443282,342
12786,8,15,,SBD,,32.323,,JOSHUA STREET/PALM AVENUE,-117.39630348713074,34.40617521795446,123000.0,8500,133000,Back,Interstate,True,78.42080960443282,342
12506,8,10,,RIV,,9.307,,HIGHLAND SPRINGS AVENUE,-116.947012111078,33.926830354977106,123000.0,11600,136000,Ahead,Interstate,True,78.42080960443282,342
12678,8,15,,RIV,,22.277,,JCT. RTE. 74,-117.337402979652,33.692207371738185,123000.0,9200,134000,Ahead,Interstate,True,78.42080960443282,342
12784,8,15,,SBD,,31.813,,JCT. RTE. 395 NORTH,-117.40128540894918,34.399758172241974,123000.0,8500,133000,Ahead,Interstate,True,78.42080960443282,342
13040,8,215,,RIV,R,27.887,,"PERRIS, NUEVO ROAD; PERRIS",-117.23251892191152,33.802465332782496,123000.0,8200,131000,Ahead,Interstate,True,78.42080960443282,342
12502,8,10,,RIV,,7.574,,"BEAUMONT, JCT. RTE. 79 SOUTH",-116.97712218143599,33.92690325440687,122000.0,9200,135000,Back,Interstate,True,78.21302139448977,350
12670,8,15,,RIV,,16.298,,BUNDY CANYON ROAD,-117.27246896002534,33.62672097197022,122000.0,9100,133000,Back,Interstate,True,78.21302139448977,350
12500,8,10,,RIV,,6.67,,JCT. RTE. 60 WEST,-116.99060619748117,33.933177681632905,122000.0,9200,129000,Ahead,Interstate,True,78.21302139448977,350
12668,8,15,,RIV,,15.071,,BAXTER ROAD,-117.25984278836408,33.61239517548617,122000.0,9100,133000,Ahead,Interstate,True,78.21302139448977,350
12504,8,10,,RIV,,8.205,,PENNSYLVANIA AVENUE,-116.9661673127844,33.92721799091494,121000.0,11400,134000,Back,Interstate,True,78.03216869324304,354
12676,8,15,,RIV,,20.962,,NORTH OF MAIN STREET,-117.32358724092519,33.67748875875849,121000.0,9000,132000,Back,Interstate,True,78.03216869324304,354
12678,8,15,,RIV,,22.277,,JCT. RTE. 74,-117.337402979652,33.692207371738185,121000.0,9000,132000,Back,Interstate,True,78.03216869324304,354
13034,8,215,,RIV,R,15.515,,SCOTT ROAD,-117.17106883216306,33.64151126088855,121000.0,8800,123000,Back,Interstate,True,78.03216869324304,354
13040,8,215,,RIV,R,27.887,,"PERRIS, NUEVO ROAD; PERRIS",-117.23251892191152,33.802465332782496,121000.0,8100,129000,Back,Interstate,True,78.03216869324304,354
13328,8,60,,RIV,,16.35,,"MORENO VALLEY, PERRIS BOULEVARD",-117.22672490960151,33.939690728093105,121000.0,8200,123000,Back,State,True,78.03216869324304,354
12502,8,10,,RIV,,7.574,,"BEAUMONT, JCT. RTE. 79 SOUTH",-116.97712218143599,33.92690325440687,121000.0,11400,134000,Ahead,Interstate,True,78.03216869324304,354
12674,8,15,,RIV,,20.948,,MAIN STREET,-117.32340142171373,33.67735590654916,121000.0,9000,132000,Ahead,Interstate,True,78.03216869324304,354
12676,8,15,,RIV,,20.962,,NORTH OF MAIN STREET,-117.32358724092519,33.67748875875849,121000.0,9000,132000,Ahead,Interstate,True,78.03216869324304,354
13032,8,215,,RIV,R,12.51,,"MURRIETA, ANTELOPE ROAD",-117.17438578139961,33.598493087139396,121000.0,8800,123000,Ahead,Interstate,True,78.03216869324304,354
13326,8,60,,RIV,,15.338,,"MORENO VALLEY, HEACOCK STREET",-117.24404771970656,33.94102547465729,121000.0,8200,123000,Ahead,State,True,78.03216869324304,354
12418,8,10,,RIV,R,11.962,,22ND STREET,-116.90101295887644,33.92423213405025,120000.0,11300,133000,Back,Interstate,True,77.74357395721103,365
12496,8,10,,RIV,,46.89,,COOK STREET,-116.35479382809619,33.78594846952139,120000.0,9700,132000,Back,Interstate,True,77.74357395721103,365
12788,8,15,,SBD,,34,,"HESPERIA, PHELAN ROAD/ MAIN STREET",-117.38023231049087,34.42675934145426,120000.0,11600,134000,Back,Interstate,True,77.74357395721103,365
12976,8,210,,SBD,R,22.944,,"SAN BERNARDINO, H STREET",-117.30084721955104,34.14560846236138,120000.0,10100,146000,Back,State,True,77.74357395721103,365
12978,8,210,,SBD,R,23.095,,NORTH JCT RTE 259,-117.29852801742243,34.14555936809015,120000.0,10100,146000,Back,State,True,77.74357395721103,365
13030,8,215,,RIV,R,10.652,,"MURRIETA, LOS ALAMOS ROAD",-117.1807549355787,33.57295608225807,120000.0,8700,122000,Back,Interstate,True,77.74357395721103,365
12476,8,10,,RIV,,11.333,,"BANNING, SUNSET AVENUE",-116.9119267430785,33.924490306191736,120000.0,11300,133000,Ahead,Interstate,True,77.74357395721103,365
12494,8,10,,RIV,,44.505,,MONTEREY AVENUE,-116.38814798264312,33.806256818412415,120000.0,9700,132000,Ahead,Interstate,True,77.74357395721103,365
12974,8,210,,SBD,R,21.872,,JCT RTE 215,-117.31923989800661,34.144438453398955,120000.0,10100,146000,Ahead,State,True,77.74357395721103,365
12976,8,210,,SBD,R,22.944,,"SAN BERNARDINO, H STREET",-117.30084721955104,34.14560846236138,120000.0,10100,146000,Ahead,State,True,77.74357395721103,365
13056,8,215,,RIV,R,9.507,,MURRIETA HOT SPRINGS ROAD,-117.18072387183616,33.55621365045027,120000.0,8700,122000,Ahead,Interstate,True,77.74357395721103,365
12494,8,10,,RIV,,44.505,,MONTEREY AVENUE,-116.38814798264312,33.806256818412415,119000.0,9600,131000,Back,Interstate,True,77.53963367708174,376
12498,8,10,,RIV,,50.447,,WASHINGTON STREET,-116.30152610689352,33.7603640368348,119000.0,9600,131000,Back,Interstate,True,77.53963367708174,376
12492,8,10,,RIV,,43.358,,RAMON ROAD,-116.40419513563734,33.81633526657063,119000.0,9600,131000,Ahead,Interstate,True,77.53963367708174,376
12496,8,10,,RIV,,46.89,,COOK STREET,-116.35479382809619,33.78594846952139,119000.0,9600,131000,Ahead,Interstate,True,77.53963367708174,376
12518,8,10,,SBD,R,37.029,,LIVE OAK CANYON ROAD,-117.09612394119608,34.01663338141239,118000.0,8900,125000,Back,Interstate,True,77.36647683546252,380
12568,8,10,,SBD,,35.5,,YUCAIPA BOULEVARD,-117.11940466482798,34.026685488210006,118000.0,8900,125000,Ahead,Interstate,True,77.36647683546252,380
12478,8,10,,RIV,,12.853,,"BANNING, JCT RTE 243, SOUTH EIGHTH STREET",-116.88557052208705,33.92419464262032,117000.0,11100,130000,Back,Interstate,True,77.08173002924427,382
12672,8,15,,RIV,,19.164,,RAILROAD CANYON ROAD,-117.29850251245492,33.66231437380779,117000.0,8700,128000,Back,Interstate,True,77.08173002924427,382
12418,8,10,,RIV,R,11.962,,22ND STREET,-116.90101295887644,33.92423213405025,117000.0,11100,130000,Ahead,Interstate,True,77.08173002924427,382
12670,8,15,,RIV,,16.298,,BUNDY CANYON ROAD,-117.27246896002534,33.62672097197022,117000.0,8700,128000,Ahead,Interstate,True,77.08173002924427,382
13064,8,215,,RIV,,27.23,,"PERRIS, D STREET",-117.22849928800186,33.79216592615431,117000.0,8300,122000,Ahead,Interstate,True,77.08173002924427,382
12406,8,10,,RIV,R,0.02,,COUNTY LINE ROAD,-117.06500461092146,34.003620250609224,116000.0,8700,123000,Back,Interstate,True,76.87009388948745,387
12520,8,10,,SBD,R,39.16,,SAN BERNARDINO/RIVERSIDE COUNTY LINE,-117.06520655489228,34.00399004294235,116000.0,8700,123000,Back,Interstate,True,76.87009388948745,387
13036,8,215,,RIV,R,18.516,,NEWPORT ROAD,-117.17126811712063,33.685014743106436,116000.0,8200,121000,Back,Interstate,True,76.87009388948745,387
12410,8,10,,RIV,R,0,,SAN BERNARDINO/RIVERSIDE COUNTY LINE,-117.06520655489228,34.00399004294235,116000.0,8700,123000,Ahead,Interstate,True,76.87009388948745,387
12518,8,10,,SBD,R,37.029,,LIVE OAK CANYON ROAD,-117.09612394119608,34.01663338141239,116000.0,8700,123000,Ahead,Interstate,True,76.87009388948745,387
13034,8,215,,RIV,R,15.515,,SCOTT ROAD,-117.17106883216306,33.64151126088855,116000.0,8200,121000,Ahead,Interstate,True,76.87009388948745,387
12442,8,10,,RIV,R,16.544,,RESERVATION ROAD/FIELDS ROAD,-116.82197481885892,33.930953917421995,115000.0,10900,127000,Back,Interstate,True,76.72772048637833,393
13430,8,71,,SBD,R,0.908,,"CHINO, CHINO AVENUE",-117.73359457184948,34.01123853016623,115000.0,9900,129000,Back,State,True,76.72772048637833,393
12426,8,10,,RIV,R,14.76,,EAST RAMSEY STREET,-116.85217947373145,33.92646706068319,115000.0,10900,127000,Ahead,Interstate,True,76.72772048637833,393
13432,8,71,,SBD,R,0,,LOS ANGELES/SAN BERNARDINO COUNTY LINE,-117.7462334537737,34.02031397928541,115000.0,9900,129000,Ahead,State,True,76.72772048637833,393
12452,8,10,,RIV,R,3.048,,CHERRY VALLEY BOULEVARD,-117.035943689272,33.96814826224463,114000.0,8600,121000,Back,Interstate,True,76.57765122364168,397
13032,8,215,,RIV,R,12.51,,"MURRIETA, ANTELOPE ROAD",-117.17438578139961,33.598493087139396,114000.0,8300,116000,Back,Interstate,True,76.57765122364168,397
12412,8,10,,RIV,R,1.923,,SINGLETON ROAD,-117.0503038789262,33.97901972890727,114000.0,8600,121000,Ahead,Interstate,True,76.57765122364168,397
13030,8,215,,RIV,R,10.652,,"MURRIETA, LOS ALAMOS ROAD",-117.1807549355787,33.57295608225807,114000.0,8300,116000,Ahead,Interstate,True,76.57765122364168,397
12412,8,10,,RIV,R,1.923,,SINGLETON ROAD,-117.0503038789262,33.97901972890727,112000.0,8400,119000,Back,Interstate,True,76.13898722487302,401
12492,8,10,,RIV,,43.358,,RAMON ROAD,-116.40419513563734,33.81633526657063,112000.0,9100,124000,Back,Interstate,True,76.13898722487302,401
12408,8,10,,RIV,R,0.86,,CALIMESA BOULEVARD,-117.05840521494179,33.99279270085156,112000.0,8400,119000,Ahead,Interstate,True,76.13898722487302,401
12490,8,10,,RIV,,39.493,,DATE PALM DRIVE,-116.45837850242259,33.84920585270818,112000.0,9100,124000,Ahead,Interstate,True,76.13898722487302,401
12426,8,10,,RIV,R,14.76,,EAST RAMSEY STREET,-116.85217947373145,33.92646706068319,111000.0,10500,123000,Back,Interstate,True,75.93119901492997,405
13434,8,71,,SBD,R,1.823,,"CHINO, GRAND AVENUE",-117.72407611203215,34.00078287199146,111000.0,9500,124000,Back,State,True,75.93119901492997,405
12480,8,10,,RIV,,13.859,,"BANNING, HARGRAVE STREET",-116.86805207418452,33.92417665832653,111000.0,10500,123000,Ahead,Interstate,True,75.93119901492997,405
13430,8,71,,SBD,R,0.908,,"CHINO, CHINO AVENUE",-117.73359457184948,34.01123853016623,111000.0,9500,124000,Ahead,State,True,75.93119901492997,405
12722,8,15,,RIV,,9.468,,MURRIETA HOT SPRINGS ROAD,-117.191859609982,33.554847885898084,110000.0,8200,120000,Back,Interstate,True,75.73110666461443,409
12790,8,15,,SBD,,37.591,,BEAR VALLEY CUTOFF  (TO LUCERNE VALLEY),-117.34605595132062,34.470436294614515,110000.0,10600,123000,Back,Interstate,True,75.73110666461443,409
12720,8,15,,RIV,,8.737,,JCT. RTE. 215 NORTH,-117.18165992893866,33.54933011868119,110000.0,8200,120000,Ahead,Interstate,True,75.73110666461443,409
12788,8,15,,SBD,,34,,"HESPERIA, PHELAN ROAD/ MAIN STREET",-117.38023231049087,34.42675934145426,110000.0,10600,123000,Ahead,Interstate,True,75.73110666461443,409
12408,8,10,,RIV,R,0.86,,CALIMESA BOULEVARD,-117.05840521494179,33.99279270085156,109000.0,8200,116000,Back,Interstate,True,75.54640603355395,413
12406,8,10,,RIV,R,0.02,,COUNTY LINE ROAD,-117.06500461092146,34.003620250609224,109000.0,8200,116000,Ahead,Interstate,True,75.54640603355395,413
12444,8,10,,RIV,R,17.657,,APACHE TRAIL ROAD,-116.80682168001519,33.92135549154427,107000.0,10100,119000,Back,Interstate,True,75.24626750808065,415
12792,8,15,,SBD,,40.509,,JCT. RTE. 18 SOUTH,-117.32282152955341,34.50760308463301,107000.0,10300,120000,Back,Interstate,True,75.24626750808065,415
12442,8,10,,RIV,R,16.544,,RESERVATION ROAD/FIELDS ROAD,-116.82197481885892,33.930953917421995,107000.0,10100,119000,Ahead,Interstate,True,75.24626750808065,415
12790,8,15,,SBD,,37.591,,BEAR VALLEY CUTOFF  (TO LUCERNE VALLEY),-117.34605595132062,34.470436294614515,107000.0,10300,120000,Ahead,Interstate,True,75.24626750808065,415
13054,8,215,,RIV,R,8.998,,"MURRIETA, JCT. RTE. 15",-117.18037881546081,33.55090908711614,106000.0,7700,108000,Back,Interstate,True,75.08465445590272,419
13056,8,215,,RIV,R,9.507,,MURRIETA HOT SPRINGS ROAD,-117.18072387183616,33.55621365045027,106000.0,7700,108000,Back,Interstate,True,75.08465445590272,419
13054,8,215,,RIV,R,8.998,,"MURRIETA, JCT. RTE. 15",-117.18037881546081,33.55090908711614,106000.0,7700,108000,Ahead,Interstate,True,75.08465445590272,419
12454,8,10,,RIV,R,5.534,,SAN TIMOTEO CANYON ROAD,-117.0031315862524,33.944861471751956,105000.0,7900,111000,Back,Interstate,True,74.89225796521471,422
12490,8,10,,RIV,,39.493,,DATE PALM DRIVE,-116.45837850242259,33.84920585270818,105000.0,8600,116000,Back,Interstate,True,74.89225796521471,422
13062,8,215,,RIV,,26.308,,"PERRIS, NORTH JCT. RTE. 74",-117.21626317651506,33.78408234209777,105000.0,7500,110000,Back,Interstate,True,74.89225796521471,422
13330,8,60,,RIV,,18.37,,NASON STREET,-117.19146623143088,33.93916818584688,105000.0,7100,107000,Back,State,True,74.89225796521471,422
12452,8,10,,RIV,R,3.048,,CHERRY VALLEY BOULEVARD,-117.035943689272,33.96814826224463,105000.0,7900,111000,Ahead,Interstate,True,74.89225796521471,422
12488,8,10,,RIV,,36.138,,PALM DRIVE/GENE AUTRY TRAIL,-116.50386203063422,33.87951440444631,105000.0,8600,116000,Ahead,Interstate,True,74.89225796521471,422
13060,8,215,,RIV,,23.537,,SOUTH JCT. RTE. 74,-117.18916244888416,33.754182090349474,105000.0,7500,110000,Ahead,Interstate,True,74.89225796521471,422
13328,8,60,,RIV,,16.35,,"MORENO VALLEY, PERRIS BOULEVARD",-117.22672490960151,33.939690728093105,105000.0,7100,107000,Ahead,State,True,74.89225796521471,422
12450,8,10,,RIV,R,25.201,,JCT. RTE. 111,-116.67828199484386,33.9224531472542,104000.0,9800,115000,Back,Interstate,True,74.71525319378175,430
12984,8,210,,SBD,R,26.729,,HIGHLAND AVENUE,-117.23691787573813,34.13607694256988,104000.0,7700,108000,Back,State,True,74.71525319378175,430
12448,8,10,,RIV,R,24.554,,VERBENIA AVENUE,-116.68950700846094,33.92364848027908,104000.0,9800,115000,Ahead,Interstate,True,74.71525319378175,430
12982,8,210,,SBD,R,25.718,,DEL ROSA AVENUE,-117.25273165809965,34.14250569220926,104000.0,7700,108000,Ahead,State,True,74.71525319378175,430
12456,8,10,,RIV,R,52.342,,JEFFERSON STREE/INDIO BOULEVARD,-116.27135006246445,33.74995420752125,102000.0,8300,108000,Back,Interstate,True,74.342004001847,434
13188,8,38,,SBD,S,0.372,,ORANGE AVE,-117.18253392323477,34.06285091925952,102000.0,8000,109000,Back,State,True,74.342004001847,434
12498,8,10,,RIV,,50.447,,WASHINGTON STREET,-116.30152610689352,33.7603640368348,102000.0,8300,112000,Ahead,Interstate,True,74.342004001847,434
12500,8,10,,RIV,,6.67,,JCT. RTE. 60 WEST,-116.99060619748117,33.933177681632905,101000.0,7600,107000,Back,Interstate,True,74.17269509004156,437
13038,8,215,,RIV,R,20.842,,"SUN CITY, MC CALL BOULEVARD",-117.18888687270444,33.715125673517704,101000.0,7200,106000,Back,Interstate,True,74.17269509004156,437
12454,8,10,,RIV,R,5.534,,SAN TIMOTEO CANYON ROAD,-117.0031315862524,33.944861471751956,101000.0,7600,107000,Ahead,Interstate,True,74.17269509004156,437
13036,8,215,,RIV,R,18.516,,NEWPORT ROAD,-117.17126811712063,33.685014743106436,101000.0,7200,106000,Ahead,Interstate,True,74.17269509004156,437
13058,8,215,,RIV,,22.76,,"PERRIS, ETHANAC ROAD",-117.18924386319834,33.74296683709365,100000.0,7100,105000,Back,Interstate,True,73.9841465291673,441
13114,8,215,,SBD,,9.029,,"SAN BERNARDINO, MASSACHUSETTS AVENUE",-117.30829949043448,34.13313895411156,100000.0,6900,103000,Back,Interstate,True,73.9841465291673,441
13038,8,215,,RIV,R,20.842,,"SUN CITY, MC CALL BOULEVARD",-117.18888687270444,33.715125673517704,100000.0,7100,105000,Ahead,Interstate,True,73.9841465291673,441
13112,8,215,,SBD,,8.603,,"SAN BERNARDINO, JCT. RTE. 259 NORTH",-117.30330375252699,34.12880673135409,100000.0,6900,103000,Ahead,Interstate,True,73.9841465291673,441
12448,8,10,,RIV,R,24.554,,VERBENIA AVENUE,-116.68950700846094,33.92364848027908,99000.0,9400,110000,Back,Interstate,True,73.7147914422041,445
12446,8,10,,RIV,R,19.398,,"CABAZON, EAST CABAZON ; MAIN STREET",-116.77705721220826,33.918658238449076,99000.0,9400,110000,Ahead,Interstate,True,73.7147914422041,445
13064,8,215,,RIV,,27.23,,"PERRIS, D STREET",-117.22849928800186,33.79216592615431,98000.0,7000,103000,Back,Interstate,True,73.48391565337849,447
13116,8,215,,SBD,,9.364,,"SAN BERNARDINO, HIGHLAND AVENUE",-117.31285434598033,34.13608382702492,98000.0,6800,101000,Back,Interstate,True,73.48391565337849,447
13062,8,215,,RIV,,26.308,,"PERRIS, NORTH JCT. RTE. 74",-117.21626317651506,33.78408234209777,98000.0,7000,103000,Ahead,Interstate,True,73.48391565337849,447
13114,8,215,,SBD,,9.029,,"SAN BERNARDINO, MASSACHUSETTS AVENUE",-117.30829949043448,34.13313895411156,98000.0,6800,101000,Ahead,Interstate,True,73.48391565337849,447
12488,8,10,,RIV,,36.138,,PALM DRIVE/GENE AUTRY TRAIL,-116.50386203063422,33.87951440444631,97500.0,8000,108000,Back,Interstate,True,73.38771740803448,451
13060,8,215,,RIV,,23.537,,SOUTH JCT. RTE. 74,-117.18916244888416,33.754182090349474,97000.0,6900,102000,Back,Interstate,True,73.24919193473912,452
13058,8,215,,RIV,,22.76,,"PERRIS, ETHANAC ROAD",-117.18924386319834,33.74296683709365,97000.0,6900,102000,Ahead,Interstate,True,73.24919193473912,452
13088,8,215,,SBD,,11.634,,UNIVERSITY PARKWAY,-117.33308509698314,34.16440001389708,96000.0,7000,100000,Back,Interstate,True,73.0567954440511,454
13436,8,71,,SBD,R,3.349,,"CHINO HILLS PARKWAY, JCT RTE 142",-117.70912668145048,33.98266215446973,96000.0,8300,108000,Back,State,True,73.0567954440511,454
13086,8,215,,SBD,,10.051,,JCT. RTE. 210,-117.31916029289938,34.14456083341599,96000.0,7000,100000,Ahead,Interstate,True,73.0567954440511,454
13434,8,71,,SBD,R,1.823,,"CHINO, GRAND AVENUE",-117.72407611203215,34.00078287199146,96000.0,8300,108000,Ahead,State,True,73.0567954440511,454
12486,8,10,,RIV,,33.129,,INDIAN AVENUE,-116.54540033328946,33.90459821972612,95500.0,7800,106000,Back,Interstate,True,72.97983684777589,458
12484,8,10,,RIV,,29.691,,JCT. RTE. 62 NORTH,-116.60396482683453,33.91423129755458,95500.0,7800,106000,Ahead,Interstate,True,72.97983684777589,458
12486,8,10,,RIV,,33.129,,INDIAN AVENUE,-116.54540033328946,33.90459821972612,95500.0,7800,106000,Ahead,Interstate,True,72.97983684777589,458
12446,8,10,,RIV,R,19.398,,"CABAZON, EAST CABAZON ; MAIN STREET",-116.77705721220826,33.918658238449076,95000.0,9000,105000,Back,Interstate,True,72.9028782515007,461
12444,8,10,,RIV,R,17.657,,APACHE TRAIL ROAD,-116.80682168001519,33.92135549154427,95000.0,9000,105000,Ahead,Interstate,True,72.9028782515007,461
12992,8,210,,SBD,R,31.7,,E/O SANTA ANA RIVER BRIDGE,-117.20079579800183,34.08666736919294,94000.0,7600,106000,Back,State,True,72.73741726950901,463
12994,8,210,,SBD,R,32.343,,"REDLANDS, SAN BERNARDINO AVE",-117.20086904124018,34.07757525031068,94000.0,7600,106000,Back,State,True,72.73741726950901,463
13118,8,215,,SBD,,9.722,,"SAN BERNARDINO, MOUNT VERNON AVENUE/27TH STREET",-117.31655059537088,34.14017870245829,94000.0,6500,97000,Back,Interstate,True,72.73741726950901,463
12990,8,210,,SBD,R,30.232,,"HIGHLAND, FIFTH STREET",-117.1991525520734,34.10815494012454,94000.0,7600,106000,Ahead,State,True,72.73741726950901,463
12992,8,210,,SBD,R,31.7,,E/O SANTA ANA RIVER BRIDGE,-117.20079579800183,34.08666736919294,94000.0,7600,106000,Ahead,State,True,72.73741726950901,463
13116,8,215,,SBD,,9.364,,"SAN BERNARDINO, HIGHLAND AVENUE",-117.31285434598033,34.13608382702492,94000.0,6500,97000,Ahead,Interstate,True,72.73741726950901,463
12794,8,15,,SBD,,41.43,,ROY ROGERS DRIVE,-117.31924955669254,34.52082622341839,92000.0,8900,103000,Back,Interstate,True,72.35647221794675,469
12796,8,15,,SBD,,42.025,,"VICTORVILLE, MOJAVE DRIVE",-117.31554851299333,34.52909275463778,92000.0,8900,103000,Back,Interstate,True,72.35647221794675,469
13332,8,60,,RIV,,19.2,,MORENO BEACH DRIVE,-117.17705616012559,33.93916590308468,92000.0,6200,94000,Back,State,True,72.35647221794675,469
12792,8,15,,SBD,,40.509,,JCT. RTE. 18 SOUTH,-117.32282152955341,34.50760308463301,92000.0,8900,103000,Ahead,Interstate,True,72.35647221794675,469
12794,8,15,,SBD,,41.43,,ROY ROGERS DRIVE,-117.31924955669254,34.52082622341839,92000.0,8900,103000,Ahead,Interstate,True,72.35647221794675,469
13330,8,60,,RIV,,18.37,,NASON STREET,-117.19146623143088,33.93916818584688,92000.0,6200,94000,Ahead,State,True,72.35647221794675,469
12986,8,210,,SBD,R,28.664,,"SAN BERNARDINO, JCT RTE 330",-117.2050263096278,34.129761035636825,89000.0,6600,93000,Back,State,True,71.87163306141296,475
12984,8,210,,SBD,R,26.729,,HIGHLAND AVENUE,-117.23691787573813,34.13607694256988,89000.0,6600,93000,Ahead,State,True,71.87163306141296,475
13438,8,71,,SBD,R,4.886,,SOQUEL CANYON,-117.68972430829366,33.967760819379905,88500.0,7600,102000,Back,State,True,71.69847621979375,477
13436,8,71,,SBD,R,3.349,,"CHINO HILLS PARKWAY, JCT RTE 142",-117.70912668145048,33.98266215446973,88500.0,7600,99000,Ahead,State,True,71.69847621979375,477
12482,8,10,,RIV,,27.229,,WHITEWATER,-116.6448560720923,33.9234109272995,88000.0,8300,98000,Back,Interstate,True,71.60612590426351,479
12484,8,10,,RIV,,29.691,,JCT. RTE. 62 NORTH,-116.60396482683453,33.91423129755458,88000.0,8300,98000,Back,Interstate,True,71.60612590426351,479
12450,8,10,,RIV,R,25.201,,JCT. RTE. 111,-116.67828199484386,33.9224531472542,88000.0,8300,98000,Ahead,Interstate,True,71.60612590426351,479
12482,8,10,,RIV,,27.229,,WHITEWATER,-116.6448560720923,33.9234109272995,88000.0,8300,98000,Ahead,Interstate,True,71.60612590426351,479
13428,8,71,,RIV,R,3.032,,JCT RTE 91,-117.64052118347725,33.883530406307855,87500.0,6300,90000,Back,State,True,71.50607972910575,483
13444,8,71,,SBD,R,8.478,,SAN BERNARDINO/RIVERSIDE COUNTY LINE,-117.65540679953774,33.9243327183686,87500.0,6300,90000,Back,State,True,71.50607972910575,483
13426,8,71,,RIV,R,0,,SAN BERNARDINO/RIVERSIDE COUNTY LINE,-117.65540679953774,33.9243327183686,87500.0,6300,90000,Ahead,State,True,71.50607972910575,483
13442,8,71,,SBD,R,7.983,,JCT. RTE. 83 NORTH,-117.65954533625505,33.9306580720618,87500.0,6300,90000,Ahead,State,True,71.50607972910575,483
13086,8,215,,SBD,,10.051,,JCT. RTE. 210,-117.31916029289938,34.14456083341599,87000.0,6000,90000,Back,Interstate,True,71.42527320301679,487
13118,8,215,,SBD,,9.722,,"SAN BERNARDINO, MOUNT VERNON AVENUE/27TH STREET",-117.31655059537088,34.14017870245829,87000.0,6000,90000,Ahead,Interstate,True,71.42527320301679,487
13440,8,71,,SBD,R,6.52,,PINE AVE OC,-117.67463844697653,33.94776096907225,86500.0,7100,100000,Back,State,True,71.35216253655533,489
13438,8,71,,SBD,R,4.886,,SOQUEL CANYON,-117.68972430829366,33.967760819379905,86500.0,7400,99000,Ahead,State,True,71.35216253655533,489
13442,8,71,,SBD,R,7.983,,JCT. RTE. 83 NORTH,-117.65954533625505,33.9306580720618,84500.0,6200,88000,Back,State,True,71.0173926427582,491
12824,8,15,,SBD,,71.618,,"BARSTOW, L STREET",-117.05633439609093,34.88460420285053,84000.0,8100,94000,Back,Interstate,True,70.90580267815915,492
12822,8,15,,SBD,,70.104,,"BARSTOW, JCT RTE 58 EAST",-117.07638119278485,34.87071175782725,84000.0,8100,94000,Ahead,Interstate,True,70.90580267815915,492
13440,8,71,,SBD,R,6.52,,PINE AVE OC,-117.67463844697653,33.94776096907225,84000.0,6900,97000,Ahead,State,True,70.90580267815915,492
12458,8,10,,RIV,R,54.738,,"INDIO, MONROE STREET",-116.23392405943198,33.73932751042727,83500.0,6800,88000,Back,Interstate,True,70.78266892411882,495
12456,8,10,,RIV,R,52.342,,JEFFERSON STREE/INDIO BOULEVARD,-116.27135006246445,33.74995420752125,83500.0,6800,88000,Ahead,Interstate,True,70.78266892411882,495
12826,8,15,,SBD,,73.543,,"JCT. RTE. 247 SOUTH, BARSTOW ROAD",-117.0229140285211,34.88586311086637,83000.0,8000,93000,Back,Interstate,True,70.62490380175466,497
12824,8,15,,SBD,,71.618,,"BARSTOW, L STREET",-117.05633439609093,34.88460420285053,83000.0,8000,93000,Ahead,Interstate,True,70.62490380175466,497
12798,8,15,,SBD,,43.488,,"VICTORVILLE, JCT. RTE. 18 SOUTHEAST",-117.30064960366325,34.54535932056892,82000.0,7900,92000,Back,Interstate,True,70.36709250423272,499
12796,8,15,,SBD,,42.025,,"VICTORVILLE, MOJAVE DRIVE",-117.31554851299333,34.52909275463778,82000.0,7900,92000,Ahead,Interstate,True,70.36709250423272,499
12990,8,210,,SBD,R,30.232,,"HIGHLAND, FIFTH STREET",-117.1991525520734,34.10815494012454,81000.0,6500,92000,Back,State,True,70.13236878559334,501
12988,8,210,,SBD,R,29.322,,"HIGHLAND, BASELINE STREET",-117.20085712957955,34.121223545448935,81000.0,6500,92000,Ahead,State,True,70.13236878559334,501
12996,8,210,,SBD,R,33.18,,JCT. RTE. 10,-117.20057537658393,34.06557846828922,79000.0,6400,89000,Back,State,True,69.72448822533477,503
12994,8,210,,SBD,R,32.343,,"REDLANDS, SAN BERNARDINO AVE",-117.20086904124018,34.07757525031068,79000.0,6400,89000,Ahead,State,True,69.72448822533477,503
12828,8,15,,SBD,,74.418,,"BARSTOW, JCT. RTE. 40 EAST",-117.00685084419233,34.88718277001804,78000.0,7500,87000,Back,Interstate,True,69.51285208557796,505
12826,8,15,,SBD,,73.543,,"JCT. RTE. 247 SOUTH, BARSTOW ROAD",-117.0229140285211,34.88586311086637,78000.0,7500,87000,Ahead,Interstate,True,69.51285208557796,505
12460,8,10,,RIV,R,55.744,,"INDIO, JACKSON STREET",-116.21657180255195,33.73776610304048,77000.0,6200,81000,Back,Interstate,True,69.22810527935971,507
12458,8,10,,RIV,R,54.738,,"INDIO, MONROE STREET",-116.23392405943198,33.73932751042727,77000.0,6200,81000,Ahead,Interstate,True,69.22810527935971,507
12988,8,210,,SBD,R,29.322,,"HIGHLAND, BASELINE STREET",-117.20085712957955,34.121223545448935,76000.0,6100,86000,Back,State,True,68.9587501923965,509
12986,8,210,,SBD,R,28.664,,"SAN BERNARDINO, JCT RTE 330",-117.2050263096278,34.129761035636825,76000.0,6100,86000,Ahead,State,True,68.9587501923965,509
13336,8,60,,RIV,,21.369,,EB ON FRM THEODORE STREET,-117.13931602611974,33.939202910206575,75000.0,5800,78000,Back,State,True,68.6970909650608,511
13338,8,60,,RIV,,22.101,,GILMAN SPRINGS ROAD,-117.12671498662519,33.93803091182725,75000.0,5800,78000,Back,State,True,68.6970909650608,511
13336,8,60,,RIV,,21.369,,EB ON FRM THEODORE STREET,-117.13931602611974,33.939202910206575,75000.0,5800,78000,Ahead,State,True,68.6970909650608,511
13090,8,215,,SBD,,14.091,,PALM AVENUE,-117.36114771546747,34.19102827117789,74000.0,5400,77000,Back,Interstate,True,68.3969524395875,514
13092,8,215,,SBD,,17.323,,DEVORE ROAD,-117.40266797007033,34.22254140890047,74000.0,5400,77000,Back,Interstate,True,68.3969524395875,514
13334,8,60,,RIV,,20.37,,REDLANDS BOULEVARD,-117.15673987064308,33.939119150045435,74000.0,5000,75000,Back,State,True,68.3969524395875,514
13088,8,215,,SBD,,11.634,,UNIVERSITY PARKWAY,-117.33308509698314,34.16440001389708,74000.0,5400,77000,Ahead,Interstate,True,68.3969524395875,514
13090,8,215,,SBD,,14.091,,PALM AVENUE,-117.36114771546747,34.19102827117789,74000.0,5400,77000,Ahead,Interstate,True,68.3969524395875,514
13332,8,60,,RIV,,19.2,,MORENO BEACH DRIVE,-117.17705616012559,33.93916590308468,74000.0,5000,75000,Ahead,State,True,68.3969524395875,514
12462,8,10,,RIV,R,56.946,,"INDIO, NORTH JCT. RTE. 111, AUTO CENTER DRIVE",-116.20162653117008,33.72593849771671,70600.0,5700,75000,Back,Interstate,True,67.35801138987225,520
12460,8,10,,RIV,R,55.744,,"INDIO, JACKSON STREET",-116.21657180255195,33.73776610304048,70600.0,5700,75000,Ahead,Interstate,True,67.35801138987225,520
12822,8,15,,SBD,,70.104,,"BARSTOW, JCT RTE 58 EAST",-117.07638119278485,34.87071175782725,70000.0,6700,78000,Back,Interstate,True,67.16561489918423,522
13094,8,215,,SBD,,17.753,,JCT RTE 15,-117.40969411342067,34.22528205468821,70000.0,5100,73000,Back,Interstate,True,67.16561489918423,522
13092,8,215,,SBD,,17.323,,DEVORE ROAD,-117.40266797007033,34.22254140890047,70000.0,5100,73000,Ahead,Interstate,True,67.16561489918423,522
13334,8,60,,RIV,,20.37,,REDLANDS BOULEVARD,-117.15673987064308,33.939119150045435,70000.0,4750,71000,Ahead,State,True,67.16561489918423,522
12820,8,15,,SBD,,68.77,,"BARSTOW, LENWOOD ROAD",-117.08493091299303,34.853499398892076,68000.0,6500,76000,Ahead,Interstate,True,66.34985377866708,526
13152,8,259,,SBD,R,0.497,,HIGHLAND AVENUE,-117.30257075959449,34.13600353040662,65000.0,4900,72000,Back,State,True,65.44174234261966,527
13154,8,259,,SBD,R,0,,"SAN BERNARDINO, JCT. RTE. 215",-117.30273658949424,34.12904277386102,65000.0,4900,72000,Ahead,State,True,65.44174234261966,527
12464,8,10,,RIV,R,57.831,,"INDIO, JCT. RTE. 86 SOUTH",-116.19102606586438,33.71640974627377,64200.0,5200,68000,Back,Interstate,True,65.27243343081423,529
12462,8,10,,RIV,R,56.946,,"INDIO, NORTH JCT. RTE. 111, AUTO CENTER DRIVE",-116.20162653117008,33.72593849771671,64200.0,5200,68000,Ahead,Interstate,True,65.27243343081423,529
12804,8,15,,SBD,,47.39,,NORTH JUNCTION STODDARD WELLS ROAD  (BELL MOUNTAIN),-117.26003568540166,34.59015755466681,63000.0,6100,70000,Back,Interstate,True,64.81837771279052,531
12802,8,15,,SBD,,44.402,,STODDARD WELLS ROAD,-117.28931070163443,34.554360454564794,63000.0,6100,70000,Ahead,Interstate,True,64.81837771279052,531
12800,8,15,,SBD,,43.62,,"VICTORVILLE, E STREET",-117.29880819477304,34.546483968678096,62000.0,6000,69000,Back,Interstate,True,64.39895336309065,533
12802,8,15,,SBD,,44.402,,STODDARD WELLS ROAD,-117.28931070163443,34.554360454564794,62000.0,6000,69000,Back,Interstate,True,64.39895336309065,533
12810,8,15,,SBD,,51.831,,BOULDER ROAD,-117.217823861879,34.64418604289712,62000.0,6000,69000,Back,Interstate,True,64.39895336309065,533
12812,8,15,,SBD,,55.693,,WILD WASH BRIDGE,-117.20714428464119,34.697915847769835,62000.0,6000,69000,Back,Interstate,True,64.39895336309065,533
12816,8,15,,SBD,,60.159,,HODGE ROAD,-117.16640565057375,34.75298597737331,62000.0,6000,69000,Back,Interstate,True,64.39895336309065,533
12818,8,15,,SBD,,65.84,,SIDEWINDER ROAD,-117.0968103906171,34.811781364959145,62000.0,6000,69000,Back,Interstate,True,64.39895336309065,533
12820,8,15,,SBD,,68.77,,"BARSTOW, LENWOOD ROAD",-117.08493091299303,34.853499398892076,62000.0,6000,69000,Back,Interstate,True,64.39895336309065,533
13156,8,259,,SBD,,1.25,,JCT. RTE. 210,-117.29766619080685,34.145003366321475,62000.0,4700,68000,Back,State,True,64.39895336309065,533
13158,8,259,,SBD,,1.454,,E STREET,-117.29413148545386,34.14531992948949,62000.0,4700,68000,Back,State,True,64.39895336309065,533
13160,8,259,,SBD,,1.515,,END ROUTE 259,-117.29306747232232,34.14534077389342,62000.0,4650,68000,Back,State,True,64.39895336309065,533
12798,8,15,,SBD,,43.488,,"VICTORVILLE, JCT. RTE. 18 SOUTHEAST",-117.30064960366325,34.54535932056892,62000.0,6000,69000,Ahead,Interstate,True,64.39895336309065,533
12800,8,15,,SBD,,43.62,,"VICTORVILLE, E STREET",-117.29880819477304,34.546483968678096,62000.0,6000,69000,Ahead,Interstate,True,64.39895336309065,533
12804,8,15,,SBD,,47.39,,NORTH JUNCTION STODDARD WELLS ROAD  (BELL MOUNTAIN),-117.26003568540166,34.59015755466681,62000.0,6000,69000,Ahead,Interstate,True,64.39895336309065,533
12810,8,15,,SBD,,51.831,,BOULDER ROAD,-117.217823861879,34.64418604289712,62000.0,6000,69000,Ahead,Interstate,True,64.39895336309065,533
12812,8,15,,SBD,,55.693,,WILD WASH BRIDGE,-117.20714428464119,34.697915847769835,62000.0,6000,69000,Ahead,Interstate,True,64.39895336309065,533
12816,8,15,,SBD,,60.159,,HODGE ROAD,-117.16640565057375,34.75298597737331,62000.0,6000,69000,Ahead,Interstate,True,64.39895336309065,533
12818,8,15,,SBD,,65.84,,SIDEWINDER ROAD,-117.0968103906171,34.811781364959145,62000.0,6000,69000,Ahead,Interstate,True,64.39895336309065,533
13152,8,259,,SBD,R,0.497,,HIGHLAND AVENUE,-117.30257075959449,34.13600353040662,62000.0,4750,65000,Ahead,State,True,64.39895336309065,533
13156,8,259,,SBD,,1.25,,JCT. RTE. 210,-117.29766619080685,34.145003366321475,62000.0,4700,68000,Ahead,State,True,64.39895336309065,533
13158,8,259,,SBD,,1.454,,E STREET,-117.29413148545386,34.14531992948949,62000.0,4650,68000,Ahead,State,True,64.39895336309065,533
13340,8,60,,RIV,,27.979,,JACKRABBIT TRAIL-END FREEWAY,-117.0332997677278,33.93386945956264,60000.0,4650,63000,Back,State,True,63.756349084192706,553
13342,8,60,,RIV,,30.495,,JCT. RTE. 10,-116.98959111019327,33.932550626859936,60000.0,4850,62000,Back,State,True,63.756349084192706,553
13338,8,60,,RIV,,22.101,,GILMAN SPRINGS ROAD,-117.12671498662519,33.93803091182725,60000.0,4650,63000,Ahead,State,True,63.756349084192706,553
13340,8,60,,RIV,,27.979,,JACKRABBIT TRAIL-END FREEWAY,-117.0332997677278,33.93386945956264,60000.0,4650,63000,Ahead,State,True,63.756349084192706,553
13500,8,79,,RIV,M,32.762,,SAN JACINTO RIVER BRIDGE,-117.00359366795647,33.83071888161055,49000.0,3950,52000,Back,State,True,60.9242727412652,557
13502,8,79,,RIV,M,33.78,,"GILMAN SPRINGS ROAD, SANDRSON AVENUE",-117.00392664199124,33.845456307778605,49000.0,3950,52000,Back,State,True,60.9242727412652,557
12956,8,18,,SBD,,94.39,,APPLE VALLEY ROAD,-117.27247985658973,34.54013329974386,49000.0,5100,52000,Ahead,State,True,60.9242727412652,557
13500,8,79,,RIV,M,32.762,,SAN JACINTO RIVER BRIDGE,-117.00359366795647,33.83071888161055,49000.0,3950,52000,Ahead,State,True,60.9242727412652,557
12830,8,15,,SBD,,74.949,,"BARSTOW, EAST MAIN STREET",-117.00039918424594,34.89173449430451,48000.0,5500,56000,Back,Interstate,True,60.48560874249653,561
12832,8,15,,SBD,,76.883,,JCT. RTE. 58 WEST,-116.97297641507726,34.90777402122412,48000.0,5500,56000,Back,Interstate,True,60.48560874249653,561
12834,8,15,,SBD,,79.593,,FORT IRWIN/MERIDIAN ROADS,-116.92630221756725,34.90163238425421,48000.0,5500,56000,Back,Interstate,True,60.48560874249653,561
12828,8,15,,SBD,,74.418,,"BARSTOW, JCT. RTE. 40 EAST",-117.00685084419233,34.88718277001804,48000.0,5500,56000,Ahead,Interstate,True,60.48560874249653,561
12830,8,15,,SBD,,74.949,,"BARSTOW, EAST MAIN STREET",-117.00039918424594,34.89173449430451,48000.0,5500,56000,Ahead,Interstate,True,60.48560874249653,561
12832,8,15,,SBD,,76.883,,JCT. RTE. 58 WEST,-116.97297641507726,34.90777402122412,48000.0,5500,56000,Ahead,Interstate,True,60.48560874249653,561
12958,8,18,,SBD,,95.22,,"VICTORVILLE, STODDARD WELLS ROAD",-117.28518495423184,34.535215215326936,47000.0,4850,50000,Back,State,True,60.15468677851315,567
12834,8,15,,SBD,,79.593,,FORT IRWIN/MERIDIAN ROADS,-116.92630221756725,34.90163238425421,47000.0,5400,55000,Ahead,Interstate,True,60.15468677851315,567
12748,8,15,,SBD,R,81.84,,GHOST TOWN ROAD,-116.88681613234823,34.90245716827041,46000.0,5300,53000,Back,Interstate,True,59.80452516546099,569
12750,8,15,,SBD,R,84.641,,YERMO/CALICO ROAD,-116.83802829958601,34.90916214471776,46000.0,5300,53000,Back,Interstate,True,59.80452516546099,569
12748,8,15,,SBD,R,81.84,,GHOST TOWN ROAD,-116.88681613234823,34.90245716827041,46000.0,5300,53000,Ahead,Interstate,True,59.80452516546099,569
12724,8,15,,SBD,R,103.633,,FIELD ROAD,-116.53108630985436,35.01089756830755,45000.0,5200,52000,Back,Interstate,True,59.30429428967216,572
12726,8,15,,SBD,R,111.592,,AFTON ROAD,-116.41231251825883,35.07076755954753,45000.0,5200,52000,Back,Interstate,True,59.30429428967216,572
12728,8,15,,SBD,R,120.425,,BASIN ROAD,-116.26477821691626,35.101439611931475,45000.0,5200,52000,Back,Interstate,True,59.30429428967216,572
12730,8,15,,SBD,R,124.237,,RASOR ROAD,-116.21083895652966,35.134246083150735,45000.0,5200,52000,Back,Interstate,True,59.30429428967216,572
12732,8,15,,SBD,R,130.181,,ZZYZX ROAD,-116.14108498672019,35.195521298070844,45000.0,5200,52000,Back,Interstate,True,59.30429428967216,572
12734,8,15,,SBD,R,135.806,,WEST BAKER,-116.08394179414294,35.25642722374366,45000.0,5200,52000,Back,Interstate,True,59.30429428967216,572
12752,8,15,,SBD,R,86.38,,EAST YERMO,-116.80786704591807,34.910621424514694,45000.0,5200,52000,Back,Interstate,True,59.30429428967216,572
12754,8,15,,SBD,R,88.489,,MINNEOLA ROAD,-116.77167792960705,34.917820541293,45000.0,5200,52000,Back,Interstate,True,59.30429428967216,572
12756,8,15,,SBD,R,96.41,,HARVARD ROAD,-116.64473788703859,34.96347953567872,45000.0,5200,52000,Back,Interstate,True,59.30429428967216,572
12776,8,15,,SBD,,181.396,,YATES WELL ROAD,-115.41949245582032,35.540903001639094,45000.0,5300,53000,Back,Interstate,True,59.30429428967216,572
12778,8,15,,SBD,,186.238,,NEVADA STATE LINE,-115.39106915207135,35.60718649727993,45000.0,5300,53000,Back,Interstate,True,59.30429428967216,572
12724,8,15,,SBD,R,103.633,,FIELD ROAD,-116.53108630985436,35.01089756830755,45000.0,5200,52000,Ahead,Interstate,True,59.30429428967216,572
12726,8,15,,SBD,R,111.592,,AFTON ROAD,-116.41231251825883,35.07076755954753,45000.0,5200,52000,Ahead,Interstate,True,59.30429428967216,572
12728,8,15,,SBD,R,120.425,,BASIN ROAD,-116.26477821691626,35.101439611931475,45000.0,5200,52000,Ahead,Interstate,True,59.30429428967216,572
12730,8,15,,SBD,R,124.237,,RASOR ROAD,-116.21083895652966,35.134246083150735,45000.0,5200,52000,Ahead,Interstate,True,59.30429428967216,572
12732,8,15,,SBD,R,130.181,,ZZYZX ROAD,-116.14108498672019,35.195521298070844,45000.0,5200,52000,Ahead,Interstate,True,59.30429428967216,572
12750,8,15,,SBD,R,84.641,,YERMO/CALICO ROAD,-116.83802829958601,34.90916214471776,45000.0,5200,52000,Ahead,Interstate,True,59.30429428967216,572
12752,8,15,,SBD,R,86.38,,EAST YERMO,-116.80786704591807,34.910621424514694,45000.0,5200,52000,Ahead,Interstate,True,59.30429428967216,572
12754,8,15,,SBD,R,88.489,,MINNEOLA ROAD,-116.77167792960705,34.917820541293,45000.0,5200,52000,Ahead,Interstate,True,59.30429428967216,572
12756,8,15,,SBD,R,96.41,,HARVARD ROAD,-116.64473788703859,34.96347953567872,45000.0,5200,52000,Ahead,Interstate,True,59.30429428967216,572
12774,8,15,,SBD,,176.459,,NIPTON ROAD,-115.44873341961566,35.473305644767926,45000.0,5300,53000,Ahead,Interstate,True,59.30429428967216,572
12776,8,15,,SBD,,181.396,,YATES WELL ROAD,-115.41949245582032,35.540903001639094,45000.0,5300,53000,Ahead,Interstate,True,59.30429428967216,572
12958,8,18,,SBD,,95.22,,"VICTORVILLE, STODDARD WELLS ROAD",-117.28518495423184,34.535215215326936,45000.0,4650,47500,Ahead,State,True,59.30429428967216,572
13502,8,79,,RIV,M,33.78,,"GILMAN SPRINGS ROAD, SANDRSON AVENUE",-117.00392664199124,33.845456307778605,45000.0,4050,49500,Ahead,State,True,59.30429428967216,572
12764,8,15,,SBD,,149.605,,HALLORAN SPRINGS,-115.89111002814194,35.37435017492259,44000.0,5100,51000,Back,Interstate,True,58.86178236108973,596
12768,8,15,,SBD,,155.571,,HALLORAN SUMMIT,-115.7912902524601,35.40258611871223,44000.0,5100,51000,Back,Interstate,True,58.86178236108973,596
12770,8,15,,SBD,,162.733,,CIMA ROAD,-115.67479495942933,35.443700939258136,44000.0,5100,51000,Back,Interstate,True,58.86178236108973,596
12772,8,15,,SBD,,171.471,,BAILEY ROAD,-115.52868368292155,35.4680516492062,44000.0,5100,51000,Back,Interstate,True,58.86178236108973,596
12774,8,15,,SBD,,176.459,,NIPTON ROAD,-115.44873341961566,35.473305644767926,44000.0,5100,51000,Back,Interstate,True,58.86178236108973,596
12738,8,15,,SBD,R,138.456,,EAST BAKER,-116.0477294599751,35.28109704314241,44000.0,5100,51000,Ahead,Interstate,True,58.86178236108973,596
12764,8,15,,SBD,,149.605,,HALLORAN SPRINGS,-115.89111002814194,35.37435017492259,44000.0,5100,51000,Ahead,Interstate,True,58.86178236108973,596
12768,8,15,,SBD,,155.571,,HALLORAN SUMMIT,-115.7912902524601,35.40258611871223,44000.0,5100,51000,Ahead,Interstate,True,58.86178236108973,596
12770,8,15,,SBD,,162.733,,CIMA ROAD,-115.67479495942933,35.443700939258136,44000.0,5100,51000,Ahead,Interstate,True,58.86178236108973,596
12772,8,15,,SBD,,171.471,,BAILEY ROAD,-115.52868368292155,35.4680516492062,44000.0,5100,51000,Ahead,Interstate,True,58.86178236108973,596
12658,8,142,,SBD,,5.782,,JCT. RTE. 71,-117.70890908972572,33.982655878778914,40000.0,3800,43000,Back,State,True,57.16099738340773,606
12962,8,18,,SBD,,97.001,,"VICTORVILLE, AMARGOSA ROAD",-117.33014989221648,34.507008990238276,40000.0,3800,43000,Back,State,True,57.16099738340773,606
13540,8,86,,RIV,R,23,,JCT RTE 10,-116.19114910451559,33.71654395557488,40000.0,3400,45000,Back,State,True,57.16099738340773,606
12890,8,18,,SBD,R,96.577,,"VICTORVILLE, NORTH JCT RTE 15, BARSTOW FREEWAYJCT. RTE. 15",-117.32286470348427,34.507774676174144,40000.0,3800,43000,Ahead,State,True,57.16099738340773,606
13538,8,86,,RIV,R,22.157,,DILLON RD,-116.1809369440763,33.70787571471451,40000.0,3400,45000,Ahead,State,True,57.16099738340773,606
12736,8,15,,SBD,R,136.574,,"BAKER, JCT. RTE. 127",-116.07306982022915,35.26329345465176,39000.0,4500,45500,Back,Interstate,True,56.73387717408035,611
12734,8,15,,SBD,R,135.806,,WEST BAKER,-116.08394179414294,35.25642722374366,39000.0,4500,45500,Ahead,Interstate,True,56.73387717408035,611
12738,8,15,,SBD,R,138.456,,EAST BAKER,-116.0477294599751,35.28109704314241,38000.0,4350,44000,Back,Interstate,True,56.148991842388796,613
12656,8,142,,SBD,,5.428,,PIPELINE AVENUE,-117.71512917656827,33.98262022390736,38000.0,3600,41000,Ahead,State,True,56.148991842388796,613
12736,8,15,,SBD,R,136.574,,"BAKER, JCT. RTE. 127",-116.07306982022915,35.26329345465176,38000.0,4350,44000,Ahead,Interstate,True,56.148991842388796,613
12960,8,18,,SBD,,95.79,,"VICTORVILLE, SEVENTH STREET",-117.29284667630695,34.53636553057683,37500.0,3850,40000,Back,State,True,55.85654917654303,616
13450,8,74,,RIV,R,16.335,,"ELSINORE, JCT. RTE. 15",-117.3376884004689,33.6918412097487,37000.0,3200,38000,Back,State,True,55.641065106972455,617
13526,8,83,,SBD,,1.888,,PINE AVENUE,-117.65031150943216,33.95335391200676,36000.0,2600,38000,Back,State,True,55.256272125596425,618
13524,8,83,,SBD,R,0,,JCT. RTE. 71,-117.65944332536804,33.93068085127799,36000.0,2600,38000,Ahead,State,True,55.256272125596425,618
13510,8,79,,RIV,R,4.777,,MURRIETA HOT SPRINGS RD,-117.14030751376681,33.55261735378771,35500.0,3200,37500,Back,State,True,54.98306910881946,620
12956,8,18,,SBD,,94.39,,APPLE VALLEY ROAD,-117.27247985658973,34.54013329974386,35000.0,3600,37000,Back,State,True,54.71371402185624,621
13518,8,79,,RIV,,39.19,,CALIFORNIA AVENUE,-116.98152765164164,33.9096276520603,35000.0,3150,38500,Back,State,True,54.71371402185624,621
13538,8,86,,RIV,R,22.157,,DILLON RD,-116.1809369440763,33.70787571471451,35000.0,2950,39500,Back,State,True,54.71371402185624,621
148,8,215,,SBD,,17.753,R,"JCT RTE 15, RIGHT ALIGN, END OF ROUTE",-117.40969411342067,34.22528205468821,35000.0,2600,37500,Ahead,Interstate,True,54.71371402185624,621
149,8,215,,SBD,,17.753,L,"LEFT ALIGNMENT, END OF ROUTE",-117.4096530891583,34.22504103514064,35000.0,2600,37500,Ahead,Interstate,True,54.71371402185624,621
13536,8,86,,RIV,R,16.744,,AIRPORT BLVD,-116.13324510626636,33.64282231674382,35000.0,2950,39500,Ahead,State,True,54.71371402185624,621
138,8,210,U,SBD,,21.971,,ROUTE 210 LEFT TURN AT HIGHLAND AVENUE,-117.32711903843159,34.13618191799352,34000.0,3300,35000,Back,Interstate,True,54.14422040941973,627
12438,8,10,,RIV,R,156.1,,RIVIERA DRIVE,-114.53754938726712,33.606242392710186,34000.0,3750,36500,Back,Interstate,True,54.14422040941973,627
12440,8,10,,RIV,R,156.492,,ARIZONA STATE LINE,-114.53084849693171,33.60464100830739,34000.0,3750,36000,Back,Interstate,True,54.14422040941973,627
12890,8,18,,SBD,R,96.577,,"VICTORVILLE, NORTH JCT RTE 15, BARSTOW FREEWAYJCT. RTE. 15",-117.32286470348427,34.507774676174144,34000.0,3500,36000,Back,State,True,54.14422040941973,627
12436,8,10,,RIV,R,154.167,,JCT. RTE. 95 NORTH,-114.57074195465734,33.60731722445976,34000.0,3750,36500,Ahead,Interstate,True,54.14422040941973,627
12438,8,10,,RIV,R,156.1,,RIVIERA DRIVE,-114.53754938726712,33.606242392710186,34000.0,3750,36500,Ahead,Interstate,True,54.14422040941973,627
12954,8,18,,SBD,,90.936,,APPLE VALLEY INN ROAD,-117.21688499125305,34.52391389399795,34000.0,3500,36000,Ahead,State,True,54.14422040941973,627
12960,8,18,,SBD,,95.79,,"VICTORVILLE, SEVENTH STREET",-117.29284667630695,34.53636553057683,34000.0,3500,36000,Ahead,State,True,54.14422040941973,627
12972,8,210,U,SBD,,21.773,,CALIFORNIA STREET,-117.33115758816623,34.13607258318307,34000.0,3300,35000,Ahead,Interstate,True,54.14422040941973,627
12432,8,10,,RIV,R,152.152,,"BLYTHE, LOVEKIN BOULEVARD",-114.60564559077994,33.606942095770535,33400.0,3700,36000,Back,Interstate,True,53.60166230567954,636
79,8,111,,RIV,,47.795,,EAST PALM CANYON/GENE AUTRY TRAIL,-116.49516581766106,33.79338886903775,33000.0,3300,38500,Back,State,True,53.44389718331538,637
13220,8,395,,SBD,R,5.613,,PHELAN ROAD/MAIN STREET,-117.40004075269883,34.4267612598384,33000.0,2550,34500,Back,US,True,53.44389718331538,637
12430,8,10,,RIV,R,149.15,,JCT. RTE. 78 SOUTH,-114.65773496577327,33.60652474551962,33000.0,3650,35500,Ahead,Interstate,True,53.44389718331538,637
12610,8,111,,RIV,,47.252,,"PALM SPRINGS, GOLF CLUB DRIVE",-116.48648365164402,33.79089423375483,33000.0,3300,38500,Ahead,State,True,53.44389718331538,637
12436,8,10,,RIV,R,154.167,,JCT. RTE. 95 NORTH,-114.57074195465734,33.60731722445976,32900.0,3650,35500,Back,Interstate,True,53.27458827150993,641
12466,8,10,,RIV,R,58.916,,"COACHELLA, DILLON ROAD",-116.17285530003008,33.71490523424089,32900.0,3600,36000,Back,Interstate,True,53.27458827150993,641
12434,8,10,,RIV,R,153.155,,"BLYTHE, SEVENTH AVENUE",-114.58830495720134,33.607049978944325,32900.0,3650,35500,Ahead,Interstate,True,53.27458827150993,641
12464,8,10,,RIV,R,57.831,,"INDIO, JCT. RTE. 86 SOUTH",-116.19102606586438,33.71640974627377,32900.0,3600,36000,Ahead,Interstate,True,53.27458827150993,641
12434,8,10,,RIV,R,153.155,,"BLYTHE, SEVENTH AVENUE",-114.58830495720134,33.607049978944325,32300.0,3600,35000,Back,Interstate,True,52.88209943050639,645
12432,8,10,,RIV,R,152.152,,"BLYTHE, LOVEKIN BOULEVARD",-114.60564559077994,33.606942095770535,32300.0,3600,35000,Ahead,Interstate,True,52.88209943050639,645
13394,8,62,,SBD,,12.404,,"YUCCA VALLEY, JCT. RTE. 247 NORTH",-116.41404592809235,34.12341508539076,32000.0,3000,34500,Back,State,True,52.70509465907342,647
13520,8,79,,RIV,,40.449,,"BEAUMONT, JCT. RTE. 10",-116.97716239002811,33.92700846659525,32000.0,2850,35000,Back,State,True,52.70509465907342,647
13518,8,79,,RIV,,39.19,,CALIFORNIA AVENUE,-116.98152765164164,33.9096276520603,32000.0,2850,35000,Ahead,State,True,52.70509465907342,647
12428,8,10,,RIV,R,145.118,,MESA DRIVE,-114.72723528548251,33.609174997142944,31800.0,3450,34500,Back,Interstate,True,52.52039402801293,650
12430,8,10,,RIV,R,149.15,,JCT. RTE. 78 SOUTH,-114.65773496577327,33.60652474551962,31800.0,3450,34500,Back,Interstate,True,52.52039402801293,650
12468,8,10,,RIV,R,81.548,,COTTONWOOD SPRINGS ROAD,-115.80219155277463,33.66002474489115,31800.0,3450,34500,Back,Interstate,True,52.52039402801293,650
12424,8,10,,RIV,R,135.049,,"WILEY'S WELL SAFETY ROAD SIDE REST AREA, WILEY'S WELL ROAD",-114.90158491609701,33.607653207073916,31800.0,3450,34500,Ahead,Interstate,True,52.52039402801293,650
12428,8,10,,RIV,R,145.118,,MESA DRIVE,-114.72723528548251,33.609174997142944,31800.0,3450,34500,Ahead,Interstate,True,52.52039402801293,650
12466,8,10,,RIV,R,58.916,,"COACHELLA, DILLON ROAD",-116.17285530003008,33.71490523424089,31800.0,3450,34500,Ahead,Interstate,True,52.52039402801293,650
42,8,62,,SBD,,10.62,,CHEROKEE TR,-116.44441758426778,34.11979237250924,31500.0,2950,34000,Back,State,True,52.3780206249038,656
44,8,62,,SBD,,10.817,,APACHE TR-RT,-116.44116869409208,34.12057437102297,31500.0,2950,34000,Back,State,True,52.3780206249038,656
42,8,62,,SBD,,10.62,,CHEROKEE TR,-116.44441758426778,34.11979237250924,31500.0,2950,34000,Ahead,State,True,52.3780206249038,656
44,8,62,,SBD,,10.817,,APACHE TR-RT,-116.44116869409208,34.12057437102297,31500.0,2950,34000,Ahead,State,True,52.3780206249038,656
13388,8,62,,SBD,,10.531,,"YUCCA VALLEY, PIONEER TOWN ROAD",-116.44590328725494,34.119417540933576,31500.0,3100,35500,Ahead,State,True,52.3780206249038,656
12414,8,10,,RIV,R,102.014,,EAGLE MOUNTAIN ROAD,-115.45247798579207,33.70184629883594,30700.0,3350,33500,Back,Interstate,True,52.01246729259659,661
12416,8,10,,RIV,R,105.087,,JCT. RTE. 177 NORTH,-115.40047324287826,33.710321337221785,30700.0,3350,33500,Back,Interstate,True,52.01246729259659,661
12470,8,10,,RIV,R,86.073,,CHIRIACO SUMMIT,-115.72366498265016,33.659919201825645,30700.0,3350,33500,Back,Interstate,True,52.01246729259659,661
12472,8,10,,RIV,R,90.119,,HAYFIELD ROAD,-115.65426978738877,33.66803464955638,30700.0,3350,33500,Back,Interstate,True,52.01246729259659,661
12474,8,10,,RIV,R,95.049,,EAGLE MOUNTAIN RAILROAD OVERHEAD/RED CLOUD ROAD,-115.56934640126264,33.67608469348558,30700.0,3350,33500,Back,Interstate,True,52.01246729259659,661
12414,8,10,,RIV,R,102.014,,EAGLE MOUNTAIN ROAD,-115.45247798579207,33.70184629883594,30700.0,3350,33500,Ahead,Interstate,True,52.01246729259659,661
12468,8,10,,RIV,R,81.548,,COTTONWOOD SPRINGS ROAD,-115.80219155277463,33.66002474489115,30700.0,3350,33500,Ahead,Interstate,True,52.01246729259659,661
12470,8,10,,RIV,R,86.073,,CHIRIACO SUMMIT,-115.72366498265016,33.659919201825645,30700.0,3350,33500,Ahead,Interstate,True,52.01246729259659,661
12472,8,10,,RIV,R,90.119,,HAYFIELD ROAD,-115.65426978738877,33.66803464955638,30700.0,3350,33500,Ahead,Interstate,True,52.01246729259659,661
12474,8,10,,RIV,R,95.049,,EAGLE MOUNTAIN RAILROAD OVERHEAD/RED CLOUD ROAD,-115.56934640126264,33.67608469348558,30700.0,3350,33500,Ahead,Interstate,True,52.01246729259659,661
12610,8,111,,RIV,,47.252,,"PALM SPRINGS, GOLF CLUB DRIVE",-116.48648365164402,33.79089423375483,30000.0,3000,35000,Back,State,True,51.56995536401416,671
12654,8,142,,SBD,,4.4,,PEYTON DRIVE,-117.73254278658558,33.982562494954394,30000.0,3350,33500,Back,State,True,51.56995536401416,671
13504,8,79,,RIV,M,7.63,,BENTON RD,-117.12498327730253,33.592075568760905,30000.0,3000,32500,Back,State,True,51.56995536401416,671
12650,8,142,,SBD,R,3.865,,CHINO HILLS BL / RUSTIC,-117.74106958088939,33.981145595160896,30000.0,3350,33500,Ahead,State,True,51.56995536401416,671
12962,8,18,,SBD,,97.001,,"VICTORVILLE, AMARGOSA ROAD",-117.33014989221648,34.507008990238276,30000.0,2850,32500,Ahead,State,True,51.56995536401416,671
12420,8,10,,RIV,R,114.402,,CORN SPRINGS ROAD,-115.2435116211938,33.68232737164078,29700.0,3250,32500,Back,Interstate,True,51.33523164537479,676
12422,8,10,,RIV,R,129.935,,FORD DRY LAKE / CHUCKAWALLA ROAD,-114.99002728795693,33.60740812464566,29700.0,3250,32500,Back,Interstate,True,51.33523164537479,676
12424,8,10,,RIV,R,135.049,,"WILEY'S WELL SAFETY ROAD SIDE REST AREA, WILEY'S WELL ROAD",-114.90158491609701,33.607653207073916,29700.0,3250,32500,Back,Interstate,True,51.33523164537479,676
12416,8,10,,RIV,R,105.087,,JCT. RTE. 177 NORTH,-115.40047324287826,33.710321337221785,29700.0,3250,32500,Ahead,Interstate,True,51.33523164537479,676
12420,8,10,,RIV,R,114.402,,CORN SPRINGS ROAD,-115.2435116211938,33.68232737164078,29700.0,3250,32500,Ahead,Interstate,True,51.33523164537479,676
12422,8,10,,RIV,R,129.935,,FORD DRY LAKE / CHUCKAWALLA ROAD,-114.99002728795693,33.60740812464566,29700.0,3250,32500,Ahead,Interstate,True,51.33523164537479,676
13510,8,79,,RIV,R,4.777,,MURRIETA HOT SPRINGS RD,-117.14030751376681,33.55261735378771,29500.0,2650,31500,Ahead,State,True,51.1697706633831,682
12594,8,111,,RIV,T,52.371,,"PALM SPRINGS, FARRELL DRIVE",-116.51942815555674,33.84489196616979,29000.0,2900,33500,Back,State,True,50.83500076958596,683
12656,8,142,,SBD,,5.428,,PIPELINE AVENUE,-117.71512917656827,33.98262022390736,29000.0,3200,32500,Back,State,True,50.83500076958596,683
13236,8,395,,SBD,,8.62,,BEAR VALLY ROAD,-117.3995018955807,34.47033582792261,29000.0,2250,30000,Back,US,True,50.83500076958596,683
12592,8,111,,RIV,T,51.588,,VISTA CHINO,-116.50582187341148,33.8449329304662,29000.0,2900,33500,Ahead,State,True,50.83500076958596,683
13218,8,395,,SBD,R,3.981,,JCT. RTE. 15,-117.40084768596235,34.404575824358076,29000.0,2250,30000,Ahead,US,True,50.83500076958596,683
13220,8,395,,SBD,R,5.613,,PHELAN ROAD/MAIN STREET,-117.40004075269883,34.4267612598384,29000.0,2250,30000,Ahead,US,True,50.83500076958596,683
12894,8,18,,SBD,T,6.179,,"SAN BERNARDINO, JCT. RTE. 210",-117.27861632914393,34.145161970716295,28000.0,3300,30000,Back,State,True,50.09235031553024,689
12970,8,210,U,SBD,,21.68,,CAJON BOULEVARD,-117.33266598080084,34.13608322029468,28000.0,2700,28500,Back,Interstate,True,50.09235031553024,689
12972,8,210,U,SBD,,21.773,,CALIFORNIA STREET,-117.33115758816623,34.13607258318307,28000.0,2700,28500,Back,Interstate,True,50.09235031553024,689
13388,8,62,,SBD,,10.531,,"YUCCA VALLEY, PIONEER TOWN ROAD",-116.44590328725494,34.119417540933576,28000.0,2750,31500,Back,State,True,50.09235031553024,689
13536,8,86,,RIV,R,16.744,,AIRPORT BLVD,-116.13324510626636,33.64282231674382,28000.0,2350,31500,Back,State,True,50.09235031553024,689
12892,8,18,,SBD,S,6.024,,LEROY-LT&WB ON RTE 210,-117.28087096486145,34.145975325434996,28000.0,3300,30000,Ahead,State,True,50.09235031553024,689
12894,8,18,,SBD,T,6.179,,"SAN BERNARDINO, JCT. RTE. 210",-117.27861632914393,34.145161970716295,28000.0,3300,30000,Ahead,State,True,50.09235031553024,689
12968,8,210,U,SBD,,20.02,,ACACIA AVENUE,-117.36169502842735,34.13694348501283,28000.0,2700,28500,Ahead,Interstate,True,50.09235031553024,689
13450,8,74,,RIV,R,16.335,,"ELSINORE, JCT. RTE. 15",-117.3376884004689,33.6918412097487,28000.0,2600,31000,Ahead,State,True,50.09235031553024,689
13462,8,74,,RIV,,29.8,,MENIFEE ROAD,-117.15407239167885,33.74305029150097,28000.0,2550,31000,Ahead,State,True,50.09235031553024,689
12896,8,18,,SBD,T,7.117,,"SAN BERNARDINO, PARKDALE DRIVE",-117.27861117461083,34.15876605370371,27500.0,3250,29500,Back,State,True,49.638294597506544,699
12968,8,210,U,SBD,,20.02,,ACACIA AVENUE,-117.36169502842735,34.13694348501283,27500.0,2650,28000,Back,Interstate,True,49.638294597506544,699
13222,8,395,,SBD,,10.213,,LUNA ROAD,-117.39943386077438,34.49278234321991,27500.0,2150,28500,Back,US,True,49.638294597506544,699
12966,8,210,U,SBD,,19.521,,"RIALTO, RIVERSIDE AVENUE",-117.37046371029112,34.13400793432672,27500.0,2650,28000,Ahead,Interstate,True,49.638294597506544,699
13236,8,395,,SBD,,8.62,,BEAR VALLY ROAD,-117.3995018955807,34.47033582792261,27500.0,2150,28500,Ahead,US,True,49.638294597506544,699
13530,8,83,,SBD,,5.42,,SCHAEFER AVE,-117.6507312436554,34.004783944585476,27300.0,2000,28500,Back,State,True,49.39202708942589,704
13526,8,83,,SBD,,1.888,,PINE AVENUE,-117.65031150943216,33.95335391200676,27300.0,2000,28500,Ahead,State,True,49.39202708942589,704
13528,8,83,,SBD,,3.92,,MERRILL AVENUE,-117.65063885192842,33.98304831974216,27300.0,2000,28500,Ahead,State,True,49.39202708942589,704
13378,8,62,,RIV,,9.237,,RIVERSIDE/SAN BERNARDINO COUNTY LINE,-116.59144244382622,34.032663934391984,27000.0,2650,30500,Back,State,True,49.19963059873788,707
13382,8,62,,SBD,,0.845,,HESS BOULEVARD,-116.58494044947788,34.042907510365545,27000.0,2650,30500,Back,State,True,49.19963059873788,707
13370,8,62,,RIV,R,6.451,,INDIAN AVENUE,-116.57634621954398,34.00476609945305,27000.0,2650,30500,Ahead,State,True,49.19963059873788,707
13384,8,62,,SBD,,0,,RIVERSIDE/SAN BERNARDINO COUNTY LINE,-116.59144244382622,34.032663934391984,27000.0,2650,30500,Ahead,State,True,49.19963059873788,707
12954,8,18,,SBD,,90.936,,APPLE VALLEY INN ROAD,-117.21688499125305,34.52391389399795,26500.0,2750,28000,Back,State,True,48.872556564568264,711
13528,8,83,,SBD,,3.92,,MERRILL AVENUE,-117.65063885192842,33.98304831974216,26200.0,1900,27500,Back,State,True,48.69939972294905,712
56,8,79,,RIV,R,10.396,,POURROY RD/ABELIA ST,-117.10072555584911,33.61873669628396,26000.0,2600,28500,Back,State,True,48.472371863937205,713
12648,8,138,,SBD,,6.662,,JCT. RTE. 2 WEST,-117.57627110248035,34.39081193162172,26000.0,2200,27000,Back,State,True,48.472371863937205,713
13224,8,395,,SBD,,11.18,,PALMDALE ROAD; JCT. RTE. 18,-117.39950101253679,34.50667034888277,26000.0,2050,27000,Back,US,True,48.472371863937205,713
13226,8,395,,SBD,,15.707,,GEORGE AIR FORCE BASE ROAD,-117.40960400790611,34.571999723264575,26000.0,2050,27000,Back,US,True,48.472371863937205,713
13386,8,62,,SBD,,1.884,,"MORONGO VALLEY, PIONEER/ EAST DRIVES",-116.57279943364705,34.05414923230771,26000.0,2550,29500,Back,State,True,48.472371863937205,713
12646,8,138,,SBD,,5.764,,SHEEP CREEK ROAD,-117.57903702063007,34.40273037583075,26000.0,2200,27000,Ahead,State,True,48.472371863937205,713
12654,8,142,,SBD,,4.4,,PEYTON DRIVE,-117.73254278658558,33.982562494954394,26000.0,2900,29000,Ahead,State,True,48.472371863937205,713
13222,8,395,,SBD,,10.213,,LUNA ROAD,-117.39943386077438,34.49278234321991,26000.0,2050,27000,Ahead,US,True,48.472371863937205,713
13224,8,395,,SBD,,11.18,,PALMDALE ROAD; JCT. RTE. 18,-117.39950101253679,34.50667034888277,26000.0,2050,27000,Ahead,US,True,48.472371863937205,713
13504,8,79,,RIV,M,7.63,,BENTON RD,-117.12498327730253,33.592075568760905,26000.0,2600,28500,Ahead,State,True,48.472371863937205,713
12932,8,18,,SBD,,50.82,,MOONRIDGE ROAD,-116.8828949187594,34.24600200645172,25000.0,5000,35000,Back,State,True,47.6796983223026,723
13466,8,74,,RIV,,36.928,,WARREN ROAD,-117.03278352210371,33.74386405175163,25000.0,2250,27500,Back,State,True,47.6796983223026,723
12930,8,18,,SBD,,49.117,,BIG BEAR BL AT PINE KNOT,-116.91131021043437,34.243632903059,25000.0,5000,35000,Ahead,State,True,47.6796983223026,723
13382,8,62,,SBD,,0.845,,HESS BOULEVARD,-116.58494044947788,34.042907510365545,25000.0,2450,28000,Ahead,State,True,47.6796983223026,723
13386,8,62,,SBD,,1.884,,"MORONGO VALLEY, PIONEER/ EAST DRIVES",-116.57279943364705,34.05414923230771,25000.0,2450,28000,Ahead,State,True,47.6796983223026,723
13458,8,74,,RIV,,27.54,,JCT. RTE. 215,-117.18901184093687,33.75404579037193,25000.0,1950,25500,Ahead,State,True,47.6796983223026,723
13464,8,74,,RIV,,34.332,,JCT. RTE. 79 SOUTH,-117.07645107812068,33.739019191462106,25000.0,2250,27500,Ahead,State,True,47.6796983223026,723
12626,8,138,,SBD,R,15.203,,JCT. RTE. 15,-117.47487700231365,34.31183868345338,24800.0,2050,25500,Back,State,True,47.39495151608435,730
12648,8,138,,SBD,,6.662,,JCT. RTE. 2 WEST,-117.57627110248035,34.39081193162172,24800.0,2050,25500,Ahead,State,True,47.39495151608435,730
12898,8,18,,SBD,T,7.548,,"SAN BERNARDINO, 40TH STREET",-117.27865650449837,34.16498975811079,24500.0,2850,26000,Back,State,True,47.15253193781746,732
12896,8,18,,SBD,T,7.117,,"SAN BERNARDINO, PARKDALE DRIVE",-117.27861117461083,34.15876605370371,24500.0,2850,26000,Ahead,State,True,47.15253193781746,732
13460,8,74,,RIV,,28.914,,ETHANAC ROAD,-117.16947267861677,33.74284816903249,24500.0,2200,27000,Ahead,State,True,47.15253193781746,732
13368,8,62,,RIV,R,3.344,,PIERSON BOULEVARD,-116.59048080090786,33.96130036181886,24000.0,2350,27000,Back,State,True,46.64460520240111,735
13400,8,62,,SBD,,15.145,,YUCCA MESA ROAD,-116.36973945970253,34.1348724985713,24000.0,2250,26000,Back,State,True,46.64460520240111,735
13414,8,62,,SBD,,9.293,,"YUCCA VALLEY, CAMINO DEL CIELO",-116.46656662737271,34.11415110800092,24000.0,2350,27000,Back,State,True,46.64460520240111,735
13462,8,74,,RIV,,29.8,,MENIFEE ROAD,-117.15407239167885,33.74305029150097,24000.0,2150,26500,Back,State,True,46.64460520240111,735
13474,8,74,,RIV,,41.84,,"HEMET, YALE STREET",-116.94996128374902,33.74760894487076,24000.0,2350,25500,Back,State,True,46.64460520240111,735
13372,8,62,,RIV,,0,,JCT. RTE. 10,-116.60385986318512,33.91432538035642,24000.0,2350,27000,Ahead,State,True,46.64460520240111,735
13394,8,62,,SBD,,12.404,,"YUCCA VALLEY, JCT. RTE. 247 NORTH",-116.41404592809235,34.12341508539076,24000.0,2250,26000,Ahead,State,True,46.64460520240111,735
13414,8,62,,SBD,,9.293,,"YUCCA VALLEY, CAMINO DEL CIELO",-116.46656662737271,34.11415110800092,24000.0,2350,27000,Ahead,State,True,46.64460520240111,735
13534,8,86,,RIV,R,12.477,,JCT RTE 111,-116.09576639548293,33.590039996279486,24000.0,2050,27000,Ahead,State,True,46.64460520240111,735
12934,8,18,,SBD,,51.61,,STANFIELD CUTOFF,-116.8830274669762,34.25669458573629,23500.0,4700,33000,Back,State,True,46.175157765122364,744
13460,8,74,,RIV,,28.914,,ETHANAC ROAD,-117.16947267861677,33.74284816903249,23500.0,2100,26000,Back,State,True,46.175157765122364,744
13464,8,74,,RIV,,34.332,,JCT. RTE. 79 SOUTH,-117.07645107812068,33.739019191462106,23500.0,1950,26000,Back,State,True,46.175157765122364,744
12932,8,18,,SBD,,50.82,,MOONRIDGE ROAD,-116.8828949187594,34.24600200645172,23500.0,4700,33000,Ahead,State,True,46.175157765122364,744
12646,8,138,,SBD,,5.764,,SHEEP CREEK ROAD,-117.57903702063007,34.40273037583075,23400.0,1950,24100,Back,State,True,46.03278436201323,748
12636,8,138,,SBD,,2.906,,PHELAN RD LT GREEN RD R,-117.6192792061456,34.42622989020197,23400.0,1950,24100,Ahead,State,True,46.03278436201323,748
12970,8,210,U,SBD,,21.68,,CAJON BOULEVARD,-117.33266598080084,34.13608322029468,23100.0,2250,23600,Ahead,Interstate,True,45.68647067877482,750
13472,8,74,,RIV,,41.338,,JCT. RTE. 79 NORTH,-116.95864550870469,33.74755292041616,23100.0,2250,24600,Ahead,State,True,45.68647067877482,750
12596,8,111,,RIV,T,52.876,,"PALM SPRINGS, SUNRISE WAY",-116.52819587622314,33.84486192766282,23000.0,2300,26500,Back,State,True,45.513313837155614,752
13262,8,40,,SBD,R,2.348,,MAIN STREET  (TO NEBO MARINE CORPS SUPPLY CENTER),-116.96874890023108,34.8785935503031,23000.0,3100,27000,Back,Interstate,True,45.513313837155614,752
13446,8,74,,RIV,R,14.19,,"ELSINORE, LAKE SHORE DRIVE",-117.36658542718969,33.68450529228146,23000.0,2000,23900,Back,State,True,45.513313837155614,752
13448,8,74,,RIV,R,14.997,,GUNNERSON STREET/ STICKLAND AVENUE,-117.3549082474727,33.68919557561782,23000.0,2000,23900,Back,State,True,45.513313837155614,752
12594,8,111,,RIV,T,52.371,,"PALM SPRINGS, FARRELL DRIVE",-116.51942815555674,33.84489196616979,23000.0,2300,26500,Ahead,State,True,45.513313837155614,752
13262,8,40,,SBD,R,2.348,,MAIN STREET  (TO NEBO MARINE CORPS SUPPLY CENTER),-116.96874890023108,34.8785935503031,23000.0,3100,27000,Ahead,Interstate,True,45.513313837155614,752
13280,8,40,,SBD,,0.794,,MONTARA AVENUE  EAST BARSTOW,-116.99398582307342,34.88635516808133,23000.0,3100,27000,Ahead,Interstate,True,45.513313837155614,752
13448,8,74,,RIV,R,14.997,,GUNNERSON STREET/ STICKLAND AVENUE,-117.3549082474727,33.68919557561782,23000.0,2000,23900,Ahead,State,True,45.513313837155614,752
13280,8,40,,SBD,,0.794,,MONTARA AVENUE  EAST BARSTOW,-116.99398582307342,34.88635516808133,22700.0,3050,26500,Back,Interstate,True,45.25935046944743,760
13470,8,74,,RIV,,40.588,,"HEMET, STATE STREET",-116.97162890082858,33.747492075150454,22700.0,2200,24100,Back,State,True,45.25935046944743,760
13282,8,40,,SBD,,0,,"BARSTOW, JCT. RTE. 15",-117.00681173873136,34.88639577443424,22700.0,3050,26500,Ahead,Interstate,True,45.25935046944743,760
13468,8,74,,RIV,,39.588,,LYON AVENUE,-116.98909252724428,33.74740245306311,22700.0,2200,24100,Ahead,State,True,45.25935046944743,760
13370,8,62,,RIV,R,6.451,,INDIAN AVENUE,-116.57634621954398,34.00476609945305,22000.0,2150,24800,Back,State,True,44.662921348314605,764
13472,8,74,,RIV,,41.338,,JCT. RTE. 79 NORTH,-116.95864550870469,33.74755292041616,22000.0,2150,23400,Back,State,True,44.662921348314605,764
12950,8,18,,SBD,,88.871,,"APPLE VALLEY, YUCCA LOMA-NAVAJO ROAD",-117.19025874028047,34.500644525716105,22000.0,2250,23300,Ahead,State,True,44.662921348314605,764
13368,8,62,,RIV,R,3.344,,PIERSON BOULEVARD,-116.59048080090786,33.96130036181886,22000.0,2150,24800,Ahead,State,True,44.662921348314605,764
13446,8,74,,RIV,R,14.19,,"ELSINORE, LAKE SHORE DRIVE",-117.36658542718969,33.68450529228146,22000.0,1900,22900,Ahead,State,True,44.662921348314605,764
13470,8,74,,RIV,,40.588,,"HEMET, STATE STREET",-116.97162890082858,33.747492075150454,22000.0,2150,23400,Ahead,State,True,44.662921348314605,764
13420,8,66,,SBD,,21.37,,FOURTH STREET,-117.33120774829504,34.106627356257995,21500.0,1850,22500,Back,State,True,44.10112359550562,770
13452,8,74,,RIV,R,92.34,,"PALM DESERT, JCT. RTE. 111",-116.40909415283653,33.67061185104458,21400.0,3600,26000,Back,State,True,43.981837771279054,771
13476,8,74,,RIV,,42.34,,CORNELL STREET,-116.9412770147759,33.74766052871729,21300.0,2050,22600,Back,State,True,43.88179159612129,772
13478,8,74,,RIV,,43.338,,HEMET STREET,-116.92386786758891,33.74770867211881,21300.0,2050,22600,Back,State,True,43.88179159612129,772
13474,8,74,,RIV,,41.84,,"HEMET, YALE STREET",-116.94996128374902,33.74760894487076,21300.0,2050,22600,Ahead,State,True,43.88179159612129,772
13476,8,74,,RIV,,42.34,,CORNELL STREET,-116.9412770147759,33.74766052871729,21300.0,2050,22600,Ahead,State,True,43.88179159612129,772
12598,8,111,,RIV,T,53.376,,"PALM SPRINGS, AVENIDA CABALLEROS",-116.53688587734608,33.84488092770424,21000.0,2100,24400,Back,State,True,43.55471756195167,776
13190,8,38,,SBD,,0.071,,"REDLANDS, COLTON AVENUE",-117.18253392323477,34.06285091925952,21000.0,2100,22100,Back,State,True,43.55471756195167,776
13194,8,38,,SBD,,0,,"REDLANDS, JCT. RTE. 10",-117.18247646339593,34.06181368036323,21000.0,2100,22100,Back,State,True,43.55471756195167,776
13270,8,40,,SBD,R,4.708,,NEBO STREET,-116.93245135546864,34.863586480383404,21000.0,2800,24400,Back,Interstate,True,43.55471756195167,776
13468,8,74,,RIV,,39.588,,LYON AVENUE,-116.98909252724428,33.74740245306311,21000.0,2050,22300,Back,State,True,43.55471756195167,776
12596,8,111,,RIV,T,52.876,,"PALM SPRINGS, SUNRISE WAY",-116.52819587622314,33.84486192766282,21000.0,2100,24400,Ahead,State,True,43.55471756195167,776
13188,8,38,,SBD,S,0.372,,ORANGE AVE,-117.18253392323477,34.06285091925952,21000.0,2100,22100,Ahead,State,True,43.55471756195167,776
13194,8,38,,SBD,,0,,"REDLANDS, JCT. RTE. 10",-117.18247646339593,34.06181368036323,21000.0,2100,22100,Ahead,State,True,43.55471756195167,776
13466,8,74,,RIV,,36.928,,WARREN ROAD,-117.03278352210371,33.74386405175163,21000.0,2050,22300,Ahead,State,True,43.55471756195167,776
13254,8,40,,SBD,R,143.764,,JCT. RTE. 95 SOUTH,-114.59697566430863,34.82397021400594,20600.0,2300,23100,Back,Interstate,True,43.13529321225181,785
13252,8,40,,SBD,R,142.37,,"NEEDLES, J STREET",-114.6115294085672,34.839617750922336,20600.0,2300,23100,Ahead,Interstate,True,43.13529321225181,785
13274,8,40,,SBD,R,7.181,,A STREET,-116.8902182813996,34.854858563749254,20500.0,2750,23900,Back,Interstate,True,43.035247037094045,787
12934,8,18,,SBD,,51.61,,STANFIELD CUTOFF,-116.8830274669762,34.25669458573629,20500.0,4100,28500,Ahead,State,True,43.035247037094045,787
13270,8,40,,SBD,R,4.708,,NEBO STREET,-116.93245135546864,34.863586480383404,20500.0,2750,23900,Ahead,Interstate,True,43.035247037094045,787
12592,8,111,,RIV,T,51.588,,VISTA CHINO,-116.50582187341148,33.8449329304662,20000.0,2000,23200,Back,State,True,42.5465599507465,790
13228,8,395,,SBD,,17.777,,"ADELANTO, EL MIRAGE ROAD",-117.41949305691412,34.600863278497776,20000.0,1550,20800,Back,US,True,42.5465599507465,790
13248,8,40,,SBD,R,139.117,,PARK ROAD,-114.65260764713453,34.87141569137603,20000.0,2250,22400,Back,Interstate,True,42.5465599507465,790
13226,8,395,,SBD,,15.707,,GEORGE AIR FORCE BASE ROAD,-117.40960400790611,34.571999723264575,20000.0,1550,20800,Ahead,US,True,42.5465599507465,790
13246,8,40,,SBD,R,132.739,,JCT. RTE. 95 NORTH,-114.75537009168472,34.87789801389172,20000.0,2250,22400,Ahead,Interstate,True,42.5465599507465,790
13420,8,66,,SBD,,21.37,,FOURTH STREET,-117.33120774829504,34.106627356257995,19800.0,1700,20700,Ahead,State,True,42.28105279359705,795
13418,8,66,,SBD,,20.14,,RIALTO/SAN BERNARDINO CITY LIMITS (PEPPER AVENUE),-117.35292470803654,34.10679657155896,19700.0,1850,20600,Ahead,State,True,42.119439741419114,796
13202,8,38,,SBD,,3.071,,"REDLANDS, WABASH AVENUE",-117.13888375411007,34.070142655105805,19500.0,3500,24900,Back,State,True,41.88471602277974,797
12902,8,18,,SBD,,100.956,,JCT. RTE. 395,-117.39955824959343,34.506684994302255,19300.0,1850,20800,Back,State,True,41.65384023395413,798
12636,8,138,,SBD,,2.906,,PHELAN RD LT GREEN RD R,-117.6192792061456,34.42622989020197,19200.0,1600,19800,Back,State,True,41.503770971217484,799
12966,8,210,U,SBD,,19.521,,"RIALTO, RIVERSIDE AVENUE",-117.37046371029112,34.13400793432672,19000.0,1850,19400,Back,Interstate,True,41.2998306910882,800
13506,8,79,,RIV,R,16.67,,SIMPSON AVENUE,-117.0849290247343,33.70719314234561,19000.0,1900,20700,Back,State,True,41.2998306910882,800
56,8,79,,RIV,R,10.396,,POURROY RD/ABELIA ST,-117.10072555584911,33.61873669628396,19000.0,1900,20700,Ahead,State,True,41.2998306910882,800
12590,8,111,,RIV,T,49.37,,"PALM SPRINGS, RAMON ROAD",-116.49283835911672,33.81589552728731,18500.0,1850,21500,Ahead,State,True,40.61105125442512,803
12650,8,142,,SBD,R,3.865,,CHINO HILLS BL / RUSTIC,-117.74106958088939,33.981145595160896,18000.0,2000,20200,Back,State,True,40.01847006310605,804
13458,8,74,,RIV,,27.54,,JCT. RTE. 215,-117.18901184093687,33.75404579037193,18000.0,1700,19900,Back,State,True,40.01847006310605,804
13532,8,86,,RIV,R,11.031,,JCT RTE 195,-116.09235841097546,33.56935571112516,18000.0,1600,20500,Back,State,True,40.01847006310605,804
13534,8,86,,RIV,R,12.477,,JCT RTE 111,-116.09576639548293,33.590039996279486,18000.0,1600,20500,Back,State,True,40.01847006310605,804
13542,8,86,,RIV,R,3.484,,81ST AVE,-116.09112784390206,33.46254748334139,18000.0,1600,20500,Back,State,True,40.01847006310605,804
13532,8,86,,RIV,R,11.031,,JCT RTE 195,-116.09235841097546,33.56935571112516,18000.0,1600,20500,Ahead,State,True,40.01847006310605,804
13542,8,86,,RIV,R,3.484,,81ST AVE,-116.09112784390206,33.46254748334139,18000.0,1600,20500,Ahead,State,True,40.01847006310605,804
13544,8,86,,RIV,,0,,IMPERIAL/RIVERSIDE COUNTY LINE,-116.05975048873175,33.42617008408129,18000.0,1600,20500,Ahead,State,True,40.01847006310605,804
13400,8,62,,SBD,,15.145,,YUCCA MESA ROAD,-116.36973945970253,34.1348724985713,17900.0,1800,20300,Ahead,State,True,39.872248730183166,812
13422,8,66,,SBD,,22.415,,"SAN BERNARDINO, MOUNT VERNON AVENUE",-117.31383740653172,34.10829685839188,17800.0,1500,18600,Back,State,True,39.76065876558412,813
13424,8,66,,SBD,,23.054,,"SAN BERNARDINO, JCT. RTE. 215",-117.3026256448617,34.10840944450806,17800.0,1500,18600,Back,State,True,39.76065876558412,813
50,8,66,,SBD,,23.05,,EB END H ST,-117.30269796283535,34.10840994433177,17800.0,1500,18600,Ahead,State,True,39.76065876558412,813
13244,8,40,,SBD,R,12.191,,AIRPORT ROAD,-116.80373154550642,34.84108127531342,17700.0,2400,20600,Back,Interstate,True,39.59134985377867,816
13274,8,40,,SBD,R,7.181,,A STREET,-116.8902182813996,34.854858563749254,17700.0,2400,20600,Ahead,Interstate,True,39.59134985377867,816
12900,8,18,,SBD,T,8.264,,"SAN BERNARDINO, SIERRA WAY",-117.27854779577258,34.17537722274485,17200.0,2000,18400,Back,State,True,38.956441434508235,818
12898,8,18,,SBD,T,7.548,,"SAN BERNARDINO, 40TH STREET",-117.27865650449837,34.16498975811079,17200.0,2000,18400,Ahead,State,True,38.956441434508235,818
13256,8,40,,SBD,R,153.315,,PARK MOABI ROAD,-114.51094023033609,34.717374756041075,17100.0,1900,19200,Back,Interstate,True,38.85639525935047,820
13256,8,40,,SBD,R,153.315,,PARK MOABI ROAD,-114.51094023033609,34.717374756041075,17100.0,1900,19200,Ahead,Interstate,True,38.85639525935047,820
13284,8,40,,SBD,,148.198,,FIVE MILE ROAD,-114.57460541645487,34.76272157671856,17100.0,1900,19200,Ahead,Interstate,True,38.85639525935047,820
13258,8,40,,SBD,R,154.643,,ARIZONA STATE LINE,-114.48782868552335,34.717148237046985,17000.0,1900,19100,Back,Interstate,True,38.71017392642758,823
13294,8,58,,SBD,R,33.652,,WEST MAIN STREET,-117.0898674267705,34.88354329329555,17000.0,1850,18600,Back,State,True,38.71017392642758,823
13296,8,58,,SBD,R,34.812,,JCT. RTE. 15,-117.07661058747412,34.870689903778505,17000.0,1850,18600,Back,State,True,38.71017392642758,823
13286,8,58,,SBD,M,30.387,,LENWOOD ROAD,-117.1198501717167,34.91476291650213,17000.0,1850,18600,Ahead,State,True,38.71017392642758,823
13294,8,58,,SBD,R,33.652,,WEST MAIN STREET,-117.0898674267705,34.88354329329555,17000.0,1850,18600,Ahead,State,True,38.71017392642758,823
13456,8,74,,RIV,,11.825,,"ELSINORE, GRAND AVENUE",-117.37575803652095,33.65827975870557,17000.0,1450,17700,Ahead,State,True,38.71017392642758,823
13252,8,40,,SBD,R,142.37,,"NEEDLES, J STREET",-114.6115294085672,34.839617750922336,16800.0,1850,18800,Back,Interstate,True,38.410035400954285,829
13250,8,40,,SBD,R,141.017,,RIVER ROAD,-114.62653401996182,34.853860980154096,16800.0,1850,18800,Ahead,Interstate,True,38.410035400954285,829
12612,8,111,,RIV,,54.955,,"PALM SPRINGS, TRAMWAY DRIVE",-116.55742922410145,33.85834239838584,16700.0,1700,19400,Back,State,True,38.29844543635524,831
12604,8,111,,RIV,T,53.944,,VISTA CHINO @ PALM CNYN,-116.54676490654542,33.8448989137994,16700.0,1700,19400,Ahead,State,True,38.29844543635524,831
13260,8,40,,SBD,R,18.446,,WEST NEWBERRY ROAD,-116.69449128117046,34.82983145325731,16600.0,2250,19300,Back,Interstate,True,38.209943050638756,833
13244,8,40,,SBD,R,12.191,,AIRPORT ROAD,-116.80373154550642,34.84108127531342,16600.0,2250,19300,Ahead,Interstate,True,38.209943050638756,833
12930,8,18,,SBD,,49.117,,BIG BEAR BL AT PINE KNOT,-116.91131021043437,34.243632903059,16500.0,3300,23100,Back,State,True,38.07911343697091,835
13250,8,40,,SBD,R,141.017,,RIVER ROAD,-114.62653401996182,34.853860980154096,16500.0,1850,18500,Back,Interstate,True,38.07911343697091,835
13284,8,40,,SBD,,148.198,,FIVE MILE ROAD,-114.57460541645487,34.76272157671856,16500.0,1850,18500,Back,Interstate,True,38.07911343697091,835
13192,8,38,,SBD,,0.571,,ORANGE STREET/LUGONIA AVENUE,-117.18246243979604,34.07003870199858,16500.0,2300,18500,Ahead,State,True,38.07911343697091,835
13202,8,38,,SBD,,3.071,,"REDLANDS, WABASH AVENUE",-117.13888375411007,34.070142655105805,16500.0,2950,21100,Ahead,State,True,38.07911343697091,835
13248,8,40,,SBD,R,139.117,,PARK ROAD,-114.65260764713453,34.87141569137603,16500.0,1850,18500,Ahead,Interstate,True,38.07911343697091,835
13254,8,40,,SBD,R,143.764,,JCT. RTE. 95 SOUTH,-114.59697566430863,34.82397021400594,16500.0,1850,18500,Ahead,Interstate,True,38.07911343697091,835
12936,8,18,,SBD,,53.917,,JCT. RTE. 38 EAST,-116.84559671095761,34.2611714657678,16400.0,3300,23000,Back,State,True,37.944435893489306,842
13268,8,40,,SBD,R,32.496,,HECTOR ROAD,-116.4529808771216,34.787899337584776,16400.0,1650,18800,Back,Interstate,True,37.944435893489306,842
13266,8,40,,SBD,R,28.481,,E/O DESERT OASIS ROADSIDE REST,-116.52185433086598,34.80036900093423,16400.0,1650,18800,Ahead,Interstate,True,37.944435893489306,842
12634,8,138,,SBD,,0,,LOS ANGELES/SAN BERNARDINO COUNTY LINE,-117.65984018489087,34.45170778860792,16200.0,1350,16700,Ahead,State,True,37.74819147298753,845
13478,8,74,,RIV,,43.338,,HEMET STREET,-116.92386786758891,33.74770867211881,16200.0,1550,17200,Ahead,State,True,37.74819147298753,845
12886,8,18,,SBD,R,13.285,,WATERMAN CANYON ROAD,-117.29147489586751,34.21711679653707,16000.0,1900,17100,Back,State,True,37.46729259658304,847
12888,8,18,,SBD,R,17.732,,JCT. RTE. 138 NORTH,-117.29024235878867,34.2280783926916,16000.0,1900,17100,Back,State,True,37.46729259658304,847
12952,8,18,,SBD,,9.15,,WATERMAN CANYON ROAD,-117.273892275016,34.18255738014414,16000.0,1900,17100,Back,State,True,37.46729259658304,847
13150,8,247,,SBD,,78.096,,"BARSTOW, JCT. RTE. 15",-117.02288939941097,34.88598812497198,16000.0,1600,16700,Back,State,True,37.46729259658304,847
13266,8,40,,SBD,R,28.481,,E/O DESERT OASIS ROADSIDE REST,-116.52185433086598,34.80036900093423,16000.0,1650,18300,Back,Interstate,True,37.46729259658304,847
13272,8,40,,SBD,R,49.984,,CRUCERO ROAD,-116.16338004738128,34.72530137295823,16000.0,1650,18300,Back,Interstate,True,37.46729259658304,847
12886,8,18,,SBD,R,13.285,,WATERMAN CANYON ROAD,-117.29147489586751,34.21711679653707,16000.0,1900,17100,Ahead,State,True,37.46729259658304,847
12900,8,18,,SBD,T,8.264,,"SAN BERNARDINO, SIERRA WAY",-117.27854779577258,34.17537722274485,16000.0,1900,17100,Ahead,State,True,37.46729259658304,847
12952,8,18,,SBD,,9.15,,WATERMAN CANYON ROAD,-117.273892275016,34.18255738014414,16000.0,1900,17100,Ahead,State,True,37.46729259658304,847
13264,8,40,,SBD,R,23.334,,FORT CADY ROAD,-116.6101973544454,34.81619605657316,16000.0,2150,18600,Ahead,Interstate,True,37.46729259658304,847
13268,8,40,,SBD,R,32.496,,HECTOR ROAD,-116.4529808771216,34.787899337584776,16000.0,1650,18300,Ahead,Interstate,True,37.46729259658304,847
50,8,66,,SBD,,23.05,,EB END H ST,-117.30269796283535,34.10840994433177,15800.0,1350,16500,Back,State,True,37.10558719408958,858
13422,8,66,,SBD,,22.415,,"SAN BERNARDINO, MOUNT VERNON AVENUE",-117.31383740653172,34.10829685839188,15800.0,1350,16500,Ahead,State,True,37.10558719408958,858
152,8,247,,SBD,,77.97,,ARMORY ROAD,-117.02285077544701,34.884168787808065,15600.0,1550,16300,Ahead,State,True,36.836232107126364,860
13192,8,38,,SBD,,0.571,,ORANGE STREET/LUGONIA AVENUE,-117.18246243979604,34.07003870199858,15500.0,1550,16300,Back,State,True,36.68616284438972,861
13190,8,38,,SBD,,0.071,,"REDLANDS, COLTON AVENUE",-117.18253392323477,34.06285091925952,15500.0,1550,16300,Ahead,State,True,36.68616284438972,861
13286,8,58,,SBD,M,30.387,,LENWOOD ROAD,-117.1198501717167,34.91476291650213,15200.0,1600,17500,Back,State,True,36.266738494689854,863
13290,8,58,,SBD,R,18.303,,HARPER LAKE ROAD,-117.32990401344173,34.92433442465099,15200.0,1600,17500,Back,State,True,36.266738494689854,863
13292,8,58,,SBD,R,20.635,,IRON WASH BRIDGE,-117.2890431635799,34.922952966432106,15200.0,1600,17500,Back,State,True,36.266738494689854,863
13288,8,58,,SBD,R,0,,KERN/SAN BERNARDINO COUNTY LINE,-117.63253442847446,35.01002141248558,15200.0,1750,17100,Ahead,State,True,36.266738494689854,863
13290,8,58,,SBD,R,18.303,,HARPER LAKE ROAD,-117.32990401344173,34.92433442465099,15200.0,1600,17500,Ahead,State,True,36.266738494689854,863
13292,8,58,,SBD,R,20.635,,IRON WASH BRIDGE,-117.2890431635799,34.922952966432106,15200.0,1600,17500,Ahead,State,True,36.266738494689854,863
13264,8,40,,SBD,R,23.334,,FORT CADY ROAD,-116.6101973544454,34.81619605657316,15000.0,2000,17500,Back,Interstate,True,36.02816684623672,869
13402,8,62,,SBD,,18.267,,"JOSHUA TREE, PARK BOULEVARD",-116.3151893476177,34.134871015927416,15000.0,1500,17000,Back,State,True,36.02816684623672,869
13404,8,62,,SBD,,22.165,,SUNFAIR ROAD,-116.24719301610324,34.13514412533045,15000.0,1500,17000,Back,State,True,36.02816684623672,869
13260,8,40,,SBD,R,18.446,,WEST NEWBERRY ROAD,-116.69449128117046,34.82983145325731,15000.0,2000,17500,Ahead,Interstate,True,36.02816684623672,869
13402,8,62,,SBD,,18.267,,"JOSHUA TREE, PARK BOULEVARD",-116.3151893476177,34.134871015927416,15000.0,1500,17000,Ahead,State,True,36.02816684623672,869
13238,8,40,,SBD,R,107.17,,GOFFS ROAD,-115.19047740986272,34.81189417762135,14900.0,1500,17100,Back,Interstate,True,35.801138987224874,874
13240,8,40,,SBD,R,115.199,,MOUNTAIN SPRINGS ROAD,-115.05097232958133,34.83007122580397,14900.0,1500,17100,Back,Interstate,True,35.801138987224874,874
13278,8,40,,SBD,R,99.728,,ESSEX ROAD,-115.3204309992738,34.80076510198192,14900.0,1500,17100,Back,Interstate,True,35.801138987224874,874
13238,8,40,,SBD,R,107.17,,GOFFS ROAD,-115.19047740986272,34.81189417762135,14900.0,1500,17100,Ahead,Interstate,True,35.801138987224874,874
13276,8,40,,SBD,R,78.172,,KELBAKER ROAD,-115.67863543603367,34.720721250934076,14900.0,1500,17100,Ahead,Interstate,True,35.801138987224874,874
13278,8,40,,SBD,R,99.728,,ESSEX ROAD,-115.3204309992738,34.80076510198192,14900.0,1500,17100,Ahead,Interstate,True,35.801138987224874,874
12652,8,142,,SBD,,0,,ORANGE/SAN BERNARDINO COUNTY LINE,-117.78190255782458,33.94538227027347,14800.0,1650,16600,Ahead,State,True,35.597198707095586,880
13242,8,40,,SBD,R,119.975,,WATER ROAD,-114.97013449484211,34.84504267876497,14600.0,1500,16700,Back,Interstate,True,35.34708326920117,881
13246,8,40,,SBD,R,132.739,,JCT. RTE. 95 NORTH,-114.75537009168472,34.87789801389172,14600.0,1500,16700,Back,Interstate,True,35.34708326920117,881
13240,8,40,,SBD,R,115.199,,MOUNTAIN SPRINGS ROAD,-115.05097232958133,34.83007122580397,14600.0,1500,16700,Ahead,Interstate,True,35.34708326920117,881
13242,8,40,,SBD,R,119.975,,WATER ROAD,-114.97013449484211,34.84504267876497,14600.0,1500,16700,Ahead,Interstate,True,35.34708326920117,881
13276,8,40,,SBD,R,78.172,,KELBAKER ROAD,-115.67863543603367,34.720721250934076,14500.0,1500,16600,Back,Interstate,True,35.21240572571956,885
13272,8,40,,SBD,R,49.984,,CRUCERO ROAD,-116.16338004738128,34.72530137295823,14500.0,1500,16600,Ahead,Interstate,True,35.21240572571956,885
12586,8,111,,RIV,R,63.378,,JCT. RTE. 10,-116.6783752776996,33.922563940646036,14000.0,2550,17300,Back,State,True,34.54286593812529,887
13516,8,79,,RIV,,26.4,,MENLO AVENUE MAIN STREET,-116.95869385872824,33.75850372417536,14000.0,1150,15000,Back,State,True,34.54286593812529,887
12612,8,111,,RIV,,54.955,,"PALM SPRINGS, TRAMWAY DRIVE",-116.55742922410145,33.85834239838584,14000.0,1400,16200,Ahead,State,True,34.54286593812529,887
13508,8,79,,RIV,R,19.16,,JCT. RTE. 74,-117.07644375685112,33.73909355403353,14000.0,1150,15000,Ahead,State,True,34.54286593812529,887
12600,8,111,,RIV,T,53.627,,"PALM SPRINGS, VIA MIRALESTE",-116.54127131332429,33.84487712038454,13900.0,1400,16100,Back,State,True,34.392796675388645,891
12602,8,111,,RIV,T,53.877,,"PALM SPRINGS, INDIAN CANYON",-116.54561748753468,33.8448939813704,13900.0,1400,16100,Back,State,True,34.392796675388645,891
12598,8,111,,RIV,T,53.376,,"PALM SPRINGS, AVENIDA CABALLEROS",-116.53688587734608,33.84488092770424,13900.0,1400,16100,Ahead,State,True,34.392796675388645,891
12600,8,111,,RIV,T,53.627,,"PALM SPRINGS, VIA MIRALESTE",-116.54127131332429,33.84487712038454,13900.0,1400,16100,Ahead,State,True,34.392796675388645,891
12950,8,18,,SBD,,88.871,,"APPLE VALLEY, YUCCA LOMA-NAVAJO ROAD",-117.19025874028047,34.500644525716105,13700.0,1400,14500,Back,State,True,34.16576881637679,895
13206,8,38,,SBD,,4.07,,"MENTONE, CRAFTON AVENUE",-117.12165201431024,34.06983178136631,13700.0,2450,17500,Back,State,True,34.16576881637679,895
13216,8,38,,SBD,,8.53,,BRYANT STREET,-117.0488145763897,34.07835696565719,13400.0,2400,17100,Back,State,True,33.68092965984301,897
13206,8,38,,SBD,,4.07,,"MENTONE, CRAFTON AVENUE",-117.12165201431024,34.06983178136631,13400.0,2400,17100,Ahead,State,True,33.68092965984301,897
13406,8,62,,SBD,,31.196,,"TWENTYNINE PALMS, NATIONAL PARK DRIVE/HATCH ROAD",-116.08951597702482,34.13540079921246,13200.0,1300,15000,Ahead,State,True,33.33461597660459,899
13210,8,38,,SBD,,49.53,,JCT. RTE. 18,-116.84683796618624,34.27034032091269,13100.0,4950,20800,Back,State,True,33.21917808219178,900
13208,8,38,,SBD,,48.16,,"BIG BEAR CITY, BIG BEAR BOULEVARD",-116.82192973690638,34.26264196370907,13100.0,4950,20800,Ahead,State,True,33.21917808219178,900
28,8,40,,SBD,S,0.794,,"BARSTOW, JCT. RTE. 15",-116.9938120439817,34.88550502165955,13000.0,1750,15100,Back,Interstate,True,33.09219639833769,902
13508,8,79,,RIV,R,19.16,,JCT. RTE. 74,-117.07644375685112,33.73909355403353,13000.0,1300,14200,Back,State,True,33.09219639833769,902
26,8,40,,SBD,S,0,,ADA DR,-117.00308079730286,34.89348754087594,13000.0,1750,15100,Ahead,Interstate,True,33.09219639833769,902
13480,8,74,,RIV,,44.74,,MOUNTAIN STREET,-116.89949373705109,33.74776988920761,13000.0,1250,13800,Ahead,State,True,33.09219639833769,902
13506,8,79,,RIV,R,16.67,,SIMPSON AVENUE,-117.0849290247343,33.70719314234561,13000.0,1300,14200,Ahead,State,True,33.09219639833769,902
13480,8,74,,RIV,,44.74,,MOUNTAIN STREET,-116.89949373705109,33.74776988920761,12800.0,1250,13600,Back,State,True,32.7920578728644,907
13406,8,62,,SBD,,31.196,,"TWENTYNINE PALMS, NATIONAL PARK DRIVE/HATCH ROAD",-116.08951597702482,34.13540079921246,12600.0,1250,14300,Back,State,True,32.58042173310759,908
13404,8,62,,SBD,,22.165,,SUNFAIR ROAD,-116.24719301610324,34.13514412533045,12600.0,1250,14300,Ahead,State,True,32.58042173310759,908
81,8,111,,RIV,T,48.429,,GENE AUTRY BR (END),-116.4945934911121,33.80253037519957,12500.0,1250,14500,Back,State,True,32.3957211020471,910
12588,8,111,,RIV,T,48.318,,GENE AUTRY TR N/O PALM CYN,-116.49509685130177,33.800920680657775,12500.0,1250,14500,Back,State,True,32.3957211020471,910
12590,8,111,,RIV,T,49.37,,"PALM SPRINGS, RAMON ROAD",-116.49283835911672,33.81589552728731,12500.0,1250,14500,Back,State,True,32.3957211020471,910
79,8,111,,RIV,,47.795,,EAST PALM CANYON/GENE AUTRY TRAIL,-116.49516581766106,33.79338886903775,12500.0,1250,14500,Ahead,State,True,32.3957211020471,910
81,8,111,,RIV,T,48.429,,GENE AUTRY BR (END),-116.4945934911121,33.80253037519957,12500.0,1250,14500,Ahead,State,True,32.3957211020471,910
12588,8,111,,RIV,T,48.318,,GENE AUTRY TR N/O PALM CYN,-116.49509685130177,33.800920680657775,12500.0,1250,14500,Ahead,State,True,32.3957211020471,910
150,8,247,,SBD,,77.47,,RIMROCK ROAD,-117.0228950507124,34.876900700901544,12100.0,1200,12600,Back,State,True,31.857010928120673,916
152,8,247,,SBD,,77.97,,ARMORY ROAD,-117.02285077544701,34.884168787808065,12100.0,1200,12600,Back,State,True,31.857010928120673,916
150,8,247,,SBD,,77.47,,RIMROCK ROAD,-117.0228950507124,34.876900700901544,12100.0,1200,12600,Ahead,State,True,31.857010928120673,916
13148,8,247,,SBD,,76.422,,BARSTOW CITY LIMITS,-117.01751352501793,34.86228989153989,12100.0,1200,12600,Ahead,State,True,31.857010928120673,916
12910,8,18,,SBD,,24.712,,JCT. RTE. 173 NORTH,-117.19645031998577,34.23392168642535,12000.0,1300,13500,Back,State,True,31.660766507618902,920
12928,8,18,,SBD,,49.106,,PINE KNOT AVENUE,-116.91149397519878,34.24368495371106,12000.0,2400,16800,Back,State,True,31.660766507618902,920
12948,8,18,,SBD,,84.325,,BEAR VALLEY CUTOFF,-117.12527379246542,34.47379159699487,12000.0,1250,12700,Back,State,True,31.660766507618902,920
13172,8,330,,SBD,,44.118,,"RUNNING SPRINGS, JCT. RTE. 18",-117.10417105759608,34.20487782658602,12000.0,1850,15600,Back,State,True,31.660766507618902,920
12908,8,18,,SBD,,23.382,,DALEY CANYON ROAD,-117.21593357565418,34.230737708577536,12000.0,1300,13500,Ahead,State,True,31.660766507618902,920
12926,8,18,,SBD,,48.362,,LAKEVIEW DRIVE,-116.91956518710963,34.241573670327206,12000.0,2400,16800,Ahead,State,True,31.660766507618902,920
12964,8,210,U,SBD,,15.767,,SIERRA AVENUE,-117.43608288935799,34.133510993742945,12000.0,1150,12300,Ahead,Interstate,True,31.660766507618902,920
13516,8,79,,RIV,,26.4,,MENLO AVENUE MAIN STREET,-116.95869385872824,33.75850372417536,12000.0,1000,12800,Ahead,State,True,31.660766507618902,920
13136,8,247,,SBD,,0,,"YUCCA VALLEY, JCT. RTE. 62",-116.41407387827408,34.123456968682056,11700.0,1100,12100,Ahead,State,True,31.06818531629983,928
12626,8,138,,SBD,R,15.203,,JCT. RTE. 15,-117.47487700231365,34.31183868345338,11600.0,1400,12700,Ahead,State,True,30.941203632445745,929
12924,8,18,,SBD,,48.07,,"BIG BEAR LAKE, MILL CREEK ROAD",-116.9228323732727,34.238580558815634,11500.0,2300,16100,Back,State,True,30.77959058026782,930
12916,8,18,,SBD,,31.903,,JCT. RTE. 330 SOUTH,-117.10425015605345,34.2048087847601,11400.0,2500,18000,Ahead,State,True,30.61412959827613,931
12938,8,18,,SBD,,54.537,,JCT. RTE. 38 WEST,-116.84682115421572,34.27034912751323,11200.0,3050,12800,Back,State,True,30.425581037401876,932
12936,8,18,,SBD,,53.917,,JCT. RTE. 38 EAST,-116.84559671095761,34.2611714657678,11200.0,3050,12800,Ahead,State,True,30.425581037401876,932
12604,8,111,,RIV,T,53.944,,VISTA CHINO @ PALM CNYN,-116.54676490654542,33.8448989137994,11000.0,1100,12800,Back,State,True,30.125442511928586,934
13170,8,330,,SBD,R,29.605,,"SAN BERNARDINO, HIGHLAND AVENUE",-117.19181302245305,34.135748448797735,11000.0,1700,14300,Back,State,True,30.125442511928586,934
12602,8,111,,RIV,T,53.877,,"PALM SPRINGS, INDIAN CANYON",-116.54561748753468,33.8448939813704,11000.0,1100,12800,Ahead,State,True,30.125442511928586,934
13168,8,330,,SBD,R,28.696,,JCT. RTE. 210,-117.20474263783079,34.129729730173985,11000.0,1700,14300,Ahead,State,True,30.125442511928586,934
13170,8,330,,SBD,R,29.605,,"SAN BERNARDINO, HIGHLAND AVENUE",-117.19181302245305,34.135748448797735,11000.0,1700,14300,Ahead,State,True,30.125442511928586,934
12926,8,18,,SBD,,48.362,,LAKEVIEW DRIVE,-116.91956518710963,34.241573670327206,10800.0,2150,15100,Back,State,True,29.759889179621364,939
12924,8,18,,SBD,,48.07,,"BIG BEAR LAKE, MILL CREEK ROAD",-116.9228323732727,34.238580558815634,10800.0,2150,15100,Ahead,State,True,29.759889179621364,939
12906,8,18,,SBD,,20.612,,JCT. RTE. 189 NORTH,-117.25118981849208,34.228352660738004,10500.0,1150,11800,Ahead,State,True,29.298137601970144,941
12908,8,18,,SBD,,23.382,,DALEY CANYON ROAD,-117.21593357565418,34.230737708577536,10400.0,1150,11700,Back,State,True,29.11343697090965,942
12584,8,111,,RIV,R,19.318,,JCT RTE 86/BREAK IN RTE AHEAD,-116.09083592107912,33.569381352200004,10000.0,980,10600,Ahead,State,True,28.532399569031863,943
13228,8,395,,SBD,,17.777,,"ADELANTO, EL MIRAGE ROAD",-117.41949305691412,34.600863278497776,9900.0,980,10700,Ahead,US,True,28.33230721871633,944
13408,8,62,,SBD,,33.208,,"TWENTYNINE PALMS, ADOBE ROAD",-116.05438875292296,34.13562471763421,9600.0,950,10900,Back,State,True,27.797444974603664,945
12946,8,18,,SBD,,73.783,,"LUCERNE VALLEY, JCT. RTE. 247",-116.94999061913295,34.44387772415918,9500.0,980,10100,Ahead,State,True,27.60889641372941,946
13456,8,74,,RIV,,11.825,,"ELSINORE, GRAND AVENUE",-117.37575803652095,33.65827975870557,9300.0,800,9700,Back,State,True,27.32414960751116,947
13454,8,74,,RIV,,0,,ORANGE/RIVERSIDE COUNTY LINE,-117.45777306043938,33.6022002673516,9300.0,800,9700,Ahead,State,True,27.32414960751116,947
12902,8,18,,SBD,,100.956,,JCT. RTE. 395,-117.39955824959343,34.506684994302255,9100.0,860,9800,Ahead,State,True,26.96629213483146,949
13522,8,79,,RIV,,5.802,,SAGE ROAD,-116.91453763536633,33.46391872224846,9100.0,1350,10800,Ahead,State,True,26.96629213483146,949
12906,8,18,,SBD,,20.612,,JCT. RTE. 189 NORTH,-117.25118981849208,34.228352660738004,9000.0,990,10100,Back,State,True,26.78928736339849,951
13522,8,79,,RIV,,5.802,,SAGE ROAD,-116.91453763536633,33.46391872224846,9000.0,1350,10700,Back,State,True,26.78928736339849,951
12888,8,18,,SBD,R,17.732,,JCT. RTE. 138 NORTH,-117.29024235878867,34.2280783926916,9000.0,990,10100,Ahead,State,True,26.78928736339849,951
12854,8,173,,SBD,,21.462,,"LAKE ARROWHEAD, JCT. RTE. 189 AT ARROWHEAD VILLAGE ROAD",-117.18959408308996,34.24856778149147,8700.0,1500,10600,Back,State,True,26.300600277050947,954
12852,8,173,,SBD,,20.97,,"LAKE ARROWHEAD, KUFFEL CANYON ROAD",-117.18422454541296,34.24694650412566,8700.0,1500,10600,Ahead,State,True,26.300600277050947,954
13514,8,79,,RIV,,2.27,,JCT. RTE. 371 EAST,-116.86174855541167,33.441602937695805,8400.0,1250,10000,Ahead,State,True,25.73880252424196,956
12918,8,18,,SBD,,34.52,,GREEN VALLEY LAKE ROAD,-117.07164208109616,34.21926616418473,8350.0,1850,13200,Back,State,True,25.665691857780516,957
13408,8,62,,SBD,,33.208,,"TWENTYNINE PALMS, ADOBE ROAD",-116.05438875292296,34.13562471763421,8300.0,820,9400,Ahead,State,True,25.573341542250272,958
12582,8,111,,RIV,R,18.511,,LINCOLN ST -RT,-116.07883041700721,33.56945254343632,8000.0,780,8400,Back,State,True,24.930737263352317,959
12584,8,111,,RIV,R,19.318,,JCT RTE 86/BREAK IN RTE AHEAD,-116.09083592107912,33.569381352200004,8000.0,780,8400,Back,State,True,24.930737263352317,959
12582,8,111,,RIV,R,18.511,,LINCOLN ST -RT,-116.07883041700721,33.56945254343632,8000.0,780,8400,Ahead,State,True,24.930737263352317,959
12608,8,111,,RIV,,18.428,,"MECCA,",-116.07902969926987,33.57038397610176,8000.0,780,8400,Ahead,State,True,24.930737263352317,959
13208,8,38,,SBD,,48.16,,"BIG BEAR CITY, BIG BEAR BOULEVARD",-116.82192973690638,34.26264196370907,7850.0,2950,12500,Back,State,True,24.545944281976297,963
12632,8,138,,SBD,R,37.848,,JCT. RTE. 18,-117.29027912413828,34.228159782664996,7800.0,900,8100,Back,State,True,24.43820224719101,964
13230,8,395,,SBD,,45.948,,TWENTY MULE TEAM RD,-117.54159950748387,34.992364775826296,7800.0,770,8400,Back,US,True,24.43820224719101,964
12922,8,18,,SBD,,46.55,,"BIG BEAR LAKE, BLUE JAY ROAD",-116.9466245185756,34.238571800131304,7700.0,1550,10800,Ahead,State,True,24.22271817762044,966
12882,8,189,,SBD,,3.09,,DALEY CANYON ROAD,-117.21794844922573,34.236748117353365,7600.0,990,8300,Ahead,State,True,23.972602739726025,967
13166,8,2,,SBD,,6.358,,JCT. RTE. 138,-117.57627110248035,34.39081193162172,7500.0,1150,9400,Back,State,True,23.691703863321536,968
13164,8,2,,SBD,,1.73,,"WRIGHTWOOD, LONE PINE ROAD",-117.62456978909567,34.35811789343101,7500.0,1150,9400,Ahead,State,True,23.691703863321536,968
12946,8,18,,SBD,,73.783,,"LUCERNE VALLEY, JCT. RTE. 247",-116.94999061913295,34.44387772415918,7300.0,2000,8300,Back,State,True,23.19916884716023,970
13126,8,243,,RIV,,29.659,,"BANNING, JCT. RTE. 10",-116.88543702165607,33.92426032584748,7300.0,670,8200,Back,State,True,23.19916884716023,970
13164,8,2,,SBD,,1.73,,"WRIGHTWOOD, LONE PINE ROAD",-117.62456978909567,34.35811789343101,7300.0,1100,9200,Back,State,True,23.19916884716023,970
13124,8,243,,RIV,,29.48,,LINCOLN/8TH ST,-116.88545294249782,33.921685529723646,7300.0,670,8200,Ahead,State,True,23.19916884716023,970
13176,8,371,,RIV,,60.23,,WILSON VALLEY ROAD,-116.83526895979914,33.48438061028905,7200.0,740,7500,Ahead,State,True,22.937509619824535,974
12644,8,138,,SBD,,36.71,,"CRESTLINE, CREST FOREST DRIVE",-117.29140010123862,34.23799606131146,7100.0,820,7400,Ahead,State,True,22.741265199322765,975
12920,8,18,,SBD,,44.319,,JCT. RTE. 38 NORTHEAST,-116.97813762535505,34.24200138139501,7000.0,1550,11100,Back,State,True,22.506541480683392,976
13178,8,371,,RIV,,67.657,,CARY ROAD,-116.73570187481683,33.54338539106764,7000.0,710,7300,Back,State,True,22.506541480683392,976
12918,8,18,,SBD,,34.52,,GREEN VALLEY LAKE ROAD,-117.07164208109616,34.21926616418473,7000.0,1550,11100,Ahead,State,True,22.506541480683392,976
13178,8,371,,RIV,,67.657,,CARY ROAD,-116.73570187481683,33.54338539106764,7000.0,710,7300,Ahead,State,True,22.506541480683392,976
12852,8,173,,SBD,,20.97,,"LAKE ARROWHEAD, KUFFEL CANYON ROAD",-117.18422454541296,34.24694650412566,6900.0,1200,8400,Back,State,True,22.24103432353394,980
12616,8,127,,SBD,L,0.17,,"BAKER, JCT HIGHWAY (MILEPOST EQUATION)",-116.0750180468915,35.26537065801699,6800.0,680,7900,Back,State,True,22.02555025396337,981
13176,8,371,,RIV,,60.23,,WILSON VALLEY ROAD,-116.83526895979914,33.48438061028905,6800.0,700,7100,Back,State,True,22.02555025396337,981
13180,8,371,,RIV,,71.31,,"ANZA, CONTRERAS ROAD",-116.67467955651844,33.55512988886587,6800.0,690,7100,Back,State,True,22.02555025396337,981
12618,8,127,,SBD,L,0,,JCT. RTE. 15,-116.07320556644837,35.263438820976006,6800.0,680,7900,Ahead,State,True,22.02555025396337,981
13180,8,371,,RIV,,71.31,,"ANZA, CONTRERAS ROAD",-116.67467955651844,33.55512988886587,6800.0,690,7100,Ahead,State,True,22.02555025396337,981
12904,8,18,,SBD,,115.91,,SAN BERNARDINO/LOS ANGELES COUNTY LINE,-117.66004631231598,34.498964489325246,6600.0,630,7100,Back,State,True,21.61382176389103,986
12882,8,189,,SBD,,3.09,,DALEY CANYON ROAD,-117.21794844922573,34.236748117353365,6400.0,840,7000,Back,State,True,21.10589502847468,987
12880,8,189,,SBD,,2.81,,GRASS VALLEY ROAD,-117.21967644850625,34.240018522799744,6400.0,840,7000,Ahead,State,True,21.10589502847468,987
62,8,95,,RIV,L,0,,BEGIN RTE,-114.57068932775475,33.60515934749636,6200.0,550,6600,Ahead,US,True,20.49407418808681,989
13174,8,371,,RIV,R,56.467,,JCT RTE 79,-116.86174527206931,33.44160880029634,6100.0,590,6300,Ahead,State,True,20.28628597814376,990
12608,8,111,,RIV,,18.428,,"MECCA,",-116.07902969926987,33.57038397610176,6000.0,590,6300,Back,State,True,20.055410189318145,991
12938,8,18,,SBD,,54.537,,JCT. RTE. 38 WEST,-116.84682115421572,34.27034912751323,5800.0,1600,6600,Ahead,State,True,19.54363552408804,992
12948,8,18,,SBD,,84.325,,BEAR VALLEY CUTOFF,-117.12527379246542,34.47379159699487,5800.0,600,6200,Ahead,State,True,19.54363552408804,992
12628,8,138,,SBD,R,23.959,,JCT. RTE. 173 EAST,-117.3463230626754,34.312367690997654,5700.0,680,6300,Back,State,True,19.270432507311067,994
13212,8,38,,SBD,,51.9,,STANFIELD CUTOFF,-116.885544611081,34.262415890782805,5700.0,1050,6400,Back,State,True,19.270432507311067,994
12642,8,138,,SBD,,36.27,,"CRESTLINE, KNAPPS CUTOFF",-117.29448910926004,34.2432855181746,5600.0,670,6100,Back,State,True,19.024164999230415,996
12922,8,18,,SBD,,46.55,,"BIG BEAR LAKE, BLUE JAY ROAD",-116.9466245185756,34.238571800131304,5600.0,1100,7800,Back,State,True,19.024164999230415,996
12640,8,138,,SBD,,35.74,,WATERS DRIVE,-117.30050151728696,34.24701261244714,5600.0,670,6100,Ahead,State,True,19.024164999230415,996
12916,8,18,,SBD,,31.903,,JCT. RTE. 330 SOUTH,-117.10425015605345,34.2048087847601,5500.0,670,6300,Back,State,True,18.716330614129596,999
12920,8,18,,SBD,,44.319,,JCT. RTE. 38 NORTHEAST,-116.97813762535505,34.24200138139501,5500.0,1100,7700,Ahead,State,True,18.716330614129596,999
12912,8,18,,SBD,,25.81,,KUFFEL CANYON ROAD,-117.17942786069767,34.23537701036579,5400.0,720,6100,Ahead,State,True,18.3969524395875,1001
12912,8,18,,SBD,,25.81,,KUFFEL CANYON ROAD,-117.17942786069767,34.23537701036579,5200.0,690,5800,Back,State,True,17.954440511005078,1002
13232,8,395,,SBD,,72.77,,TRONA ROAD,-117.61963710573458,35.366685331072645,5200.0,610,6100,Back,US,True,17.954440511005078,1002
13234,8,395,,SBD,,73.518,,SAN BERNARDINO/KERN COUNTY LINE,-117.6316354268775,35.371546549495,5200.0,610,6100,Back,US,True,17.954440511005078,1002
12910,8,18,,SBD,,24.712,,JCT. RTE. 173 NORTH,-117.19645031998577,34.23392168642535,5200.0,690,5800,Ahead,State,True,17.954440511005078,1002
12914,8,18,,SBD,,31.651,,WEST JCT. RTE. 330,-117.10802036284305,34.20555465131467,5200.0,630,6000,Ahead,State,True,17.954440511005078,1002
13230,8,395,,SBD,,45.948,,TWENTY MULE TEAM RD,-117.54159950748387,34.992364775826296,5200.0,610,6100,Ahead,US,True,17.954440511005078,1002
13232,8,395,,SBD,,72.77,,TRONA ROAD,-117.61963710573458,35.366685331072645,5200.0,610,6100,Ahead,US,True,17.954440511005078,1002
12856,8,173,,SBD,,23.04,,JCT. RTE. 18,-117.1965929904192,34.233880722411854,5100.0,690,5500,Back,State,True,17.723564722179468,1009
13592,8,95,,RIV,L,0.157,,JCT. RTE. 10,-114.57067578205857,33.60743439558804,5100.0,460,5500,Back,US,True,17.723564722179468,1009
12944,8,18,,SBD,,65.756,,MARBLE CANYON ROAD,-116.85483295065535,34.35910226102355,5100.0,1400,5800,Ahead,State,True,17.723564722179468,1009
13216,8,38,,SBD,,8.53,,BRYANT STREET,-117.0488145763897,34.07835696565719,5100.0,1300,6600,Ahead,State,True,17.723564722179468,1009
12914,8,18,,SBD,,31.651,,WEST JCT. RTE. 330,-117.10802036284305,34.20555465131467,5000.0,660,5600,Back,State,True,17.477297214098815,1013
13132,8,243,,RIV,,4.514,,PINECREST/DAIRY ROADS,-116.71486898128242,33.74650210535535,5000.0,550,7100,Back,State,True,17.477297214098815,1013
13398,8,62,,SBD,,142.66,,ARIZONA STATE LINE,-114.29902233948077,34.159489492896945,5000.0,600,5500,Back,State,True,17.477297214098815,1013
13122,8,243,,RIV,,28.28,,"BANNING, SAN GORGONIO AVENUE",-116.87660409318151,33.91163941988411,5000.0,550,5600,Ahead,State,True,17.477297214098815,1013
13130,8,243,,RIV,,4.45,,CIRCLE DRIVE,-116.71456308875851,33.74559067675095,5000.0,550,7100,Ahead,State,True,17.477297214098815,1013
12884,8,189,,SBD,,5.565,,JCT. RTE. 173,-117.18959573599008,34.24856774510647,4650.0,520,5400,Back,State,True,16.492227181776205,1018
13186,8,38,,SBD,R,9.72,,SAN BERNARDINO NATIONAL FOREST BOUNDARY,-117.03590528719191,34.09189573645408,4650.0,1200,6000,Back,State,True,16.492227181776205,1018
13594,8,95,,RIV,,0,,HOBSON WAY,-114.57078009442935,33.610820761069604,4600.0,410,4950,Back,US,True,16.346005848853316,1020
13604,8,95,,SBD,R,57.244,,WEST JCT. RTE. 40,-114.75539758911557,34.87807927100997,4600.0,480,5200,Back,US,True,16.346005848853316,1020
12850,8,173,,SBD,,19.772,,"LAKE ARROWHEAD, HOOK CREEK ROAD",-117.17373170097326,34.25381074515296,4600.0,790,5600,Ahead,State,True,16.346005848853316,1020
13592,8,95,,RIV,L,0.157,,JCT. RTE. 10,-114.57067578205857,33.60743439558804,4600.0,410,4950,Ahead,US,True,16.346005848853316,1020
13602,8,95,,SBD,R,57.207,,EAST JCT. RTE. 40,-114.75527164082118,34.87753515356054,4600.0,480,5200,Ahead,US,True,16.346005848853316,1020
13410,8,62,,SBD,,34.223,,29 PALMS/UTAH TRAIL,-116.03668214210437,34.135867997346175,4500.0,450,5100,Back,State,True,16.095890410958905,1025
12940,8,18,,SBD,,58.16,,HOLCOMB VALLEY ROAD,-116.81378032934498,34.293717396763405,4400.0,1200,5000,Back,State,True,15.757272587348007,1026
13602,8,95,,SBD,R,57.207,,EAST JCT. RTE. 40,-114.75527164082118,34.87753515356054,4400.0,460,5000,Back,US,True,15.757272587348007,1026
13608,8,95,,SBD,,37.3,,HAVASU LAKE ROAD,-114.64519167447675,34.55790433507119,4400.0,460,5000,Ahead,US,True,15.757272587348007,1026
13210,8,38,,SBD,,49.53,,JCT. RTE. 18,-116.84683796618624,34.27034032091269,4300.0,770,4850,Ahead,State,True,15.445590272433432,1029
12644,8,138,,SBD,,36.71,,"CRESTLINE, CREST FOREST DRIVE",-117.29140010123862,34.23799606131146,4200.0,490,4350,Back,State,True,15.195474834539018,1030
12880,8,189,,SBD,,2.81,,GRASS VALLEY ROAD,-117.21967644850625,34.240018522799744,4200.0,550,4600,Back,State,True,15.195474834539018,1030
12854,8,173,,SBD,,21.462,,"LAKE ARROWHEAD, JCT. RTE. 189 AT ARROWHEAD VILLAGE ROAD",-117.18959408308996,34.24856778149147,4200.0,570,4500,Ahead,State,True,15.195474834539018,1030
12878,8,189,,SBD,,1.81,,"TWIN PEAKS, ROSE LANE",-117.23340534080631,34.23895911965727,4200.0,550,4600,Ahead,State,True,15.195474834539018,1030
13196,8,38,,SBD,,14.99,,VALLEY OF THE FALLS DRIVE,-116.95867900867827,34.09567813152681,4150.0,1050,5400,Back,State,True,15.068493150684931,1034
13186,8,38,,SBD,R,9.72,,SAN BERNARDINO NATIONAL FOREST BOUNDARY,-117.03590528719191,34.09189573645408,4150.0,1050,5400,Ahead,State,True,15.068493150684931,1034
13130,8,243,,RIV,,4.45,,CIRCLE DRIVE,-116.71456308875851,33.74559067675095,4000.0,480,5700,Back,State,True,14.618285362474989,1036
13482,8,74,,RIV,,48.288,,SAN BERNARDINO NATIONAL FOREST BOUNDARY,-116.84447741280852,33.7400436227288,4000.0,820,4450,Back,State,True,14.618285362474989,1036
13128,8,243,,RIV,,3.613,,COUNTRY CLUB DRIVE,-116.72292901725282,33.73658299237674,4000.0,480,5700,Ahead,State,True,14.618285362474989,1036
13486,8,74,,RIV,,71.745,,JCT. RTE. 371 WEST,-116.59143220482862,33.56954391465587,3900.0,660,4750,Ahead,State,True,14.375865784208097,1039
13124,8,243,,RIV,,29.48,,LINCOLN/8TH ST,-116.88545294249782,33.921685529723646,3850.0,350,4300,Back,State,True,14.24503617054025,1040
12614,8,111,,RIV,,7.67,,SALTON SEA STATE PARK ROAD,-115.91713941957511,33.509940707912925,3800.0,370,4000,Ahead,State,True,14.091118977989842,1041
13396,8,62,,SBD,,125.761,,JCT. RTE. 95,-114.57426155124558,34.18853507946282,3800.0,1250,4600,Ahead,State,True,14.091118977989842,1041
12878,8,189,,SBD,,1.81,,"TWIN PEAKS, ROSE LANE",-117.23340534080631,34.23895911965727,3700.0,480,4050,Back,State,True,13.6793904879175,1043
13182,8,371,,RIV,,77.148,,JCT. RTE. 74,-116.59144448659521,33.56955415100483,3700.0,470,3850,Back,State,True,13.6793904879175,1043
12874,8,189,,SBD,,0.03,,LAKE GREGORY DRIVE,-117.25117350059492,34.22869150498639,3700.0,480,4050,Ahead,State,True,13.6793904879175,1043
12874,8,189,,SBD,,0.03,,LAKE GREGORY DRIVE,-117.25117350059492,34.22869150498639,3600.0,470,3950,Back,State,True,13.406187471140527,1046
12876,8,189,,SBD,,0,,JCT. RTE. 18,-117.2513056589429,34.22832133390134,3600.0,470,3950,Ahead,State,True,13.406187471140527,1046
12944,8,18,,SBD,,65.756,,MARBLE CANYON ROAD,-116.85483295065535,34.35910226102355,3500.0,950,4000,Back,State,True,13.109896875480992,1048
12942,8,18,,SBD,,58.44,,BALDWIN LAKE ROAD,-116.81031397500533,34.29097523089092,3500.0,950,4000,Ahead,State,True,13.109896875480992,1048
13196,8,38,,SBD,,14.99,,VALLEY OF THE FALLS DRIVE,-116.95867900867827,34.09567813152681,3500.0,1300,5600,Ahead,State,True,13.109896875480992,1048
12858,8,177,,RIV,,0.18,,RAGSDALE ROAD,-115.40033766464403,33.71320097391704,3400.0,650,3900,Back,State,True,12.771279051870094,1051
13608,8,95,,SBD,,37.3,,HAVASU LAKE ROAD,-114.64519167447675,34.55790433507119,3400.0,390,3700,Back,US,True,12.771279051870094,1051
12862,8,177,,RIV,,0,,JCT. RTE. 10,-115.40027699332803,33.71049815916563,3400.0,650,3900,Ahead,State,True,12.771279051870094,1051
13614,8,95,,SBD,,9.684,,JCT. RTE. 62,-114.57426155124558,34.18853507946282,3400.0,390,3700,Ahead,US,True,12.771279051870094,1051
13146,8,247,,SBD,,73.181,,STODDARD WELLS ROAD,-117.02802682858824,34.819420052304714,3300.0,440,3600,Back,State,True,12.467292596583038,1055
13132,8,243,,RIV,,4.514,,PINECREST/DAIRY ROADS,-116.71486898128242,33.74650210535535,3300.0,360,4700,Ahead,State,True,12.467292596583038,1055
13144,8,247,,SBD,,56.475,,LUCERNE VALLEY CUTOFF ROAD,-116.97958430103468,34.60182413930471,3300.0,440,3600,Ahead,State,True,12.467292596583038,1055
13184,8,38,,SBD,R,54.047,,HOLCOMB VALLEY ROAD,-116.92087488767474,34.265010607640605,3200.0,840,3850,Back,State,True,12.136370632599663,1058
13612,8,95,,SBD,,80.453,,NEVADA STATE LINE,-114.84932159941684,35.175957195735954,3200.0,450,3750,Back,US,True,12.136370632599663,1058
13212,8,38,,SBD,,51.9,,STANFIELD CUTOFF,-116.885544611081,34.262415890782805,3200.0,580,3600,Ahead,State,True,12.136370632599663,1058
13610,8,95,,SBD,,63.944,,"ARROWHEAD JUNCTION, GOFFS ROAD",-114.82413427345965,34.94148038426142,3200.0,450,3750,Ahead,US,True,12.136370632599663,1058
13142,8,247,,SBD,,46.114,,RABBIT SPRING ROAD,-116.9457948525455,34.45844152273298,3100.0,410,3400,Back,State,True,11.824688317685085,1062
12642,8,138,,SBD,,36.27,,"CRESTLINE, KNAPPS CUTOFF",-117.29448910926004,34.2432855181746,3100.0,360,3200,Ahead,State,True,11.824688317685085,1062
13140,8,247,,SBD,,44.85,,JCT. RTE. 18,-116.94971900991354,34.443877988633005,3100.0,410,3400,Ahead,State,True,11.824688317685085,1062
13514,8,79,,RIV,,2.27,,JCT. RTE. 371 EAST,-116.86174855541167,33.441602937695805,3000.0,350,3100,Back,State,True,11.370632599661382,1065
13610,8,95,,SBD,,63.944,,"ARROWHEAD JUNCTION, GOFFS ROAD",-114.82413427345965,34.94148038426142,3000.0,400,3700,Back,US,True,11.370632599661382,1065
13410,8,62,,SBD,,34.223,,29 PALMS/UTAH TRAIL,-116.03668214210437,34.135867997346175,3000.0,480,3300,Ahead,State,True,11.370632599661382,1065
13482,8,74,,RIV,,48.288,,SAN BERNARDINO NATIONAL FOREST BOUNDARY,-116.84447741280852,33.7400436227288,3000.0,620,3350,Ahead,State,True,11.370632599661382,1065
13604,8,95,,SBD,R,57.244,,WEST JCT. RTE. 40,-114.75539758911557,34.87807927100997,3000.0,400,3700,Ahead,US,True,11.370632599661382,1065
13140,8,247,,SBD,,44.85,,JCT. RTE. 18,-116.94971900991354,34.443877988633005,2950.0,280,3050,Back,State,True,11.193627828228413,1070
13594,8,95,,RIV,,0,,HOBSON WAY,-114.57078009442935,33.610820761069604,2950.0,340,3300,Ahead,US,True,11.193627828228413,1070
13138,8,247,,SBD,,39.598,,CAMP ROCK ROAD,-116.85805864543208,34.44352481302759,2900.0,280,3000,Back,State,True,11.039710635678006,1072
13144,8,247,,SBD,,56.475,,LUCERNE VALLEY CUTOFF ROAD,-116.97958430103468,34.60182413930471,2900.0,390,3150,Back,State,True,11.039710635678006,1072
13148,8,247,,SBD,,76.422,,BARSTOW CITY LIMITS,-117.01751352501793,34.86228989153989,2900.0,390,3150,Back,State,True,11.039710635678006,1072
13198,8,38,,SBD,,25.38,,TWO LAKES ROAD (TO JENKS LAKE),-116.91138620700909,34.16115085616597,2900.0,1100,4600,Back,State,True,11.039710635678006,1072
13490,8,78,,RIV,,16.169,,JCT. RTE. 10,-114.65768886153795,33.60671690061052,2900.0,330,3000,Back,State,True,11.039710635678006,1072
13142,8,247,,SBD,,46.114,,RABBIT SPRING ROAD,-116.9457948525455,34.45844152273298,2900.0,390,3150,Ahead,State,True,11.039710635678006,1072
13490,8,78,,RIV,,16.169,,JCT. RTE. 10,-114.65768886153795,33.60671690061052,2900.0,330,3000,Ahead,State,True,11.039710635678006,1072
12860,8,177,,RIV,,0.26,,KAISER MINE ROAD,-115.39995118245932,33.71438490608427,2800.0,660,3450,Back,State,True,10.731876250577189,1079
13492,8,78,,RIV,,16.411,,HOBSON WAY F-OLD RTE 10,-114.65779004687325,33.610129241201115,2800.0,310,2900,Back,State,True,10.731876250577189,1079
12858,8,177,,RIV,,0.18,,RAGSDALE ROAD,-115.40033766464403,33.71320097391704,2800.0,530,3200,Ahead,State,True,10.731876250577189,1079
13146,8,247,,SBD,,73.181,,STODDARD WELLS ROAD,-117.02802682858824,34.819420052304714,2800.0,370,3050,Ahead,State,True,10.731876250577189,1079
12864,8,177,,RIV,,2.232,,OASIS ROAD,-115.37583487200132,33.73448996085234,2700.0,630,3300,Back,State,True,10.331691549946129,1083
12866,8,177,,RIV,,27.024,,JCT. RTE. 62,-115.21968765756354,34.047054025258376,2700.0,630,3300,Back,State,True,10.331691549946129,1083
12942,8,18,,SBD,,58.44,,BALDWIN LAKE ROAD,-116.81031397500533,34.29097523089092,2700.0,730,3100,Back,State,True,10.331691549946129,1083
13128,8,243,,RIV,,3.613,,COUNTRY CLUB DRIVE,-116.72292901725282,33.73658299237674,2700.0,350,3850,Back,State,True,10.331691549946129,1083
13484,8,74,,RIV,,59.25,,JCT. RTE. 243 NORTH,-116.72581581091052,33.704742362464465,2700.0,550,3000,Back,State,True,10.331691549946129,1083
12860,8,177,,RIV,,0.26,,KAISER MINE ROAD,-115.39995118245932,33.71438490608427,2700.0,630,3300,Ahead,State,True,10.331691549946129,1083
12864,8,177,,RIV,,2.232,,OASIS ROAD,-115.37583487200132,33.73448996085234,2700.0,630,3300,Ahead,State,True,10.331691549946129,1083
12940,8,18,,SBD,,58.16,,HOLCOMB VALLEY ROAD,-116.81378032934498,34.293717396763405,2700.0,730,3100,Ahead,State,True,10.331691549946129,1083
13120,8,243,,RIV,,0,,JCT. RTE. 74,-116.72495385044596,33.7043553050434,2700.0,350,3850,Ahead,State,True,10.331691549946129,1083
13484,8,74,,RIV,,59.25,,JCT. RTE. 243 NORTH,-116.72581581091052,33.704742362464465,2700.0,460,3150,Ahead,State,True,10.331691549946129,1083
13598,8,95,,RIV,,3.52,,SIXTH AVENUE,-114.57184663901336,33.66175517032248,2550.0,300,2850,Back,US,True,9.75835000769586,1093
13488,8,78,,RIV,,10.62,,"RIPLEY, BROADWAY STREET",-114.65626947308338,33.52544414030421,2500.0,280,2600,Ahead,State,True,9.500538710173927,1094
13200,8,38,,SBD,,26.52,,GLASS ROAD,-116.89310293886354,34.168937540066146,2450.0,920,3900,Back,State,True,9.296598430044636,1095
13198,8,38,,SBD,,25.38,,TWO LAKES ROAD (TO JENKS LAKE),-116.91138620700909,34.16115085616597,2450.0,920,3900,Ahead,State,True,9.296598430044636,1095
13200,8,38,,SBD,,26.52,,GLASS ROAD,-116.89310293886354,34.168937540066146,2450.0,920,3900,Ahead,State,True,9.296598430044636,1095
13204,8,38,,SBD,,30.861,,SOUTH FORK SANTA ANA RIVER BRIDGE,-116.82774441675612,34.17059207360407,2450.0,920,3900,Ahead,State,True,9.296598430044636,1095
13204,8,38,,SBD,,30.861,,SOUTH FORK SANTA ANA RIVER BRIDGE,-116.82774441675612,34.17059207360407,2400.0,900,3800,Back,State,True,9.169616746190549,1099
13138,8,247,,SBD,,39.598,,CAMP ROCK ROAD,-116.85805864543208,34.44352481302759,2350.0,230,2450,Ahead,State,True,9.004155764198861,1100
13134,8,243,,RIV,,7.525,,MARION RIDGE DRIVE,-116.73784143454982,33.76086690543698,2300.0,400,3250,Back,State,True,8.79636755425581,1101
13214,8,38,,SBD,,59.438,,"BIG BEAR DAM, JCT. RTE. 18",-116.97822625942918,34.24202764449295,2300.0,600,2750,Back,State,True,8.79636755425581,1101
13380,8,62,,RIV,,90.203,,RIVERSIDE/SAN BERNARDINO COUNTY LINE,-115.13597440992294,34.07978228230879,2300.0,630,3300,Back,State,True,8.79636755425581,1101
13390,8,62,,SBD,,102.254,,CADIZ ROAD,-114.9324373685788,34.10692399026905,2300.0,630,3300,Back,State,True,8.79636755425581,1101
13392,8,62,,SBD,,107.237,,BLYTHE RICE ROAD,-114.8504504646237,34.083944765999384,2300.0,630,3300,Back,State,True,8.79636755425581,1101
13396,8,62,,SBD,,125.761,,JCT. RTE. 95,-114.57426155124558,34.18853507946282,2300.0,750,2800,Back,State,True,8.79636755425581,1101
13486,8,74,,RIV,,71.745,,JCT. RTE. 371 WEST,-116.59143220482862,33.56954391465587,2300.0,390,2650,Back,State,True,8.79636755425581,1101
13184,8,38,,SBD,R,54.047,,HOLCOMB VALLEY ROAD,-116.92087488767474,34.265010607640605,2300.0,600,2750,Ahead,State,True,8.79636755425581,1101
13376,8,62,,RIV,,84.965,,JCT. RTE. 177 SOUTH,-115.21968064082286,34.0470583698794,2300.0,630,3300,Ahead,State,True,8.79636755425581,1101
13390,8,62,,SBD,,102.254,,CADIZ ROAD,-114.9324373685788,34.10692399026905,2300.0,630,3300,Ahead,State,True,8.79636755425581,1101
13392,8,62,,SBD,,107.237,,BLYTHE RICE ROAD,-114.8504504646237,34.083944765999384,2300.0,630,3300,Ahead,State,True,8.79636755425581,1101
13416,8,62,,SBD,,90.203,,RIVERSIDE/SAN BERNARDINO COUNTY LINE,-115.13597440992294,34.07978228230879,2300.0,630,3300,Ahead,State,True,8.79636755425581,1101
12620,8,127,,SBD,,0.642,,SCHOOL ROAD,-116.07507150204077,35.2747195457264,2200.0,410,2800,Back,State,True,8.426966292134832,1113
12872,8,178,,SBD,,7.35,,TRONA ROAD,-117.51056901699758,35.6470030572089,2200.0,320,2500,Back,State,True,8.426966292134832,1113
89,8,127,,SBD,,0,,"BAKER, JCT HIGHWAY (MILEPOST EQUATION)",-116.0750180468915,35.26537065801699,2200.0,410,2800,Ahead,State,True,8.426966292134832,1113
12868,8,178,,SBD,,0,,SAN BERNARDINO/KERN COUNTY LINE,-117.63441074230336,35.62251502008611,2200.0,320,2500,Ahead,State,True,8.426966292134832,1113
12850,8,173,,SBD,,19.772,,"LAKE ARROWHEAD, HOOK CREEK ROAD",-117.17373170097326,34.25381074515296,2000.0,340,2450,Back,State,True,7.795905802678159,1117
12870,8,178,,SBD,,14.778,,TRONA ROAD,-117.39209810048494,35.68131751513773,2000.0,290,2300,Back,State,True,7.795905802678159,1117
12848,8,173,,SBD,,17.206,,NORTH BAY ROAD,-117.18446610957938,34.2711297807679,2000.0,340,2450,Ahead,State,True,7.795905802678159,1117
12872,8,178,,SBD,,7.35,,TRONA ROAD,-117.51056901699758,35.6470030572089,2000.0,290,2300,Ahead,State,True,7.795905802678159,1117
13512,8,79,,RIV,,0,,SAN DIEGO/RIVERSIDE COUNTY LINE,-116.83677337289703,33.426858007959254,2000.0,220,2100,Ahead,State,True,7.795905802678159,1117
13598,8,95,,RIV,,3.52,,SIXTH AVENUE,-114.57184663901336,33.66175517032248,2000.0,230,2250,Ahead,US,True,7.795905802678159,1117
54,8,78,,RIV,,0.005,,"PALO VERDE, IMPERIAL/RIVERSIDE COUNTY LINE",-114.73250885973098,33.43379763152041,1950.0,270,2150,Ahead,State,True,7.545790364783746,1123
12614,8,111,,RIV,,7.67,,SALTON SEA STATE PARK ROAD,-115.91713941957511,33.509940707912925,1900.0,190,2000,Back,State,True,7.287979067261813,1124
12606,8,111,,RIV,,0.001,,IMPERIAL/RIVERSIDE COUNTY LINE,-115.83149402691242,33.42695392468657,1900.0,190,2000,Ahead,State,True,7.287979067261813,1124
104,8,138,,SBD,,35.1,,CAMP SEELY ENTRANCE RT,-117.30289543050111,34.253874948014264,1800.0,220,1950,Back,State,True,6.907034015699553,1126
12640,8,138,,SBD,,35.74,,WATERS DRIVE,-117.30050151728696,34.24701261244714,1800.0,220,1950,Back,State,True,6.907034015699553,1126
13496,8,78,,RIV,,6.35,,CRANNELLS BOULEVARD/28TH AVENUE,-114.70882784680846,33.507084988715135,1800.0,250,2000,Back,State,True,6.907034015699553,1126
104,8,138,,SBD,,35.1,,CAMP SEELY ENTRANCE RT,-117.30289543050111,34.253874948014264,1800.0,220,1950,Ahead,State,True,6.907034015699553,1126
12638,8,138,,SBD,,33.66,,OLD MILL ROAD,-117.29132392769579,34.258265788316436,1800.0,220,1950,Ahead,State,True,6.907034015699553,1126
13494,8,78,,RIV,,3.06,,32ND AVENUE/PALO VERDE BOULEVARD,-114.73083058669299,33.47807255549436,1800.0,250,2000,Ahead,State,True,6.907034015699553,1126
13498,8,78,,RIV,,9.352,,28TH AVENUE/NEIGHBORS BOULEVARD,-114.65601749744285,33.50703399841052,1800.0,200,1850,Ahead,State,True,6.907034015699553,1126
54,8,78,,RIV,,0.005,,"PALO VERDE, IMPERIAL/RIVERSIDE COUNTY LINE",-114.73250885973098,33.43379763152041,1750.0,330,2000,Back,State,True,6.737725103894104,1133
13122,8,243,,RIV,,28.28,,"BANNING, SAN GORGONIO AVENUE",-116.87660409318151,33.91163941988411,1750.0,270,2500,Back,State,True,6.737725103894104,1133
13162,8,2,,SBD,,0,,LOS ANGELES/SAN BERNARDINO COUNTY LINE,-117.6526448690096,34.36616770830351,1750.0,270,2200,Ahead,State,True,6.737725103894104,1133
13496,8,78,,RIV,,6.35,,CRANNELLS BOULEVARD/28TH AVENUE,-114.70882784680846,33.507084988715135,1700.0,240,1900,Ahead,State,True,6.506849315068493,1136
12630,8,138,,SBD,R,26.478,,CLEGHORN CANYON ROAD,-117.35525931896717,34.28806448095437,1600.0,190,1750,Back,State,True,6.079729105741111,1137
12638,8,138,,SBD,,33.66,,OLD MILL ROAD,-117.29132392769579,34.258265788316436,1600.0,190,1750,Back,State,True,6.079729105741111,1137
13488,8,78,,RIV,,10.62,,"RIPLEY, BROADWAY STREET",-114.65626947308338,33.52544414030421,1600.0,180,1650,Back,State,True,6.079729105741111,1137
13494,8,78,,RIV,,3.06,,32ND AVENUE/PALO VERDE BOULEVARD,-114.73083058669299,33.47807255549436,1600.0,230,1800,Back,State,True,6.079729105741111,1137
12628,8,138,,SBD,R,23.959,,JCT. RTE. 173 EAST,-117.3463230626754,34.312367690997654,1600.0,190,1750,Ahead,State,True,6.079729105741111,1137
12630,8,138,,SBD,R,26.478,,CLEGHORN CANYON ROAD,-117.35525931896717,34.28806448095437,1600.0,190,1750,Ahead,State,True,6.079729105741111,1137
13134,8,243,,RIV,,7.525,,MARION RIDGE DRIVE,-116.73784143454982,33.76086690543698,1600.0,280,2250,Ahead,State,True,6.079729105741111,1137
13498,8,78,,RIV,,9.352,,28TH AVENUE/NEIGHBORS BOULEVARD,-114.65601749744285,33.50703399841052,1400.0,190,1600,Back,State,True,5.121594582114822,1144
13596,8,95,,RIV,,10.54,,PALO VERDE DAM ROAD,-114.51610622054952,33.73160748140649,1300.0,150,1450,Back,US,True,4.732953670925042,1145
13596,8,95,,RIV,,10.54,,PALO VERDE DAM ROAD,-114.51610622054952,33.73160748140649,1300.0,160,1400,Ahead,US,True,4.732953670925042,1145
12844,8,173,,SBD,L,6.989,,ARROWHEAD LAKE ROAD,-117.25911699273362,34.33692462632401,1200.0,210,1450,Back,State,True,4.386639987686625,1147
12842,8,173,,SBD,L,0,,JCT. RTE. 138,-117.34635882281022,34.31242555412583,1200.0,210,1450,Ahead,State,True,4.386639987686625,1147
12622,8,127,,SBD,,29.708,,SARATOGA SPRINGS ROAD,-116.29056549890561,35.632851327082335,1100.0,200,1400,Back,State,True,3.982607357241804,1149
12620,8,127,,SBD,,0.642,,SCHOOL ROAD,-116.07507150204077,35.2747195457264,1100.0,200,1400,Ahead,State,True,3.982607357241804,1149
13600,8,95,,RIV,,36.197,,RIVERSIDE/SAN BERNARDINO COUNTY LINE,-114.48124696749018,34.0797767645308,900.0,110,980,Back,US,True,3.286132060951208,1151
13376,8,62,,RIV,,84.965,,JCT. RTE. 177 SOUTH,-115.21968064082286,34.0470583698794,850.0,230,1200,Back,State,True,3.101431429890719,1152
13412,8,62,,SBD,,79.476,,SAN BERNARDINO/RIVERSIDE COUNTY LINE,-115.31044221211646,34.07102656129045,850.0,140,930,Back,State,True,3.101431429890719,1152
13614,8,95,,SBD,,9.684,,JCT. RTE. 62,-114.57426155124558,34.18853507946282,850.0,100,930,Back,US,True,3.101431429890719,1152
13374,8,62,,RIV,,79.476,,SAN BERNARDINO/RIVERSIDE COUNTY LINE,-115.31044221211646,34.07102656129045,850.0,140,1200,Ahead,State,True,3.101431429890719,1152
13606,8,95,,SBD,,0,,RIVERSIDE/SAN BERNARDINO COUNTY LINE,-114.48124696749018,34.0797767645308,850.0,100,930,Ahead,US,True,3.101431429890719,1152
12624,8,127,,SBD,,41.473,,SAN BERNARDINO/INYO COUNTY LINE,-116.34009330361178,35.79387466900382,800.0,160,1050,Back,State,True,2.851315991996306,1157
12622,8,127,,SBD,,29.708,,SARATOGA SPRINGS ROAD,-116.29056549890561,35.632851327082335,800.0,160,1050,Ahead,State,True,2.851315991996306,1157
127,8,173,,SBD,,12.852,,RIFLE RANGE RD-RT,-117.21115151910497,34.296214223218996,620.0,110,740,Back,State,True,2.074034169616746,1159
129,8,173,,SBD,,13.82,,GRASS VALLEY ROAD,-117.21202697675669,34.285082589301545,620.0,110,740,Back,State,True,2.074034169616746,1159
12848,8,173,,SBD,,17.206,,NORTH BAY ROAD,-117.18446610957938,34.2711297807679,620.0,110,780,Back,State,True,2.074034169616746,1159
127,8,173,,SBD,,12.852,,RIFLE RANGE RD-RT,-117.21115151910497,34.296214223218996,620.0,110,740,Ahead,State,True,2.074034169616746,1159
129,8,173,,SBD,,13.82,,GRASS VALLEY ROAD,-117.21202697675669,34.285082589301545,620.0,110,740,Ahead,State,True,2.074034169616746,1159
12846,8,173,,SBD,,12.85,,NEAR RIFLE RANGE ROAD (BEGIN PAVEMENT),-117.2111224801651,34.296227261703,620.0,110,740,Ahead,State,True,2.074034169616746,1159
12928,8,18,,SBD,,49.106,,PINE KNOT AVENUE,-116.91149397519878,34.24368495371106,430.0,100,620,Ahead,State,True,1.292904417423426,1165
12846,8,173,,SBD,,12.85,,NEAR RIFLE RANGE ROAD (BEGIN PAVEMENT),-117.2111224801651,34.296227261703,250.0,40,300,Back,State,True,0.6579959981529937,1166
12844,8,173,,SBD,L,6.989,,ARROWHEAD LAKE ROAD,-117.25911699273362,34.33692462632401,150.0,30,180,Ahead,State,True,0.30013852547329534,1167
13658,9,14,,KER,R,0,,"AVENUE A, LOS ANGELES/KERN COUNTY LINE",-118.17022509857603,34.82049400145368,37900.0,3500,40000,Ahead,State,True,55.99507464983839,1
13662,9,14,,KER,R,3.018,,ROSAMOND BOULEVARD,-118.17155159314538,34.86427965761451,37600.0,2850,36500,Back,State,True,55.94889949207327,2
13894,9,58,,KER,R,91.67,,"TEHACHAPI, MILL STREET",-118.45087984445533,35.13964064308198,29900.0,2800,22000,Back,State,True,51.366015083884875,3
13892,9,58,,KER,R,90.717,,JCT. RTE. 202 SOUTHWEST,-118.46744943066936,35.14130805887604,29900.0,2800,25500,Ahead,State,True,51.366015083884875,3
13898,9,58,,KER,R,99.254,,SAND CANYON OH,-118.32702178238782,35.110236056462554,28300.0,1950,20900,Back,State,True,50.319378174542095,5
13896,9,58,,KER,R,94.164,,SUMMIT,-118.41160141020416,35.12776482864302,28300.0,2200,26000,Ahead,State,True,50.319378174542095,5
13896,9,58,,KER,R,94.164,,SUMMIT,-118.41160141020416,35.12776482864302,27200.0,2000,24500,Back,State,True,49.37278744035709,7
13894,9,58,,KER,R,91.67,,"TEHACHAPI, MILL STREET",-118.45087984445533,35.13964064308198,27200.0,1950,22600,Ahead,State,True,49.37278744035709,7
13900,9,58,,KER,,77.252,,BEAR MOUNTAIN RANCH,-118.62981845132511,35.263715628507285,27000.0,2650,28500,Back,State,True,49.19963059873788,9
13900,9,58,,KER,,77.252,,BEAR MOUNTAIN RANCH,-118.62981845132511,35.263715628507285,27000.0,2600,29000,Ahead,State,True,49.19963059873788,9
13878,9,58,,KER,R,101.562,,CAMERON ROAD,-118.2929866617364,35.09932018542209,26500.0,2000,21400,Back,State,True,48.872556564568264,11
13898,9,58,,KER,R,99.254,,SAND CANYON OH,-118.32702178238782,35.110236056462554,26500.0,2250,24200,Ahead,State,True,48.872556564568264,11
13872,9,58,,KER,M,108.906,,BUSINESS 58,-118.17924763445761,35.11361045757388,25900.0,1800,21000,Back,State,True,48.24534400492535,13
13878,9,58,,KER,R,101.562,,CAMERON ROAD,-118.2929866617364,35.09932018542209,25900.0,2250,24100,Ahead,State,True,48.24534400492535,13
13880,9,58,,KER,R,107.465,,RANDSBURG CUT-OFF ROAD,-118.20395268458316,35.116885496201725,25900.0,1900,20700,Ahead,State,True,48.24534400492535,13
13892,9,58,,KER,R,90.717,,JCT. RTE. 202 SOUTHWEST,-118.46744943066936,35.14130805887604,25800.0,2800,29000,Back,State,True,48.22995228567031,16
13880,9,58,,KER,R,107.465,,RANDSBURG CUT-OFF ROAD,-118.20395268458316,35.116885496201725,25600.0,2450,27000,Back,State,True,48.22225642604279,17
13662,9,14,,KER,R,3.018,,ROSAMOND BOULEVARD,-118.17155159314538,34.86427965761451,22800.0,2200,23600,Ahead,State,True,45.33246113590888,18
13664,9,14,,KER,,16.07,,JCT. RTE. 58,-118.1782086852208,35.06651470560836,22200.0,2300,23600,Back,State,True,44.832230260120056,19
13660,9,14,,KER,R,12.147,,SILVER QUEEN ROAD,-118.15950644103012,34.99546047014122,22200.0,2300,23600,Ahead,State,True,44.832230260120056,19
13664,9,14,,KER,,16.07,,JCT. RTE. 58,-118.1782086852208,35.06651470560836,20500.0,1950,21600,Ahead,State,True,43.035247037094045,21
13720,9,178,,KER,,102.616,,RIDGECREST BLVD/CHINA LAKE,-117.66994216426563,35.62251845209791,19800.0,2000,21200,Back,State,True,42.28105279359705,22
13660,9,14,,KER,R,12.147,,SILVER QUEEN ROAD,-118.15950644103012,34.99546047014122,19600.0,2100,20200,Back,State,True,41.98091426812375,23
13884,9,58,,KER,R,129.674,,EDWARDS  (MUROC ROAD),-117.88112070840445,35.00957875640132,19600.0,1800,18100,Back,State,True,41.98091426812375,23
13876,9,58,,KER,M,116.229,,BUSINESS 58 OC,-118.10726898774531,35.03791222502507,19600.0,1800,19000,Ahead,State,True,41.98091426812375,23
13882,9,58,,KER,R,127.636,,CALIFORNIA CITY BOULEVARD,-117.91694526411865,35.01205879491563,19000.0,1950,21000,Back,State,True,41.2998306910882,26
13886,9,58,,KER,R,132.042,,CLAY MINE ROAD,-117.83953725821964,35.006675322984314,18300.0,1700,16500,Back,State,True,40.384023395413266,27
13884,9,58,,KER,R,129.674,,EDWARDS  (MUROC ROAD),-117.88112070840445,35.00957875640132,18300.0,1700,17200,Ahead,State,True,40.384023395413266,27
13882,9,58,,KER,R,127.636,,CALIFORNIA CITY BOULEVARD,-117.91694526411865,35.01205879491563,17900.0,1800,19000,Ahead,State,True,39.872248730183166,29
13888,9,58,,KER,R,142.878,,BORON AVENUE,-117.6498307373803,35.01009904098271,17600.0,1650,16100,Back,State,True,39.4335847314145,30
13874,9,58,,KER,M,111.13,,JCT. RTE. 14,-118.1445123039917,35.09867801526686,17400.0,1800,16900,Back,State,True,39.19116515314761,31
13872,9,58,,KER,M,108.906,,BUSINESS 58,-118.17924763445761,35.11361045757388,17400.0,1550,14700,Ahead,State,True,39.19116515314761,31
13886,9,58,,KER,R,132.042,,CLAY MINE ROAD,-117.83953725821964,35.006675322984314,17300.0,1700,19200,Ahead,State,True,39.0757272587348,33
13888,9,58,,KER,R,142.878,,BORON AVENUE,-117.6498307373803,35.01009904098271,16900.0,1850,18000,Ahead,State,True,38.544712944435894,34
13814,9,395,,INY,,116.25,,JCT. RTE. 6 NORTH,-118.39558324225086,37.37421955658199,16500.0,1700,17600,Back,US,True,38.07911343697091,35
13876,9,58,,KER,M,116.229,,BUSINESS 58 OC,-118.10726898774531,35.03791222502507,16200.0,1500,15100,Back,State,True,37.74819147298753,36
13666,9,14,,KER,,19.239,,"MOJAVE, NORTH JCT RTE 58",-118.142965791348,35.100449103562084,15900.0,1700,17100,Back,State,True,37.24411266738495,37
13810,9,395,,INY,,115.195,,"BISHOP, SOUTH STREET",-118.3951772001492,37.35865049080995,15800.0,1650,18200,Ahead,US,True,37.10558719408958,38
13764,9,202,,KER,R,8.87,,TUCKER ROAD,-118.46779993802187,35.12434557986945,15000.0,1500,15800,Back,State,True,36.02816684623672,39
13812,9,395,,INY,,115.403,,"BISHOP, JCT. RTE. 168 WEST",-118.39529610744839,37.36140653616753,14900.0,1550,16800,Ahead,US,True,35.801138987224874,40
13874,9,58,,KER,M,111.13,,JCT. RTE. 14,-118.1445123039917,35.09867801526686,14900.0,1400,16100,Ahead,State,True,35.801138987224874,40
13890,9,58,,KER,R,143.86,,KERN/SAN BERNARDINO COUNTY LINE,-117.63253442847446,35.01002141248558,14400.0,1650,16200,Back,State,True,35.096967831306756,42
13764,9,202,,KER,R,8.87,,TUCKER ROAD,-118.46779993802187,35.12434557986945,14100.0,1450,14900,Ahead,State,True,34.71987070955826,43
13816,9,395,,INY,,117.3,,BISHOP BIKE PATH,-118.4134746715577,37.37591618725464,13700.0,1500,15700,Back,US,True,34.16576881637679,44
13814,9,395,,INY,,116.25,,JCT. RTE. 6 NORTH,-118.39558324225086,37.37421955658199,13700.0,1500,15700,Ahead,US,True,34.16576881637679,44
13816,9,395,,INY,,117.3,,BISHOP BIKE PATH,-118.4134746715577,37.37591618725464,13700.0,1500,15700,Ahead,US,True,34.16576881637679,44
13812,9,395,,INY,,115.403,,"BISHOP, JCT. RTE. 168 WEST",-118.39529610744839,37.36140653616753,13600.0,1600,15500,Back,US,True,34.02724334308142,47
13766,9,202,,KER,,12.008,,JCT. RTE. 58,-118.46735931886658,35.14143609526295,13400.0,1400,14100,Back,State,True,33.68092965984301,48
13762,9,202,,KER,R,7.4,,WOODFORD ROAD,-118.49487211000654,35.12427766223639,13200.0,1400,14000,Back,State,True,33.33461597660459,49
13818,9,395,,INY,,120.95,,ED POWERS ROAD,-118.4773393160089,37.38088505488628,13100.0,1500,15300,Back,US,True,33.21917808219178,50
13782,9,203,,MNO,,5.75,,OLD MAMMOTH ROAD,-118.96587063709615,37.64682110945309,12800.0,1600,16700,Back,State,True,32.7920578728644,51
13762,9,202,,KER,R,7.4,,WOODFORD ROAD,-118.49487211000654,35.12427766223639,12800.0,1300,13000,Ahead,State,True,32.7920578728644,51
13810,9,395,,INY,,115.195,,"BISHOP, SOUTH STREET",-118.3951772001492,37.35865049080995,12400.0,1500,14800,Back,US,True,32.21871633061413,53
13768,9,202,,KER,,12.093,,END RTE,-118.46648204482136,35.142292433417225,12000.0,1200,12200,Back,State,True,31.660766507618902,54
13718,9,178,,KER,,100.608,,NORTH CHINA LAKE BOULEVARD,-117.66988923732572,35.65165239758681,12000.0,1400,13400,Ahead,State,True,31.660766507618902,54
13766,9,202,,KER,,12.008,,JCT. RTE. 58,-118.46735931886658,35.14143609526295,12000.0,1200,12200,Ahead,State,True,31.660766507618902,54
13666,9,14,,KER,,19.239,,"MOJAVE, NORTH JCT RTE 58",-118.142965791348,35.100449103562084,11800.0,1100,12700,Ahead,State,True,31.25673387717408,57
13720,9,178,,KER,,102.616,,RIDGECREST BLVD/CHINA LAKE,-117.66994216426563,35.62251845209791,10500.0,1200,11100,Ahead,State,True,29.298137601970144,58
13760,9,202,,KER,R,5.5,,OLD TOWN ROAD,-118.52144101342965,35.11265526152372,10200.0,1200,11000,Ahead,State,True,28.778667077112512,59
13846,9,395,,MNO,R,13.931,,S OF CROWLEY LAKE RD,-118.73897797238838,37.573384301861765,10200.0,1200,10500,Ahead,US,True,28.778667077112512,59
13848,9,395,,MNO,R,16.618,,"CROWLEY LAKE, MCGEE CREEK ROAD",-118.78387107748961,37.587793274730636,10200.0,1000,10000,Ahead,US,True,28.778667077112512,59
13776,9,203,,MNO,R,4.782,,LAKE MARY/MINARET ROADS,-118.98311852501153,37.64845186651833,10000.0,1350,13000,Ahead,State,True,28.532399569031863,62
13668,9,14,,KER,,21.29,,"RANDSBURG CUT-OFF ROAD, CA CITY/BAKERSFIELD RD",-118.12369666439895,35.125393043373954,9600.0,850,10800,Back,State,True,27.797444974603664,63
13850,9,395,,MNO,R,25.75,,JCT. RTE. 203 WEST,-118.91670030797414,37.6414413068548,9600.0,1400,13600,Back,US,True,27.797444974603664,63
13808,9,395,,INY,,112.66,,GERKIN ROAD,-118.38966957075176,37.32239759587687,9400.0,1350,11300,Back,US,True,27.462675080806527,65
13760,9,202,,KER,R,5.5,,OLD TOWN ROAD,-118.52144101342965,35.11265526152372,9200.0,850,9500,Back,State,True,27.13175311682315,66
13776,9,203,,MNO,R,4.782,,LAKE MARY/MINARET ROADS,-118.98311852501153,37.64845186651833,9200.0,1350,12600,Back,State,True,27.13175311682315,66
13808,9,395,,INY,,112.66,,GERKIN ROAD,-118.38966957075176,37.32239759587687,9000.0,1300,11300,Ahead,US,True,26.78928736339849,68
13778,9,203,,MNO,R,8.56,,JCT. RTE. 395,-118.91673932270524,37.64128156773592,8900.0,1300,12800,Back,State,True,26.646913960289364,69
13774,9,203,,MNO,R,4.49,,"MAMMOTH, FOREST TRAIL ROAD",-118.9850168843958,37.65185683362783,8900.0,1350,12400,Ahead,State,True,26.646913960289364,69
13758,9,202,,KER,R,2.16,,CUMMINGS VALLEY RD-W,-118.56798691804238,35.13156181976712,8850.0,1050,10000,Ahead,State,True,26.604586732338003,71
13806,9,395,,INY,,100.833,,"BIG PINE, JCT. RTE. 168 NORTHEAST",-118.29025141566376,37.17344958864768,8800.0,1400,12000,Ahead,US,True,26.512236416807756,72
13818,9,395,,INY,,120.95,,ED POWERS ROAD,-118.4773393160089,37.38088505488628,8600.0,1250,11000,Ahead,US,True,26.069724488225333,73
13822,9,395,,INY,,55.827,,JCT. RTE. 136 SOUTHEAST,-118.05752199410982,36.579283337314564,8000.0,1350,10100,Ahead,US,True,24.930737263352317,74
13670,9,14,,KER,,22.15,,CALIFORNIA CITY,-118.1155616101192,35.135976081825405,7900.0,1050,8400,Ahead,State,True,24.672925965830384,75
13826,9,395,,INY,,73.41,,"INDEPENDENCE, MARKET STREET",-118.19963652757801,36.802483178034095,7800.0,1250,9800,Ahead,US,True,24.43820224719101,76
13846,9,395,,MNO,R,13.931,,S OF CROWLEY LAKE RD,-118.73897797238838,37.573384301861765,7700.0,1200,10400,Back,US,True,24.22271817762044,77
13848,9,395,,MNO,R,16.618,,"CROWLEY LAKE, MCGEE CREEK ROAD",-118.78387107748961,37.587793274730636,7700.0,1150,10400,Back,US,True,24.22271817762044,77
13802,9,395,,INY,R,3.022,,NINE MILE CYN RD,-117.87483489362923,35.84215362586625,7600.0,1200,9100,Ahead,US,True,23.972602739726025,79
13830,9,395,,INY,,96.5,,3.5 MILES SOUTH OF BIG PINE,-118.25974005259702,37.1171268215654,7500.0,1200,9000,Back,US,True,23.691703863321536,80
13804,9,395,,INY,R,58.814,,PANGBORN LANE,-118.06877911800673,36.62003650080563,7500.0,1250,9500,Ahead,US,True,23.691703863321536,80
13702,9,168,,INY,,18.31,,JCT. RTE. 395,-118.39529610744839,37.36140653616753,7400.0,770,7900,Back,State,True,23.445436355240883,82
13780,9,203,,MNO,R,8.671,,END ROUTE,-118.91485813461762,37.64170758111011,7400.0,1050,10700,Back,State,True,23.445436355240883,82
13784,9,203,,MNO,,6.866,,MERIDIAN BLVD,-118.94629981275556,37.64335638757276,7400.0,1000,10300,Back,State,True,23.445436355240883,82
13778,9,203,,MNO,R,8.56,,JCT. RTE. 395,-118.91673932270524,37.64128156773592,7400.0,1050,10700,Ahead,State,True,23.445436355240883,82
13784,9,203,,MNO,,6.866,,MERIDIAN BLVD,-118.94629981275556,37.64335638757276,7400.0,1050,10700,Ahead,State,True,23.445436355240883,82
13798,9,395,,INY,R,126.14,,PINE CREEK ROAD,-118.55508575680129,37.41945097011969,7300.0,1100,9400,Back,US,True,23.19916884716023,87
13822,9,395,,INY,,55.827,,JCT. RTE. 136 SOUTHEAST,-118.05752199410982,36.579283337314564,7300.0,1250,9400,Back,US,True,23.19916884716023,87
13830,9,395,,INY,,96.5,,3.5 MILES SOUTH OF BIG PINE,-118.25974005259702,37.1171268215654,7300.0,1200,9100,Ahead,US,True,23.19916884716023,87
13820,9,395,,INY,,34.674,,JCT. RTE. 190 EAST,-118.00613319813854,36.2821971292767,7250.0,1250,9300,Ahead,US,True,23.0567954440511,90
13820,9,395,,INY,,34.674,,JCT. RTE. 190 EAST,-118.00613319813854,36.2821971292767,7200.0,1250,9000,Back,US,True,22.937509619824535,91
13798,9,395,,INY,R,126.14,,PINE CREEK ROAD,-118.55508575680129,37.41945097011969,7200.0,1250,10600,Ahead,US,True,22.937509619824535,91
13722,9,178,,KER,,103.85,,"RIDGECREST, RICHMOND ROAD",-117.64803617024226,35.622496195863846,7000.0,850,7200,Back,State,True,22.506541480683392,93
13824,9,395,,INY,,57.67,,"LONE PINE, WHITNEY PORTAL ROAD",-118.06301275224791,36.60490246826389,7000.0,1200,9300,Back,US,True,22.506541480683392,93
13802,9,395,,INY,R,3.022,,NINE MILE CYN RD,-117.87483489362923,35.84215362586625,6800.0,1200,8900,Back,US,True,22.02555025396337,95
13674,9,14,,KER,,57.767,,FREEMAN JCT. JCT. RTE. 178 WEST,-117.90307068214747,35.6016078604028,6600.0,960,7900,Back,State,True,21.61382176389103,96
13800,9,395,,INY,R,129.459,,INYO/MONO COUNTY LINE,-118.5779137079704,37.462933169230624,6600.0,1050,8900,Back,US,True,21.61382176389103,96
13824,9,395,,INY,,57.67,,"LONE PINE, WHITNEY PORTAL ROAD",-118.06301275224791,36.60490246826389,6600.0,1350,10200,Ahead,US,True,21.61382176389103,96
13782,9,203,,MNO,,5.75,,OLD MAMMOTH ROAD,-118.96587063709615,37.64682110945309,6500.0,890,9200,Ahead,State,True,21.367554255810376,99
13730,9,178,,KER,,99.092,,"RIDGECREST, WEST CITY LIMITS",-117.69694265787713,35.65169240973784,6400.0,700,7000,Back,State,True,21.10589502847468,100
13716,9,178,,KER,R,93.237,,JCT. RTE. 395,-117.8007221166015,35.65145744326771,6400.0,680,7100,Ahead,State,True,21.10589502847468,100
13700,9,168,,INY,,16.342,,BROCKMAN LANE,-118.43130033160932,37.3613856780198,6350.0,650,6800,Ahead,State,True,20.971217484993073,102
13700,9,168,,INY,,16.342,,BROCKMAN LANE,-118.43130033160932,37.3613856780198,6300.0,650,6800,Back,State,True,20.794212713560103,103
13718,9,178,,KER,,100.608,,NORTH CHINA LAKE BOULEVARD,-117.66988923732572,35.65165239758681,6300.0,750,7600,Back,State,True,20.794212713560103,103
13826,9,395,,INY,,73.41,,"INDEPENDENCE, MARKET STREET",-118.19963652757801,36.802483178034095,6300.0,1100,8400,Back,US,True,20.794212713560103,103
13828,9,395,,INY,,73.85,,INDEPENDENCE MAINTENANCE STATION,-118.20318285443582,36.80804068134037,6300.0,1100,8400,Back,US,True,20.794212713560103,103
13730,9,178,,KER,,99.092,,"RIDGECREST, WEST CITY LIMITS",-117.69694265787713,35.65169240973784,6300.0,750,7600,Ahead,State,True,20.794212713560103,103
13828,9,395,,INY,,73.85,,INDEPENDENCE MAINTENANCE STATION,-118.20318285443582,36.80804068134037,6300.0,1050,8400,Ahead,US,True,20.794212713560103,103
13806,9,395,,INY,,100.833,,"BIG PINE, JCT. RTE. 168 NORTHEAST",-118.29025141566376,37.17344958864768,6200.0,1050,8100,Back,US,True,20.49407418808681,109
13674,9,14,,KER,,57.767,,FREEMAN JCT. JCT. RTE. 178 WEST,-117.90307068214747,35.6016078604028,6200.0,950,7300,Ahead,State,True,20.49407418808681,109
13804,9,395,,INY,R,58.814,,PANGBORN LANE,-118.06877911800673,36.62003650080563,6000.0,1100,8000,Back,US,True,20.055410189318145,111
13670,9,14,,KER,,22.15,,CALIFORNIA CITY,-118.1155616101192,35.135976081825405,5900.0,910,6900,Back,State,True,19.797598891796213,112
13672,9,14,,KER,,35.56,,RANDSBURG ROAD,-117.9988785512277,35.30155538577528,5900.0,910,6800,Back,State,True,19.797598891796213,112
13668,9,14,,KER,,21.29,,"RANDSBURG CUT-OFF ROAD, CA CITY/BAKERSFIELD RD",-118.12369666439895,35.125393043373954,5900.0,910,6900,Ahead,State,True,19.797598891796213,112
13840,9,395,,KER,R,36.824,,KERN/INYO COUNTY LINE,-117.87257466949231,35.798100528941774,5700.0,1050,7500,Back,US,True,19.270432507311067,115
13838,9,395,,KER,R,29.64,,JCT. RTE. 14 SOUTH,-117.86659797578614,35.69471327360662,5700.0,1050,7200,Ahead,US,True,19.270432507311067,115
13796,9,395,,INY,R,0,,KERN/INYO COUNTY LINE,-117.87257466949231,35.798100528941774,5600.0,1050,7500,Ahead,US,True,19.024164999230415,117
13858,9,395,,MNO,,40.336,,SOUTH JCT. RTE. 158,-119.05348998866248,37.81273295669319,4900.0,900,8600,Back,US,True,17.22333384639064,118
13832,9,395,,KER,R,1.152,,"REDROCK, RANDSBURG RD",-117.64811907755647,35.380576023411436,4800.0,600,5600,Back,US,True,17.01554563644759,119
13842,9,395,,KER,,0,,SAN BERNARDINO/KERN COUNTY LINE,-117.6316354268775,35.371546549495,4800.0,600,5900,Ahead,US,True,17.01554563644759,119
13850,9,395,,MNO,R,25.75,,JCT. RTE. 203 WEST,-118.91670030797414,37.6414413068548,4650.0,900,8600,Ahead,US,True,16.492227181776205,121
13774,9,203,,MNO,R,4.49,,"MAMMOTH, FOREST TRAIL ROAD",-118.9850168843958,37.65185683362783,4600.0,860,6000,Back,State,True,16.346005848853316,122
13672,9,14,,KER,,35.56,,RANDSBURG ROAD,-117.9988785512277,35.30155538577528,4500.0,730,5500,Ahead,State,True,16.095890410958905,123
13860,9,395,,MNO,,50.744,,"TIOGA PASS JUNCTION, NORTH JCT. RTE. 120 WEST",-119.11309499630953,37.950477732953004,4300.0,800,7500,Back,US,True,15.445590272433432,124
13832,9,395,,KER,R,1.152,,"REDROCK, RANDSBURG RD",-117.64811907755647,35.380576023411436,4200.0,590,5300,Ahead,US,True,15.195474834539018,125
13906,9,6,,INY,,0,,JCT. RTE. 395,-118.39557648871656,37.374111233032345,4150.0,470,5100,Ahead,US,True,15.068493150684931,126
13678,9,14,,KER,,64.559,,HOMESTEAD NORTH JCT. RTE. 395,-117.86732027068187,35.69451738627936,4100.0,770,5300,Back,State,True,14.910728028320763,127
13834,9,395,,KER,R,14.995,,CHINA LAKE ROAD,-117.7136660599223,35.55099717292234,4100.0,570,5200,Back,US,True,14.910728028320763,127
13858,9,395,,MNO,,40.336,,SOUTH JCT. RTE. 158,-119.05348998866248,37.81273295669319,4100.0,750,7000,Ahead,US,True,14.910728028320763,127
13860,9,395,,MNO,,50.744,,"TIOGA PASS JUNCTION, NORTH JCT. RTE. 120 WEST",-119.11309499630953,37.950477732953004,4100.0,730,5800,Ahead,US,True,14.910728028320763,127
13676,9,14,,KER,,60.571,,"HOMESTEAD SOUTH JUNCTION, JCT. RTE. 178 EAST",-117.88364909223007,35.63934118559641,4000.0,760,4600,Back,State,True,14.618285362474989,131
13838,9,395,,KER,R,29.64,,JCT. RTE. 14 SOUTH,-117.86659797578614,35.69471327360662,3900.0,520,4900,Back,US,True,14.375865784208097,132
13852,9,395,,MNO,,107.105,,MILL CREEK BRIDGE,-119.47134643292507,38.51333171242581,3900.0,320,5300,Back,US,True,14.375865784208097,132
13856,9,395,,MNO,,120.49,,NEVADA STATE LINE,-119.54858456740385,38.687742438000654,3900.0,610,5700,Back,US,True,14.375865784208097,132
13852,9,395,,MNO,,107.105,,MILL CREEK BRIDGE,-119.47134643292507,38.51333171242581,3900.0,320,5300,Ahead,US,True,14.375865784208097,132
13854,9,395,,MNO,,116.965,,JCT. RTE. 89,-119.52760686364901,38.642662233947554,3850.0,600,5600,Back,US,True,14.24503617054025,136
13836,9,395,,KER,R,23.48,,JCT. RTE. 178,-117.80070155596128,35.65143377679603,3800.0,480,4200,Back,US,True,14.091118977989842,137
13836,9,395,,KER,R,23.48,,JCT. RTE. 178,-117.80070155596128,35.65143377679603,3800.0,500,4600,Ahead,US,True,14.091118977989842,137
13772,9,203,,MNO,R,2.35,,MAINTENANCE SUBSTATION ROAD,-119.01020152528864,37.65063364958276,3750.0,740,4500,Back,State,True,13.87563490841927,139
13772,9,203,,MNO,R,2.35,,MAINTENANCE SUBSTATION ROAD,-119.01020152528864,37.65063364958276,3750.0,740,4500,Ahead,State,True,13.87563490841927,139
13844,9,395,,MNO,R,0,L,"INYO/MONO COUNTY LINE, LEFT ALIGN",-118.5787551634903,37.462958392841806,3700.0,590,5000,Ahead,US,True,13.6793904879175,141
13862,9,395,,MNO,,51.69,,LEE VINING VISITORS CENTER,-119.12230188086045,37.960817058852975,3700.0,700,6800,Ahead,US,True,13.6793904879175,141
13862,9,395,,MNO,,51.69,,LEE VINING VISITORS CENTER,-119.12230188086045,37.960817058852975,3600.0,660,6000,Back,US,True,13.406187471140527,143
13845,9,395,,MNO,R,0,R,"INYO/MONO COUNTY LINE, RIGHT ALIGN",-118.5779137079704,37.462933169230624,3600.0,580,4700,Ahead,US,True,13.406187471140527,143
13866,9,395,,MNO,,76.3,,"BRIDGEPORT, JCT. RTE. 182 NORTH",-119.22318972017743,38.2552994092144,3550.0,730,6400,Ahead,US,True,13.27150992765892,145
13866,9,395,,MNO,,76.3,,"BRIDGEPORT, JCT. RTE. 182 NORTH",-119.22318972017743,38.2552994092144,3500.0,680,6200,Back,US,True,13.109896875480992,146
13854,9,395,,MNO,,116.965,,JCT. RTE. 89,-119.52760686364901,38.642662233947554,3500.0,500,5000,Ahead,US,True,13.109896875480992,146
13864,9,395,,MNO,,58.24,,JCT. RTE. 167 EAST,-119.16082664116469,38.04534475194833,3400.0,660,6000,Ahead,US,True,12.771279051870094,148
13870,9,395,,MNO,,93.7,,JCT. RTE. 108 WEST,-119.45230191174649,38.34850408983468,3350.0,570,5000,Ahead,US,True,12.586578420809605,149
13864,9,395,,MNO,,58.24,,JCT. RTE. 167 EAST,-119.16082664116469,38.04534475194833,3150.0,590,5100,Back,US,True,12.024780668000616,150
13870,9,395,,MNO,,93.7,,JCT. RTE. 108 WEST,-119.45230191174649,38.34850408983468,3100.0,600,4700,Back,US,True,11.824688317685085,151
13868,9,395,,MNO,,80.61,,FARM HOUSE,-119.28947214697817,38.27646234133827,3100.0,580,4550,Ahead,US,True,11.824688317685085,151
13716,9,178,,KER,R,93.237,,JCT. RTE. 395,-117.8007221166015,35.65145744326771,3000.0,960,3350,Back,State,True,11.370632599661382,153
13728,9,178,,KER,,88.26,,JCT. RTE. 14,-117.90306929694533,35.601610569479206,3000.0,960,3350,Ahead,State,True,11.370632599661382,153
13834,9,395,,KER,R,14.995,,CHINA LAKE ROAD,-117.7136660599223,35.55099717292234,2950.0,410,3600,Ahead,US,True,11.193627828228413,155
13902,9,6,,INY,R,1.429,,5 BRIDGES RD,-118.39427855338673,37.39447799577148,2950.0,270,3100,Ahead,US,True,11.193627828228413,155
13632,9,120,,MNO,R,8.56,,BIG BEND GATE,-119.16590369008011,37.93095260253984,2800.0,320,4100,Back,State,True,10.731876250577189,157
13868,9,395,,MNO,,80.61,,FARM HOUSE,-119.28947214697817,38.27646234133827,2800.0,510,4500,Back,US,True,10.731876250577189,157
13632,9,120,,MNO,R,8.56,,BIG BEND GATE,-119.16590369008011,37.93095260253984,2800.0,320,4100,Ahead,State,True,10.731876250577189,157
13676,9,14,,KER,,60.571,,"HOMESTEAD SOUTH JUNCTION, JCT. RTE. 178 EAST",-117.88364909223007,35.63934118559641,2750.0,600,3700,Ahead,State,True,10.562567338771741,160
13726,9,178,,KER,,57.076,,KELSO VALLEY ROAD,-118.3031632102629,35.66417338881675,2700.0,340,2950,Back,State,True,10.331691549946129,161
13904,9,6,,INY,R,3.952,,SILVER CANYON ROAD,-118.35246223472744,37.39996840219765,2650.0,310,3500,Ahead,US,True,10.112359550561797,162
13902,9,6,,INY,R,1.429,,5 BRIDGES RD,-118.39427855338673,37.39447799577148,2600.0,250,2700,Back,US,True,9.96229028782515,163
13726,9,178,,KER,,57.076,,KELSO VALLEY ROAD,-118.3031632102629,35.66417338881675,2500.0,300,2650,Ahead,State,True,9.500538710173927,164
13724,9,178,,KER,,104.622,,SAN BERNARDINO/KERN COUNTY LINE,-117.63441074230336,35.62251502008611,2400.0,300,2650,Back,State,True,9.169616746190549,165
13904,9,6,,INY,R,3.952,,SILVER CANYON ROAD,-118.35246223472744,37.39996840219765,2400.0,230,2550,Back,US,True,9.169616746190549,165
13722,9,178,,KER,,103.85,,"RIDGECREST, RICHMOND ROAD",-117.64803617024226,35.622496195863846,2300.0,340,2450,Ahead,State,True,8.79636755425581,167
13908,9,6,,INY,,8.354,,INYO/MONO COUNTY LINE,-118.34959908203308,37.46279285021518,2100.0,210,2400,Back,US,True,8.146067415730338,168
13910,9,6,,MNO,,0,,INYO/MONO COUNTY LINE,-118.34959908203308,37.46279285021518,2100.0,210,2400,Ahead,US,True,8.146067415730338,168
13626,9,120,,MNO,R,11.05,,OLD ROUTE 120 ROAD,-119.12313199065831,37.93966669390197,1900.0,230,2900,Back,State,True,7.287979067261813,170
13682,9,158,,MNO,,0,,"JUNE LAKE JUNCTION, SOUTH JCT. RTE. 395",-119.0535259419351,37.812704950351254,1900.0,440,3800,Ahead,State,True,7.287979067261813,170
13738,9,190,,INY,,110.72,,FURNACE CREEK RANCH,-116.86519192006658,36.45710530104513,1840.0,310,1900,Back,State,True,7.026319839926119,172
13624,9,120,,MNO,R,0,,TUOLUMNE/MONO COUNTY LINE,-119.25789989152716,37.91177497914884,1700.0,330,2650,Ahead,State,True,6.506849315068493,173
13756,9,202,,KER,R,1.476,,TEHACHAPI MENS PRISON,-118.57479531425942,35.12370982355378,1650.0,270,1700,Ahead,State,True,6.275973526242881,174
13622,9,108,,MNO,,9.6,,CAMP CLOUDBURST U S M C,-119.53628594125811,38.350174384366014,1550.0,350,2950,Ahead,State,True,5.837309527474218,175
13680,9,158,,MNO,R,2.822,,LAKEVIEW DRIVE,-119.07637944568248,37.77753396289834,1500.0,270,2800,Back,State,True,5.610281668462367,176
13686,9,158,,MNO,,3.86,,NORTH SHORE DRIVE,-119.09221980919325,37.76939727876979,1500.0,310,2600,Back,State,True,5.610281668462367,176
13680,9,158,,MNO,R,2.822,,LAKEVIEW DRIVE,-119.07637944568248,37.77753396289834,1500.0,270,2800,Ahead,State,True,5.610281668462367,176
13758,9,202,,KER,R,2.16,,CUMMINGS VALLEY RD-W,-118.56798691804238,35.13156181976712,1490.0,230,1500,Back,State,True,5.4871479144220405,179
13728,9,178,,KER,,88.26,,JCT. RTE. 14,-117.90306929694533,35.601610569479206,1470.0,230,1700,Back,State,True,5.47945205479452,180
13688,9,158,,MNO,,7.18,,SILVER LAKE CAMPGROUND,-119.12688459226494,37.78317297125048,1450.0,240,2050,Back,State,True,5.364014160381714,181
13648,9,127,,INY,,42.149,,JCT. RTE. 190 WEST,-116.41520925267346,36.3046332084416,1440.0,240,1900,Back,State,True,5.248576265968909,182
13686,9,158,,MNO,,3.86,,NORTH SHORE DRIVE,-119.09221980919325,37.76939727876979,1430.0,300,2700,Ahead,State,True,5.240880406341388,183
13912,9,6,,MNO,,25.715,,"BENTON STATION, JCT. RTE. 120 WEST",-118.47699311607816,37.81831642259975,1400.0,150,1550,Back,US,True,5.121594582114822,184
13740,9,190,,INY,,111.73,,BAD WATER ROAD,-116.85277504508672,36.44839990703532,1360.0,260,1500,Ahead,State,True,5.002308757888256,185
13628,9,120,,MNO,R,12.055,,NORTH  JCT. RTE 395,-119.11310757721509,37.9504300532352,1350.0,430,3850,Back,State,True,4.921502231799292,186
13626,9,120,,MNO,R,11.05,,OLD ROUTE 120 ROAD,-119.12313199065831,37.93966669390197,1350.0,430,4350,Ahead,State,True,4.921502231799292,186
13628,9,120,,MNO,R,12.055,,NORTH  JCT. RTE 395,-119.11310757721509,37.9504300532352,1350.0,430,4350,Ahead,State,True,4.921502231799292,186
13622,9,108,,MNO,,9.6,,CAMP CLOUDBURST U S M C,-119.53628594125811,38.350174384366014,1300.0,360,2550,Back,State,True,4.732953670925042,189
13914,9,6,,MNO,,32.29,,NEVADA STATE LINE,-118.43513620344953,37.90139106322345,1300.0,220,2150,Back,US,True,4.732953670925042,189
13616,9,108,,MNO,,0,,TUOLUMNE/MONO COUNTY LINE,-119.63719090785429,38.32792314665308,1300.0,400,3100,Ahead,State,True,4.732953670925042,189
13620,9,108,,MNO,,7.9,,LEAVITT MEADOWS,-119.55369570289274,38.332021384036565,1300.0,320,2550,Ahead,State,True,4.732953670925042,189
13698,9,168,,INY,,14.74,,OTEY ROAD,-118.45937312441254,37.35844395567715,1250.0,220,1700,Back,State,True,4.559796829305833,193
13698,9,168,,INY,,14.74,,OTEY ROAD,-118.45937312441254,37.35844395567715,1200.0,180,1600,Ahead,State,True,4.386639987686625,194
13738,9,190,,INY,,110.72,,FURNACE CREEK RANCH,-116.86519192006658,36.45710530104513,1200.0,320,1800,Ahead,State,True,4.386639987686625,194
13646,9,127,,INY,,41.99,,SOUTH OF STATELINE ROAD,-116.41447979101834,36.302427994024235,1150.0,180,1550,Ahead,State,True,4.194243496998615,196
13742,9,190,,INY,,140.692,,"DEATH VALLEY JUNCTION, JCT. RTE. 127",-116.41520925267346,36.3046332084416,1100.0,230,1550,Back,State,True,3.982607357241804,197
13732,9,182,,MNO,R,6.32,,BRIDGEPORT RESERVOIR,-119.2078370861704,38.34390241057725,1050.0,170,1550,Back,State,True,3.782515006926274,198
13740,9,190,,INY,,111.73,,BAD WATER ROAD,-116.85277504508672,36.44839990703532,1050.0,340,1500,Back,State,True,3.782515006926274,198
13752,9,190,,INY,,93.21,,SCOTTY'S CASTLE ROAD,-117.03614024694437,36.638999678489995,1030.0,190,1100,Back,State,True,3.6940126212097892,200
13640,9,127,,INY,,14.749,,"SHOSHONE, SOUTH JCT. RTE. 178 EAST",-116.2703953689131,35.972726112129955,1010.0,170,1350,Back,State,True,3.682468831768509,201
13754,9,190,,INY,,99.77,,BEATTY CUTOFF ROAD,-116.9433522641177,36.588020785753194,1010.0,340,1350,Back,State,True,3.682468831768509,201
13734,9,182,,MNO,,0,,"BRIDGEPORT, JCT. RTE. 395",-119.2231096434547,38.25513729223808,1000.0,170,1500,Ahead,State,True,3.6093581653070648,203
13754,9,190,,INY,,99.77,,BEATTY CUTOFF ROAD,-116.9433522641177,36.588020785753194,980.0,300,1600,Ahead,State,True,3.5093119901492997,204
13714,9,178,,INY,,62.186,,NEVADA STATE LINE,-116.10833108914109,36.16718796739224,950.0,150,1200,Back,State,True,3.4477451131291366,205
13712,9,178,,INY,,42.92,,JCT. RTE. 127,-116.27489872314541,35.99634356071118,950.0,150,1200,Ahead,State,True,3.4477451131291366,205
13630,9,120,,MNO,R,12.056,,JCT. RTE. 395,-119.11310371356106,37.950444201314546,900.0,330,3100,Back,State,True,3.286132060951208,207
13748,9,190,,INY,,85.83,,STOVEPIPE WELLS,-117.14752178679555,36.60586638061285,900.0,250,1200,Ahead,State,True,3.286132060951208,207
13912,9,6,,MNO,,25.715,,"BENTON STATION, JCT. RTE. 120 WEST",-118.47699311607816,37.81831642259975,900.0,100,1100,Ahead,US,True,3.286132060951208,207
13640,9,127,,INY,,14.749,,"SHOSHONE, SOUTH JCT. RTE. 178 EAST",-116.2703953689131,35.972726112129955,890.0,160,1200,Ahead,State,True,3.2284131137448053,210
13648,9,127,,INY,,42.149,,JCT. RTE. 190 WEST,-116.41520925267346,36.3046332084416,840.0,100,1050,Ahead,State,True,3.047560412498076,211
13752,9,190,,INY,,93.21,,SCOTTY'S CASTLE ROAD,-117.03614024694437,36.638999678489995,810.0,180,1250,Ahead,State,True,2.9282745882715098,212
13652,9,127,,INY,,6.51,,OLD SPANISH TRAIL HWY,-116.28684438055474,35.87137132443361,800.0,170,1050,Back,State,True,2.851315991996306,213
13638,9,127,,INY,,0,,SAN BERNARDINO/INYO COUNTY LINE,-116.34009330361178,35.79387466900382,800.0,170,1050,Ahead,State,True,2.851315991996306,213
13650,9,127,,INY,,49.42,,NEVADA STATE LINE,-116.42228627570317,36.408508573275,780.0,100,950,Back,State,True,2.7628136062798214,215
13652,9,127,,INY,,6.51,,OLD SPANISH TRAIL HWY,-116.28684438055474,35.87137132443361,770.0,130,1050,Ahead,State,True,2.7204863783284594,216
13748,9,190,,INY,,85.83,,STOVEPIPE WELLS,-117.14752178679555,36.60586638061285,670.0,120,810,Back,State,True,2.274126519932276,217
13746,9,190,,INY,,37.52,,DARWIN RD,-117.67194418025052,36.3181796244693,670.0,120,810,Ahead,State,True,2.274126519932276,217
13620,9,108,,MNO,,7.9,,LEAVITT MEADOWS,-119.55369570289274,38.332021384036565,620.0,110,620,Back,State,True,2.074034169616746,219
13696,9,168,,INY,R,3.278,,SOUTH LAKE ROAD,-118.57999371209502,37.25637599333256,620.0,170,1150,Ahead,State,True,2.074034169616746,219
13770,9,203,,MNO,L,0,,MINARET SUMMIT,-119.05785767033741,37.65396117623702,620.0,130,780,Ahead,State,True,2.074034169616746,219
13688,9,158,,MNO,,7.18,,SILVER LAKE CAMPGROUND,-119.12688459226494,37.78317297125048,570.0,140,950,Ahead,State,True,1.8277666615360937,222
13618,9,108,,MNO,,15.149,,"SONORA JUNCTION, JCT. RTE. 395",-119.45231980169538,38.34848666812768,530.0,180,1500,Back,State,True,1.681545328613206,223
13654,9,136,,INY,,0,,JCT. RTE. 395,-118.05757461741915,36.57928283379356,520.0,370,1450,Ahead,State,True,1.646913960289364,224
13656,9,136,,INY,,17.73,,JCT. RTE. 190,-117.82439237669004,36.43004117655166,480.0,360,1200,Back,State,True,1.5083884869939972,225
13644,9,127,,INY,,16.43,,NORTH JCT RTE 178 WEST,-116.27487380747269,35.9962983226288,450.0,80,720,Back,State,True,1.427581960905033,226
13794,9,270,,MNO,,9.805,,BODIE HISTORIC STATE PARK,-119.05286542148647,38.19214734188723,450.0,120,700,Back,State,True,1.427581960905033,226
13744,9,190,,INY,,24.55,,JCT. RTE. 136 NORTHWEST,-117.82439233177428,36.43004113824492,430.0,360,1150,Back,State,True,1.292904417423426,228
13746,9,190,,INY,,37.52,,DARWIN RD,-117.67194418025052,36.3181796244693,430.0,100,630,Back,State,True,1.292904417423426,228
13744,9,190,,INY,,24.55,,JCT. RTE. 136 NORTHWEST,-117.82439233177428,36.43004113824492,430.0,100,630,Ahead,State,True,1.292904417423426,228
13642,9,127,,INY,,16.249,,NORTH JCT. RTE. 178 WEST,-116.27365329344559,35.994087387658766,420.0,90,640,Back,State,True,1.250577189472064,231
13646,9,127,,INY,,41.99,,SOUTH OF STATELINE ROAD,-116.41447979101834,36.302427994024235,420.0,70,560,Back,State,True,1.250577189472064,231
13684,9,158,,MNO,,15.836,,"GRANT LAKE JUNCTION, NORTH JCT. RTE. 395",-119.09201132279222,37.89234170852295,410.0,150,1050,Back,State,True,1.2159458211482221,233
13636,9,120,,MNO,,58.99,,JCT. RTE. 6,-118.47700731844282,37.81830374217951,400.0,80,680,Back,State,True,1.1659227335693396,234
13696,9,168,,INY,R,3.278,,SOUTH LAKE ROAD,-118.57999371209502,37.25637599333256,400.0,90,500,Back,State,True,1.1659227335693396,234
13694,9,168,,INY,R,0,,LAKE SABRINA,-118.60653321545556,37.218289235064944,400.0,70,500,Ahead,State,True,1.1659227335693396,234
13918,9,89,,MNO,,7.596,,MONO/ALPINE COUNTY LINE,-119.5930752784618,38.680784081004,390.0,100,620,Back,State,True,1.131291365245498,237
13644,9,127,,INY,,16.43,,NORTH JCT RTE 178 WEST,-116.27487380747269,35.9962983226288,380.0,70,560,Ahead,State,True,1.0966599969216562,238
13750,9,190,,INY,,9.85,,"OLANCHA, JCT. RTE. 395",-118.00613319813854,36.2821971292767,360.0,70,460,Ahead,State,True,1.0389410497152534,239
13642,9,127,,INY,,16.249,,NORTH JCT. RTE. 178 WEST,-116.27365329344559,35.994087387658766,340.0,60,480,Ahead,State,True,0.9735262428813298,240
13732,9,182,,MNO,R,6.32,,BRIDGEPORT RESERVOIR,-119.2078370861704,38.34390241057725,300.0,80,640,Ahead,State,True,0.8350007695859628,241
13786,9,266,,MNO,,0,,NEVADA STATE LINE (SOUTH),-117.83959596222516,37.469432887974065,300.0,80,650,Ahead,State,True,0.8350007695859628,241
13736,9,182,,MNO,,12.651,,NEVADA STATE LINE,-119.16151924494369,38.417627045269036,290.0,70,600,Back,State,True,0.7464983838694783,243
13710,9,178,,INY,,28,,"DEATH VALLEY MONUMENT, SOUTH BOUNDARY",-116.49216673998275,35.9112153728115,250.0,50,400,Ahead,State,True,0.6579959981529937,244
13708,9,168,,MNO,,1.45,,"OASIS, JCT. RTE. 266 NORTH",-117.91205019950671,37.48679780662958,230.0,60,460,Back,State,True,0.6156687702016315,245
13690,9,167,,MNO,,0,,JCT. RTE. 395,-119.16079773427714,38.04530120591609,230.0,40,310,Ahead,State,True,0.6156687702016315,245
13916,9,89,,MNO,,0,,"SLINKARD JUNCTION, JCT. RTE. 395",-119.52760686364901,38.642662233947554,220.0,90,510,Ahead,State,True,0.565645682622749,247
13634,9,120,,MNO,,51.86,,BENTON CROSSING RD,-118.56863193895909,37.791877277180006,200.0,30,510,Back,State,True,0.49638294597506544,248
13630,9,120,,MNO,R,12.056,,JCT. RTE. 395,-119.11310371356106,37.950444201314546,200.0,30,510,Ahead,State,True,0.49638294597506544,248
13704,9,168,,INY,,54.699,,INYO/MONO COUNTY LINE,-117.91698895907238,37.4646440915578,180.0,40,240,Back,State,True,0.4348160689549022,250
13790,9,266,,MNO,,4.3,,JCT. RTE. 168,-117.91205019950671,37.48679780662958,180.0,40,330,Back,State,True,0.4348160689549022,250
13706,9,168,,MNO,,0,,INYO/MONO COUNTY LINE,-117.91698895907238,37.4646440915578,170.0,40,290,Ahead,State,True,0.3809450515622595,252
13790,9,266,,MNO,,4.3,,JCT. RTE. 168,-117.91205019950671,37.48679780662958,170.0,40,310,Ahead,State,True,0.3809450515622595,252
13788,9,266,,MNO,,11.721,,NEVADA STATE LINE (NORTH),-117.98279912895184,37.57405438065304,160.0,40,260,Back,State,True,0.3386178236108973,254
13634,9,120,,MNO,,51.86,,BENTON CROSSING RD,-118.56863193895909,37.791877277180006,130.0,50,410,Ahead,State,True,0.16930891180544866,255
13792,9,270,,MNO,,0,,JCT. RTE. 395,-119.19474372767932,38.17536319999518,120.0,80,430,Ahead,State,True,0.15391719255040787,256
13692,9,167,,MNO,,21.331,,NEVADA STATE LINE,-118.79763668573197,38.16055624323639,110.0,30,170,Back,State,True,0.1269816838540865,257
13712,9,178,,INY,,42.92,,JCT. RTE. 127,-116.27489872314541,35.99634356071118,70.0,30,180,Back,State,True,0.011543789441280592,258
